2 1 626 316 50 140 -1 -1 -1 -1 
3 1 626 316 50 140 -1 -1 -1 -1 
4 1 626 316 50 140 -1 -1 -1 -1 
5 1 627 316 48 140 -1 -1 -1 -1 
6 1 626 315 50 142 -1 -1 -1 -1 
6 2 587 390 53 116 -1 -1 -1 -1 
7 1 627 315 49 142 -1 -1 -1 -1 
7 2 590 392 49 114 -1 -1 -1 -1 
8 1 627 315 49 142 -1 -1 -1 -1 
8 2 590 393 47 112 -1 -1 -1 -1 
9 1 627 315 49 142 -1 -1 -1 -1 
9 2 590 393 49 112 -1 -1 -1 -1 
10 1 628 315 46 141 -1 -1 -1 -1 
10 2 590 393 48 112 -1 -1 -1 -1 
11 1 628 314 47 143 -1 -1 -1 -1 
11 2 587 393 53 111 -1 -1 -1 -1 
12 1 627 314 49 143 -1 -1 -1 -1 
12 2 589 396 49 108 -1 -1 -1 -1 
13 1 627 314 49 143 -1 -1 -1 -1 
13 2 590 397 47 106 -1 -1 -1 -1 
14 1 627 314 49 143 -1 -1 -1 -1 
14 2 590 395 49 108 -1 -1 -1 -1 
15 1 627 314 48 143 -1 -1 -1 -1 
15 2 590 395 49 108 -1 -1 -1 -1 
16 1 627 314 48 143 -1 -1 -1 -1 
16 2 590 395 49 108 -1 -1 -1 -1 
17 1 627 314 47 143 -1 -1 -1 -1 
17 2 590 395 50 108 -1 -1 -1 -1 
18 1 628 314 46 143 -1 -1 -1 -1 
18 2 589 395 51 109 -1 -1 -1 -1 
19 1 627 314 47 143 -1 -1 -1 -1 
19 2 591 396 48 107 -1 -1 -1 -1 
20 1 627 315 48 142 -1 -1 -1 -1 
20 2 588 396 51 108 -1 -1 -1 -1 
21 1 627 315 47 142 -1 -1 -1 -1 
21 2 588 396 51 108 -1 -1 -1 -1 
22 1 628 316 45 140 -1 -1 -1 -1 
23 1 627 316 47 141 -1 -1 -1 -1 
23 2 590 397 49 108 -1 -1 -1 -1 
24 1 628 317 45 139 -1 -1 -1 -1 
24 2 591 396 48 109 -1 -1 -1 -1 
25 1 626 316 48 140 -1 -1 -1 -1 
25 2 589 395 51 110 -1 -1 -1 -1 
26 1 626 317 47 138 -1 -1 -1 -1 
26 2 589 396 51 109 -1 -1 -1 -1 
27 1 626 317 47 138 -1 -1 -1 -1 
27 2 589 396 51 109 -1 -1 -1 -1 
28 1 626 317 48 139 -1 -1 -1 -1 
28 2 587 398 55 106 -1 -1 -1 -1 
29 1 625 317 49 139 -1 -1 -1 -1 
29 2 588 399 53 105 -1 -1 -1 -1 
30 1 625 318 48 137 -1 -1 -1 -1 
30 2 590 399 52 105 -1 -1 -1 -1 
31 1 626 318 48 137 -1 -1 -1 -1 
31 2 591 400 50 103 -1 -1 -1 -1 
32 1 626 318 48 137 -1 -1 -1 -1 
32 2 591 400 50 103 -1 -1 -1 -1 
33 1 626 318 48 137 -1 -1 -1 -1 
33 2 593 398 49 105 -1 -1 -1 -1 
34 1 626 318 47 137 -1 -1 -1 -1 
34 2 593 398 49 105 -1 -1 -1 -1 
35 1 625 318 49 138 -1 -1 -1 -1 
35 2 593 398 49 105 -1 -1 -1 -1 
36 1 624 319 51 138 -1 -1 -1 -1 
36 2 591 405 49 99 -1 -1 -1 -1 
37 1 623 319 54 139 -1 -1 -1 -1 
38 1 623 320 54 138 -1 -1 -1 -1 
38 2 591 407 49 97 -1 -1 -1 -1 
39 1 623 320 54 138 -1 -1 -1 -1 
39 2 591 408 49 96 -1 -1 -1 -1 
40 1 623 320 54 138 -1 -1 -1 -1 
41 2 594 418 41 83 -1 -1 -1 -1 
42 1 623 321 53 137 -1 -1 -1 -1 
42 2 594 416 41 84 -1 -1 -1 -1 
43 1 624 322 51 135 -1 -1 -1 -1 
43 2 594 416 41 84 -1 -1 -1 -1 
44 1 622 321 55 136 -1 -1 -1 -1 
44 2 594 418 41 83 -1 -1 -1 -1 
45 1 621 321 57 137 -1 -1 -1 -1 
45 2 594 418 41 84 -1 -1 -1 -1 
46 1 622 321 55 136 -1 -1 -1 -1 
46 2 594 418 41 83 -1 -1 -1 -1 
47 1 621 321 57 137 -1 -1 -1 -1 
47 2 594 419 41 82 -1 -1 -1 -1 
48 1 621 322 57 136 -1 -1 -1 -1 
48 2 594 419 41 83 -1 -1 -1 -1 
49 1 621 322 56 135 -1 -1 -1 -1 
49 2 593 422 41 79 -1 -1 -1 -1 
50 1 622 322 54 135 -1 -1 -1 -1 
50 2 594 423 39 77 -1 -1 -1 -1 
51 1 622 322 55 135 -1 -1 -1 -1 
51 2 594 423 39 77 -1 -1 -1 -1 
52 1 622 322 55 135 -1 -1 -1 -1 
52 2 594 422 41 77 -1 -1 -1 -1 
53 1 620 321 57 136 -1 -1 -1 -1 
53 2 594 422 41 77 -1 -1 -1 -1 
54 1 620 321 57 136 -1 -1 -1 -1 
54 2 594 421 41 78 -1 -1 -1 -1 
55 1 619 321 59 136 -1 -1 -1 -1 
55 2 593 421 43 79 -1 -1 -1 -1 
56 1 620 320 58 136 -1 -1 -1 -1 
60 1 625 320 51 135 -1 -1 -1 -1 
61 1 627 318 48 136 -1 -1 -1 -1 
61 3 587 398 53 105 -1 -1 -1 -1 
62 1 627 318 48 136 -1 -1 -1 -1 
62 3 586 397 55 107 -1 -1 -1 -1 
63 1 627 317 48 137 -1 -1 -1 -1 
63 3 585 397 55 107 -1 -1 -1 -1 
64 1 627 317 48 137 -1 -1 -1 -1 
64 3 586 397 55 107 -1 -1 -1 -1 
65 1 627 316 49 137 -1 -1 -1 -1 
66 1 627 315 49 138 -1 -1 -1 -1 
67 1 629 315 45 137 -1 -1 -1 -1 
67 2 586 392 53 113 -1 -1 -1 -1 
68 1 630 315 44 137 -1 -1 -1 -1 
68 2 585 390 55 116 -1 -1 -1 -1 
69 1 630 315 43 136 -1 -1 -1 -1 
69 2 585 395 55 111 -1 -1 -1 -1 
70 1 628 313 47 138 -1 -1 -1 -1 
70 2 583 393 55 113 -1 -1 -1 -1 
71 1 627 312 49 139 -1 -1 -1 -1 
71 2 583 393 55 113 -1 -1 -1 -1 
72 1 627 312 49 140 -1 -1 -1 -1 
72 2 583 393 55 113 -1 -1 -1 -1 
73 1 627 311 49 139 -1 -1 -1 -1 
73 2 584 392 55 114 -1 -1 -1 -1 
74 1 627 310 45 138 -1 -1 -1 -1 
74 2 586 387 51 119 -1 -1 -1 -1 
75 1 628 310 43 137 -1 -1 -1 -1 
75 2 585 386 53 121 -1 -1 -1 -1 
76 1 628 310 43 137 -1 -1 -1 -1 
76 2 585 386 53 121 -1 -1 -1 -1 
77 1 628 310 43 138 -1 -1 -1 -1 
77 2 585 386 52 120 -1 -1 -1 -1 
78 1 627 309 44 139 -1 -1 -1 -1 
78 2 585 386 52 120 -1 -1 -1 -1 
79 1 627 309 45 140 -1 -1 -1 -1 
79 2 585 386 52 120 -1 -1 -1 -1 
80 1 626 309 44 139 -1 -1 -1 -1 
80 2 585 384 51 121 -1 -1 -1 -1 
81 1 625 308 44 140 -1 -1 -1 -1 
81 2 584 383 53 123 -1 -1 -1 -1 
82 1 625 309 44 139 -1 -1 -1 -1 
82 2 585 382 53 124 -1 -1 -1 -1 
83 1 626 309 43 138 -1 -1 -1 -1 
83 2 585 382 53 124 -1 -1 -1 -1 
84 1 626 310 43 139 -1 -1 -1 -1 
84 2 585 382 53 124 -1 -1 -1 -1 
85 1 625 308 43 139 -1 -1 -1 -1 
85 2 586 379 51 128 -1 -1 -1 -1 
86 1 622 306 43 141 -1 -1 -1 -1 
86 2 585 377 53 130 -1 -1 -1 -1 
87 1 621 306 45 142 -1 -1 -1 -1 
87 2 585 382 51 122 -1 -1 -1 -1 
88 1 622 306 43 141 -1 -1 -1 -1 
88 2 586 379 51 127 -1 -1 -1 -1 
89 1 621 305 44 143 -1 -1 -1 -1 
89 2 586 378 51 128 -1 -1 -1 -1 
90 1 620 308 43 143 -1 -1 -1 -1 
90 2 586 381 50 123 -1 -1 -1 -1 
91 1 618 306 43 155 -1 -1 -1 -1 
92 1 617 305 45 155 -1 -1 -1 -1 
93 1 617 305 45 155 -1 -1 -1 -1 
93 2 586 381 51 123 -1 -1 -1 -1 
94 1 617 305 45 155 -1 -1 -1 -1 
94 2 586 381 51 123 -1 -1 -1 -1 
95 1 613 307 46 140 -1 -1 -1 -1 
96 1 613 308 46 138 -1 -1 -1 -1 
103 2 586 378 51 125 -1 -1 -1 -1 
103 3 615 329 23 27 -1 -1 -1 -1 
105 2 586 375 53 129 -1 -1 -1 -1 
106 2 586 374 53 130 -1 -1 -1 -1 
107 2 585 369 56 136 -1 -1 -1 -1 
108 2 585 368 56 137 -1 -1 -1 -1 
109 2 584 344 69 160 -1 -1 -1 -1 
110 2 584 341 70 163 -1 -1 -1 -1 
111 2 583 341 71 165 -1 -1 -1 -1 
112 2 584 365 59 141 -1 -1 -1 -1 
113 2 586 368 56 136 -1 -1 -1 -1 
114 2 585 368 57 136 -1 -1 -1 -1 
115 2 586 365 59 138 -1 -1 -1 -1 
116 2 585 370 61 134 -1 -1 -1 -1 
117 2 585 370 61 134 -1 -1 -1 -1 
118 2 586 371 59 132 -1 -1 -1 -1 
119 2 585 371 61 133 -1 -1 -1 -1 
120 2 586 371 59 132 -1 -1 -1 -1 
121 2 585 373 60 130 -1 -1 -1 -1 
122 2 586 374 58 128 -1 -1 -1 -1 
123 2 586 374 58 128 -1 -1 -1 -1 
124 2 586 374 58 129 -1 -1 -1 -1 
125 2 586 370 59 133 -1 -1 -1 -1 
126 2 586 370 59 133 -1 -1 -1 -1 
127 2 585 369 61 135 -1 -1 -1 -1 
128 2 585 369 61 135 -1 -1 -1 -1 
129 2 585 369 61 135 -1 -1 -1 -1 
130 2 586 368 58 135 -1 -1 -1 -1 
131 2 585 368 60 136 -1 -1 -1 -1 
132 2 585 368 60 136 -1 -1 -1 -1 
133 2 585 368 60 136 -1 -1 -1 -1 
134 2 585 369 60 135 -1 -1 -1 -1 
135 2 585 369 60 135 -1 -1 -1 -1 
136 2 585 371 61 132 -1 -1 -1 -1 
137 2 586 372 59 131 -1 -1 -1 -1 
138 2 586 373 59 130 -1 -1 -1 -1 
139 2 586 373 58 130 -1 -1 -1 -1 
140 2 586 374 58 128 -1 -1 -1 -1 
141 2 587 375 56 126 -1 -1 -1 -1 
142 2 586 375 57 126 -1 -1 -1 -1 
143 2 586 374 57 127 -1 -1 -1 -1 
144 2 585 374 59 128 -1 -1 -1 -1 
145 2 587 375 56 126 -1 -1 -1 -1 
146 2 586 372 57 129 -1 -1 -1 -1 
147 2 586 372 58 129 -1 -1 -1 -1 
148 2 585 371 60 130 -1 -1 -1 -1 
149 2 585 371 60 131 -1 -1 -1 -1 
150 2 585 372 60 130 -1 -1 -1 -1 
151 2 585 373 61 129 -1 -1 -1 -1 
152 2 586 374 59 127 -1 -1 -1 -1 
153 2 586 374 59 127 -1 -1 -1 -1 
154 2 586 374 59 127 -1 -1 -1 -1 
155 2 586 374 58 127 -1 -1 -1 -1 
156 2 586 374 57 127 -1 -1 -1 -1 
157 2 586 374 58 127 -1 -1 -1 -1 
158 2 586 374 58 127 -1 -1 -1 -1 
159 2 586 374 58 127 -1 -1 -1 -1 
160 2 586 373 57 128 -1 -1 -1 -1 
161 2 586 373 57 128 -1 -1 -1 -1 
162 2 586 372 57 129 -1 -1 -1 -1 
163 2 586 371 58 130 -1 -1 -1 -1 
164 2 586 370 58 131 -1 -1 -1 -1 
165 2 586 370 58 131 -1 -1 -1 -1 
166 2 585 369 60 133 -1 -1 -1 -1 
167 2 585 371 60 131 -1 -1 -1 -1 
168 2 585 371 60 131 -1 -1 -1 -1 
169 2 585 371 60 131 -1 -1 -1 -1 
170 2 585 371 61 131 -1 -1 -1 -1 
171 2 585 371 61 130 -1 -1 -1 -1 
172 2 586 372 59 129 -1 -1 -1 -1 
173 2 586 372 59 129 -1 -1 -1 -1 
174 2 585 372 61 130 -1 -1 -1 -1 
175 2 586 368 60 133 -1 -1 -1 -1 
199 1 606 308 55 183 -1 -1 -1 -1 
200 1 605 307 57 184 -1 -1 -1 -1 
201 1 605 308 57 182 -1 -1 -1 -1 
202 1 613 306 49 148 -1 -1 -1 -1 
203 1 614 307 48 146 -1 -1 -1 -1 
203 3 588 300 67 201 -1 -1 -1 -1 
204 1 614 308 48 147 -1 -1 -1 -1 
204 3 588 298 68 206 -1 -1 -1 -1 
205 1 614 306 49 151 -1 -1 -1 -1 
206 1 619 308 45 135 -1 -1 -1 -1 
207 1 620 309 43 133 -1 -1 -1 -1 
208 1 620 308 43 134 -1 -1 -1 -1 
209 1 620 309 43 133 -1 -1 -1 -1 
210 1 622 306 43 140 -1 -1 -1 -1 
211 1 623 306 46 142 -1 -1 -1 -1 
212 1 623 306 46 142 -1 -1 -1 -1 
213 1 623 306 46 142 -1 -1 -1 -1 
214 1 623 306 46 142 -1 -1 -1 -1 
215 1 623 307 50 142 -1 -1 -1 -1 
216 1 624 308 50 140 -1 -1 -1 -1 
217 1 625 311 51 138 -1 -1 -1 -1 
218 1 626 312 49 136 -1 -1 -1 -1 
219 1 626 312 49 136 -1 -1 -1 -1 
220 1 627 312 53 136 -1 -1 -1 -1 
221 1 627 313 53 135 -1 -1 -1 -1 
222 1 631 313 52 133 -1 -1 -1 -1 
223 1 632 314 50 131 -1 -1 -1 -1 
224 1 638 309 49 136 -1 -1 -1 -1 
224 2 587 366 57 136 -1 -1 -1 -1 
224 3 665 311 44 135 -1 -1 -1 -1 
225 1 638 309 50 136 -1 -1 -1 -1 
225 2 587 366 56 136 -1 -1 -1 -1 
225 3 666 311 41 134 -1 -1 -1 -1 
226 1 638 309 49 137 -1 -1 -1 -1 
226 2 588 366 55 135 -1 -1 -1 -1 
226 3 664 311 43 134 -1 -1 -1 -1 
227 1 639 306 50 138 -1 -1 -1 -1 
227 2 587 369 55 135 -1 -1 -1 -1 
228 1 640 305 50 138 -1 -1 -1 -1 
228 2 588 369 53 134 -1 -1 -1 -1 
229 1 646 305 56 140 -1 -1 -1 -1 
229 2 587 375 56 129 -1 -1 -1 -1 
230 1 646 304 57 142 -1 -1 -1 -1 
230 2 588 375 54 128 -1 -1 -1 -1 
231 1 646 304 57 142 -1 -1 -1 -1 
231 2 588 375 54 128 -1 -1 -1 -1 
232 1 648 305 56 141 -1 -1 -1 -1 
232 2 587 375 55 129 -1 -1 -1 -1 
233 1 649 305 55 141 -1 -1 -1 -1 
233 2 588 375 53 128 -1 -1 -1 -1 
234 1 650 305 54 141 -1 -1 -1 -1 
234 2 588 374 53 129 -1 -1 -1 -1 
235 1 653 306 55 140 -1 -1 -1 -1 
235 2 588 372 53 131 -1 -1 -1 -1 
236 1 655 307 55 139 -1 -1 -1 -1 
237 1 656 308 54 137 -1 -1 -1 -1 
237 2 588 370 54 133 -1 -1 -1 -1 
238 1 656 308 54 137 -1 -1 -1 -1 
238 2 587 369 56 134 -1 -1 -1 -1 
239 1 656 308 54 137 -1 -1 -1 -1 
239 2 587 369 56 134 -1 -1 -1 -1 
240 1 655 309 57 138 -1 -1 -1 -1 
241 1 653 309 63 139 -1 -1 -1 -1 
242 1 654 310 62 138 -1 -1 -1 -1 
243 1 654 310 62 137 -1 -1 -1 -1 
244 1 657 310 62 137 -1 -1 -1 -1 
245 1 657 309 63 138 -1 -1 -1 -1 
246 1 658 310 62 136 -1 -1 -1 -1 
247 1 667 307 55 138 -1 -1 -1 -1 
248 1 667 307 56 139 -1 -1 -1 -1 
249 1 669 307 53 139 -1 -1 -1 -1 
250 1 679 307 47 137 -1 -1 -1 -1 
251 1 684 305 47 139 -1 -1 -1 -1 
252 1 684 304 48 140 -1 -1 -1 -1 
253 1 684 304 47 141 -1 -1 -1 -1 
254 1 688 306 47 141 -1 -1 -1 -1 
255 1 688 305 48 143 -1 -1 -1 -1 
256 1 688 305 48 143 -1 -1 -1 -1 
257 1 689 304 49 141 -1 -1 -1 -1 
258 1 690 304 48 141 -1 -1 -1 -1 
259 1 690 303 49 137 -1 -1 -1 -1 
260 1 691 304 47 136 -1 -1 -1 -1 
261 1 690 304 49 136 -1 -1 -1 -1 
262 1 691 304 49 136 -1 -1 -1 -1 
263 1 692 305 47 134 -1 -1 -1 -1 
263 2 592 371 53 129 -1 -1 -1 -1 
264 1 692 305 47 134 -1 -1 -1 -1 
264 2 592 372 53 127 -1 -1 -1 -1 
265 1 693 307 47 130 -1 -1 -1 -1 
266 1 697 302 44 130 -1 -1 -1 -1 
267 1 698 302 43 129 -1 -1 -1 -1 
268 1 698 302 43 129 -1 -1 -1 -1 
269 1 698 302 43 129 -1 -1 -1 -1 
270 1 702 300 51 129 -1 -1 -1 -1 
