2 1 137 530 98 151 -1 -1 -1 -1 
2 2 727 281 43 105 -1 -1 -1 -1 
2 3 799 283 39 107 -1 -1 -1 -1 
2 4 290 422 55 124 -1 -1 -1 -1 
3 1 138 530 98 152 -1 -1 -1 -1 
3 2 728 282 41 103 -1 -1 -1 -1 
3 3 799 284 38 105 -1 -1 -1 -1 
3 4 289 421 57 126 -1 -1 -1 -1 
4 1 161 530 75 145 -1 -1 -1 -1 
4 2 728 281 42 103 -1 -1 -1 -1 
4 3 800 284 37 106 -1 -1 -1 -1 
4 4 289 422 57 124 -1 -1 -1 -1 
5 1 168 529 70 143 -1 -1 -1 -1 
5 2 729 280 42 102 -1 -1 -1 -1 
5 3 798 285 40 105 -1 -1 -1 -1 
5 4 289 422 51 118 -1 -1 -1 -1 
6 1 172 532 70 139 -1 -1 -1 -1 
6 2 730 280 41 101 -1 -1 -1 -1 
6 3 798 285 41 105 -1 -1 -1 -1 
6 4 291 424 54 122 -1 -1 -1 -1 
7 1 172 528 74 143 -1 -1 -1 -1 
7 2 729 279 43 101 -1 -1 -1 -1 
7 3 799 286 40 103 -1 -1 -1 -1 
7 4 291 423 54 122 -1 -1 -1 -1 
8 1 172 529 75 142 -1 -1 -1 -1 
8 2 730 280 41 99 -1 -1 -1 -1 
8 3 800 286 38 103 -1 -1 -1 -1 
8 4 291 424 54 122 -1 -1 -1 -1 
9 1 174 527 79 144 -1 -1 -1 -1 
9 2 730 280 41 99 -1 -1 -1 -1 
9 3 801 286 39 104 -1 -1 -1 -1 
9 4 291 423 54 122 -1 -1 -1 -1 
10 1 172 526 93 146 -1 -1 -1 -1 
10 2 731 279 41 99 -1 -1 -1 -1 
10 3 801 287 39 102 -1 -1 -1 -1 
10 4 290 423 55 123 -1 -1 -1 -1 
11 1 180 527 83 145 -1 -1 -1 -1 
11 2 732 279 39 100 -1 -1 -1 -1 
11 3 802 288 37 101 -1 -1 -1 -1 
11 4 290 423 55 123 -1 -1 -1 -1 
12 1 179 526 92 144 -1 -1 -1 -1 
12 2 731 279 41 100 -1 -1 -1 -1 
12 3 803 288 38 101 -1 -1 -1 -1 
12 4 290 422 55 124 -1 -1 -1 -1 
13 1 183 527 92 143 -1 -1 -1 -1 
13 2 733 277 40 101 -1 -1 -1 -1 
13 3 804 287 37 102 -1 -1 -1 -1 
13 4 289 421 51 119 -1 -1 -1 -1 
14 1 184 528 90 141 -1 -1 -1 -1 
14 2 733 277 40 101 -1 -1 -1 -1 
14 3 804 287 37 102 -1 -1 -1 -1 
14 4 289 422 51 117 -1 -1 -1 -1 
15 1 189 528 78 142 -1 -1 -1 -1 
15 2 734 276 39 102 -1 -1 -1 -1 
15 3 805 285 37 103 -1 -1 -1 -1 
15 4 289 423 50 113 -1 -1 -1 -1 
16 1 191 526 77 143 -1 -1 -1 -1 
16 2 733 275 41 102 -1 -1 -1 -1 
16 3 805 285 39 103 -1 -1 -1 -1 
16 4 289 423 50 112 -1 -1 -1 -1 
17 1 192 525 81 145 -1 -1 -1 -1 
17 2 733 275 41 102 -1 -1 -1 -1 
17 3 806 285 37 103 -1 -1 -1 -1 
17 4 290 424 48 111 -1 -1 -1 -1 
18 1 193 524 84 145 -1 -1 -1 -1 
18 2 734 274 39 101 -1 -1 -1 -1 
18 3 806 284 39 105 -1 -1 -1 -1 
18 4 290 424 48 111 -1 -1 -1 -1 
19 1 192 524 86 146 -1 -1 -1 -1 
19 2 734 274 39 101 -1 -1 -1 -1 
19 3 805 283 41 106 -1 -1 -1 -1 
19 4 290 423 48 111 -1 -1 -1 -1 
20 1 184 522 101 149 -1 -1 -1 -1 
20 2 734 271 39 103 -1 -1 -1 -1 
20 3 806 283 40 102 -1 -1 -1 -1 
20 4 290 424 47 109 -1 -1 -1 -1 
21 1 183 520 101 153 -1 -1 -1 -1 
21 2 733 271 41 104 -1 -1 -1 -1 
21 3 807 283 40 102 -1 -1 -1 -1 
21 4 290 423 48 112 -1 -1 -1 -1 
22 1 178 517 114 153 -1 -1 -1 -1 
22 2 733 271 41 104 -1 -1 -1 -1 
22 3 809 284 37 99 -1 -1 -1 -1 
22 4 290 423 49 112 -1 -1 -1 -1 
23 1 185 515 111 153 -1 -1 -1 -1 
23 2 733 272 41 103 -1 -1 -1 -1 
23 3 810 284 36 99 -1 -1 -1 -1 
23 4 290 423 48 112 -1 -1 -1 -1 
24 1 181 517 127 149 -1 -1 -1 -1 
24 2 733 272 43 102 -1 -1 -1 -1 
24 3 811 284 38 96 -1 -1 -1 -1 
24 4 290 423 49 115 -1 -1 -1 -1 
25 1 182 517 126 149 -1 -1 -1 -1 
25 2 734 273 41 100 -1 -1 -1 -1 
25 3 812 285 36 94 -1 -1 -1 -1 
25 4 290 423 49 115 -1 -1 -1 -1 
26 1 180 517 131 149 -1 -1 -1 -1 
26 2 734 273 41 100 -1 -1 -1 -1 
26 3 812 285 37 94 -1 -1 -1 -1 
26 4 290 423 49 115 -1 -1 -1 -1 
27 1 182 521 132 143 -1 -1 -1 -1 
27 2 734 273 41 100 -1 -1 -1 -1 
27 3 812 284 39 96 -1 -1 -1 -1 
27 4 289 422 51 116 -1 -1 -1 -1 
28 1 183 520 134 144 -1 -1 -1 -1 
28 2 733 273 43 101 -1 -1 -1 -1 
28 3 812 283 41 98 -1 -1 -1 -1 
29 1 182 524 135 143 -1 -1 -1 -1 
29 2 734 273 39 100 -1 -1 -1 -1 
29 3 813 283 40 99 -1 -1 -1 -1 
29 4 288 422 52 115 -1 -1 -1 -1 
30 1 186 521 130 144 -1 -1 -1 -1 
30 2 733 272 41 101 -1 -1 -1 -1 
30 3 813 282 42 101 -1 -1 -1 -1 
30 4 288 422 52 115 -1 -1 -1 -1 
31 1 183 520 135 145 -1 -1 -1 -1 
31 2 734 273 39 99 -1 -1 -1 -1 
31 3 813 282 42 101 -1 -1 -1 -1 
31 4 288 422 52 114 -1 -1 -1 -1 
32 1 187 523 131 144 -1 -1 -1 -1 
32 2 734 273 39 100 -1 -1 -1 -1 
32 3 814 281 42 102 -1 -1 -1 -1 
32 4 289 423 50 113 -1 -1 -1 -1 
33 1 188 523 132 144 -1 -1 -1 -1 
33 2 733 272 41 101 -1 -1 -1 -1 
33 3 815 280 43 103 -1 -1 -1 -1 
34 2 733 273 40 100 -1 -1 -1 -1 
34 3 817 281 43 102 -1 -1 -1 -1 
34 4 288 422 51 116 -1 -1 -1 -1 
35 1 215 522 108 141 -1 -1 -1 -1 
35 2 734 273 38 99 -1 -1 -1 -1 
35 3 818 280 44 102 -1 -1 -1 -1 
35 4 288 422 52 116 -1 -1 -1 -1 
36 1 216 523 107 139 -1 -1 -1 -1 
36 2 734 273 38 98 -1 -1 -1 -1 
36 3 818 280 44 102 -1 -1 -1 -1 
36 4 288 422 52 116 -1 -1 -1 -1 
37 1 220 524 103 140 -1 -1 -1 -1 
37 2 732 271 41 99 -1 -1 -1 -1 
37 3 820 280 43 102 -1 -1 -1 -1 
37 4 289 422 51 114 -1 -1 -1 -1 
38 1 223 523 101 141 -1 -1 -1 -1 
38 2 732 272 39 97 -1 -1 -1 -1 
38 3 822 281 42 101 -1 -1 -1 -1 
38 4 289 422 50 115 -1 -1 -1 -1 
39 1 227 522 97 142 -1 -1 -1 -1 
39 2 731 270 41 98 -1 -1 -1 -1 
39 3 825 281 39 99 -1 -1 -1 -1 
39 4 289 422 50 116 -1 -1 -1 -1 
40 1 227 521 99 143 -1 -1 -1 -1 
40 2 732 271 39 96 -1 -1 -1 -1 
40 3 825 281 39 99 -1 -1 -1 -1 
40 4 288 422 52 115 -1 -1 -1 -1 
41 1 229 522 96 144 -1 -1 -1 -1 
41 2 732 270 38 96 -1 -1 -1 -1 
41 3 828 281 38 97 -1 -1 -1 -1 
41 4 289 422 50 115 -1 -1 -1 -1 
42 1 230 522 98 145 -1 -1 -1 -1 
42 2 731 269 39 97 -1 -1 -1 -1 
42 3 829 280 38 96 -1 -1 -1 -1 
42 4 288 422 51 117 -1 -1 -1 -1 
43 1 234 523 97 144 -1 -1 -1 -1 
43 2 731 270 38 95 -1 -1 -1 -1 
43 3 831 280 36 94 -1 -1 -1 -1 
43 4 288 422 51 117 -1 -1 -1 -1 
44 1 239 525 94 143 -1 -1 -1 -1 
44 2 729 269 41 96 -1 -1 -1 -1 
44 3 831 282 37 92 -1 -1 -1 -1 
44 4 287 421 53 119 -1 -1 -1 -1 
45 1 242 525 92 141 -1 -1 -1 -1 
45 2 729 269 41 95 -1 -1 -1 -1 
45 3 834 282 35 91 -1 -1 -1 -1 
45 4 288 422 52 119 -1 -1 -1 -1 
46 1 244 526 91 140 -1 -1 -1 -1 
46 2 730 269 38 93 -1 -1 -1 -1 
46 3 836 282 33 91 -1 -1 -1 -1 
46 4 288 422 53 120 -1 -1 -1 -1 
47 1 247 526 87 139 -1 -1 -1 -1 
47 2 730 268 38 94 -1 -1 -1 -1 
47 3 840 282 33 91 -1 -1 -1 -1 
47 4 288 422 53 121 -1 -1 -1 -1 
48 1 247 525 87 139 -1 -1 -1 -1 
48 2 730 268 38 94 -1 -1 -1 -1 
48 3 840 285 34 88 -1 -1 -1 -1 
48 4 287 421 54 122 -1 -1 -1 -1 
49 1 248 526 85 141 -1 -1 -1 -1 
49 2 730 268 37 95 -1 -1 -1 -1 
49 3 842 284 33 90 -1 -1 -1 -1 
49 4 287 422 53 118 -1 -1 -1 -1 
50 1 247 524 88 143 -1 -1 -1 -1 
50 2 729 268 38 95 -1 -1 -1 -1 
50 3 842 288 36 85 -1 -1 -1 -1 
50 4 287 422 53 118 -1 -1 -1 -1 
50 5 694 264 30 95 -1 -1 -1 -1 
51 1 247 522 88 145 -1 -1 -1 -1 
51 2 728 267 39 96 -1 -1 -1 -1 
51 3 844 287 33 85 -1 -1 -1 -1 
51 4 287 422 52 117 -1 -1 -1 -1 
52 1 246 520 91 147 -1 -1 -1 -1 
52 2 729 266 37 97 -1 -1 -1 -1 
52 3 843 284 37 89 -1 -1 -1 -1 
52 4 287 422 51 114 -1 -1 -1 -1 
53 1 246 520 91 147 -1 -1 -1 -1 
53 2 728 265 38 98 -1 -1 -1 -1 
53 3 843 283 37 90 -1 -1 -1 -1 
53 4 287 422 51 114 -1 -1 -1 -1 
54 1 246 519 92 149 -1 -1 -1 -1 
54 2 728 266 38 98 -1 -1 -1 -1 
54 3 844 283 37 90 -1 -1 -1 -1 
54 4 287 422 51 112 -1 -1 -1 -1 
55 1 245 519 95 149 -1 -1 -1 -1 
55 2 729 267 37 97 -1 -1 -1 -1 
55 3 845 282 37 91 -1 -1 -1 -1 
55 4 288 423 49 111 -1 -1 -1 -1 
56 1 245 519 95 149 -1 -1 -1 -1 
56 2 730 268 35 97 -1 -1 -1 -1 
56 3 847 281 38 91 -1 -1 -1 -1 
56 4 288 423 51 114 -1 -1 -1 -1 
57 1 246 520 94 148 -1 -1 -1 -1 
57 2 730 268 34 97 -1 -1 -1 -1 
57 3 848 280 39 92 -1 -1 -1 -1 
57 4 288 423 51 114 -1 -1 -1 -1 
58 1 247 520 94 150 -1 -1 -1 -1 
58 2 730 269 34 95 -1 -1 -1 -1 
58 3 851 279 37 91 -1 -1 -1 -1 
58 4 288 423 52 114 -1 -1 -1 -1 
59 1 247 520 95 149 -1 -1 -1 -1 
59 2 731 269 32 95 -1 -1 -1 -1 
59 3 851 279 37 91 -1 -1 -1 -1 
59 4 287 422 53 115 -1 -1 -1 -1 
60 1 247 520 95 150 -1 -1 -1 -1 
60 2 731 269 32 95 -1 -1 -1 -1 
60 3 855 279 34 90 -1 -1 -1 -1 
60 4 287 422 53 115 -1 -1 -1 -1 
61 1 246 519 97 153 -1 -1 -1 -1 
61 2 730 269 33 95 -1 -1 -1 -1 
61 3 856 278 33 91 -1 -1 -1 -1 
61 4 288 423 52 114 -1 -1 -1 -1 
62 1 246 518 98 155 -1 -1 -1 -1 
62 2 730 269 33 95 -1 -1 -1 -1 
62 3 859 278 31 89 -1 -1 -1 -1 
62 4 288 423 52 114 -1 -1 -1 -1 
62 5 699 265 27 94 -1 -1 -1 -1 
63 1 248 518 96 155 -1 -1 -1 -1 
63 2 731 269 31 95 -1 -1 -1 -1 
63 3 861 277 31 89 -1 -1 -1 -1 
63 4 287 422 53 115 -1 -1 -1 -1 
63 5 700 267 26 91 -1 -1 -1 -1 
64 1 247 519 98 154 -1 -1 -1 -1 
64 2 731 270 31 94 -1 -1 -1 -1 
64 3 862 277 31 91 -1 -1 -1 -1 
64 4 288 422 52 115 -1 -1 -1 -1 
64 5 700 267 26 91 -1 -1 -1 -1 
65 1 247 519 98 154 -1 -1 -1 -1 
65 2 731 270 30 93 -1 -1 -1 -1 
65 3 862 277 31 92 -1 -1 -1 -1 
65 4 287 422 54 116 -1 -1 -1 -1 
65 5 701 268 24 89 -1 -1 -1 -1 
66 1 246 521 99 156 -1 -1 -1 -1 
66 2 730 270 32 94 -1 -1 -1 -1 
66 3 863 279 34 91 -1 -1 -1 -1 
66 4 288 422 53 115 -1 -1 -1 -1 
66 5 700 266 25 91 -1 -1 -1 -1 
67 1 245 522 101 157 -1 -1 -1 -1 
67 2 731 271 30 92 -1 -1 -1 -1 
67 3 865 279 33 91 -1 -1 -1 -1 
67 4 287 422 54 115 -1 -1 -1 -1 
68 1 246 523 100 156 -1 -1 -1 -1 
68 2 731 270 30 93 -1 -1 -1 -1 
68 4 287 422 54 115 -1 -1 -1 -1 
68 5 700 264 25 93 -1 -1 -1 -1 
69 1 247 523 99 157 -1 -1 -1 -1 
69 2 731 270 30 93 -1 -1 -1 -1 
69 4 287 422 53 114 -1 -1 -1 -1 
69 5 699 264 27 93 -1 -1 -1 -1 
70 1 249 525 98 157 -1 -1 -1 -1 
70 2 731 270 31 93 -1 -1 -1 -1 
70 3 866 283 35 85 -1 -1 -1 -1 
70 4 287 422 53 115 -1 -1 -1 -1 
70 5 699 265 27 92 -1 -1 -1 -1 
71 1 250 525 98 159 -1 -1 -1 -1 
71 2 731 271 31 92 -1 -1 -1 -1 
71 3 868 280 35 89 -1 -1 -1 -1 
71 4 287 422 53 115 -1 -1 -1 -1 
71 5 701 266 25 91 -1 -1 -1 -1 
72 1 250 526 97 159 -1 -1 -1 -1 
72 2 731 271 31 91 -1 -1 -1 -1 
72 3 869 277 36 92 -1 -1 -1 -1 
72 4 287 422 53 115 -1 -1 -1 -1 
72 5 702 267 25 91 -1 -1 -1 -1 
73 1 247 527 102 157 -1 -1 -1 -1 
73 2 732 272 29 89 -1 -1 -1 -1 
73 3 870 277 37 92 -1 -1 -1 -1 
73 4 286 422 55 115 -1 -1 -1 -1 
74 1 247 528 103 157 -1 -1 -1 -1 
74 2 732 272 29 89 -1 -1 -1 -1 
74 4 287 422 54 115 -1 -1 -1 -1 
74 5 701 269 27 89 -1 -1 -1 -1 
75 1 248 527 99 160 -1 -1 -1 -1 
75 2 732 272 29 89 -1 -1 -1 -1 
75 4 287 422 53 112 -1 -1 -1 -1 
75 5 702 266 27 93 -1 -1 -1 -1 
76 1 247 526 101 162 -1 -1 -1 -1 
76 2 731 272 29 89 -1 -1 -1 -1 
76 4 287 422 53 110 -1 -1 -1 -1 
76 5 700 266 29 93 -1 -1 -1 -1 
77 1 246 526 103 162 -1 -1 -1 -1 
77 2 731 272 29 89 -1 -1 -1 -1 
77 4 288 423 51 109 -1 -1 -1 -1 
77 5 701 266 29 93 -1 -1 -1 -1 
78 1 246 526 102 161 -1 -1 -1 -1 
78 2 730 272 31 89 -1 -1 -1 -1 
78 4 287 422 53 110 -1 -1 -1 -1 
78 5 700 265 29 95 -1 -1 -1 -1 
79 1 245 526 103 163 -1 -1 -1 -1 
79 2 729 271 32 90 -1 -1 -1 -1 
79 4 288 423 51 108 -1 -1 -1 -1 
79 5 697 264 31 91 -1 -1 -1 -1 
80 1 245 527 103 161 -1 -1 -1 -1 
80 2 731 272 31 90 -1 -1 -1 -1 
80 4 288 423 52 110 -1 -1 -1 -1 
81 1 245 528 103 161 -1 -1 -1 -1 
81 2 731 272 30 89 -1 -1 -1 -1 
81 4 288 423 52 111 -1 -1 -1 -1 
81 5 695 266 31 90 -1 -1 -1 -1 
82 1 243 529 105 159 -1 -1 -1 -1 
82 2 730 270 31 91 -1 -1 -1 -1 
82 4 287 422 53 112 -1 -1 -1 -1 
83 1 242 530 106 158 -1 -1 -1 -1 
83 2 731 270 31 92 -1 -1 -1 -1 
83 4 287 422 53 110 -1 -1 -1 -1 
83 5 695 268 34 89 -1 -1 -1 -1 
84 1 240 533 107 156 -1 -1 -1 -1 
84 2 731 272 31 90 -1 -1 -1 -1 
84 4 288 422 53 115 -1 -1 -1 -1 
84 5 694 269 35 89 -1 -1 -1 -1 
85 1 236 536 111 154 -1 -1 -1 -1 
85 2 734 273 27 90 -1 -1 -1 -1 
85 4 288 422 53 114 -1 -1 -1 -1 
85 5 695 269 32 89 -1 -1 -1 -1 
86 1 231 537 115 153 -1 -1 -1 -1 
86 2 734 272 29 91 -1 -1 -1 -1 
86 4 288 422 53 116 -1 -1 -1 -1 
87 1 230 537 116 153 -1 -1 -1 -1 
87 2 735 273 28 90 -1 -1 -1 -1 
87 4 288 422 54 117 -1 -1 -1 -1 
88 1 226 538 119 155 -1 -1 -1 -1 
88 2 734 272 30 91 -1 -1 -1 -1 
88 4 287 422 54 114 -1 -1 -1 -1 
89 1 224 539 121 155 -1 -1 -1 -1 
89 2 734 272 31 91 -1 -1 -1 -1 
90 1 221 534 124 163 -1 -1 -1 -1 
90 2 732 270 31 93 -1 -1 -1 -1 
90 4 287 422 54 112 -1 -1 -1 -1 
91 1 220 534 125 163 -1 -1 -1 -1 
91 2 732 270 31 93 -1 -1 -1 -1 
91 4 288 423 52 111 -1 -1 -1 -1 
92 1 221 534 123 165 -1 -1 -1 -1 
92 2 731 269 33 94 -1 -1 -1 -1 
93 1 220 535 124 165 -1 -1 -1 -1 
94 4 288 424 52 111 -1 -1 -1 -1 
95 4 288 424 52 111 -1 -1 -1 -1 
96 4 288 423 52 112 -1 -1 -1 -1 
97 4 288 423 52 112 -1 -1 -1 -1 
98 1 224 545 101 153 -1 -1 -1 -1 
98 4 288 423 52 112 -1 -1 -1 -1 
99 1 224 545 100 153 -1 -1 -1 -1 
99 4 288 424 53 110 -1 -1 -1 -1 
100 1 227 547 87 151 -1 -1 -1 -1 
100 4 289 424 51 111 -1 -1 -1 -1 
101 1 227 548 82 158 -1 -1 -1 -1 
101 4 289 424 51 111 -1 -1 -1 -1 
102 1 223 550 91 159 -1 -1 -1 -1 
102 4 289 424 51 112 -1 -1 -1 -1 
103 1 221 553 91 159 -1 -1 -1 -1 
103 2 730 270 30 98 -1 -1 -1 -1 
103 4 288 423 52 113 -1 -1 -1 -1 
103 5 719 272 21 89 -1 -1 -1 -1 
104 1 221 553 90 159 -1 -1 -1 -1 
104 2 729 269 31 100 -1 -1 -1 -1 
104 4 288 423 52 112 -1 -1 -1 -1 
104 5 720 272 20 90 -1 -1 -1 -1 
105 1 221 555 88 158 -1 -1 -1 -1 
105 2 729 269 30 100 -1 -1 -1 -1 
106 1 217 556 93 157 -1 -1 -1 -1 
106 4 288 423 52 112 -1 -1 -1 -1 
107 1 212 555 99 157 -1 -1 -1 -1 
107 4 288 423 52 110 -1 -1 -1 -1 
108 1 208 556 102 157 -1 -1 -1 -1 
108 4 289 424 50 109 -1 -1 -1 -1 
109 1 205 557 104 157 -1 -1 -1 -1 
109 2 725 272 33 101 -1 -1 -1 -1 
109 3 733 278 11 17 -1 -1 -1 -1 
109 4 289 423 50 111 -1 -1 -1 -1 
110 1 204 558 104 156 -1 -1 -1 -1 
110 2 724 272 35 102 -1 -1 -1 -1 
110 3 734 279 9 15 -1 -1 -1 -1 
110 4 289 423 50 111 -1 -1 -1 -1 
111 1 198 556 110 158 -1 -1 -1 -1 
111 2 725 273 35 101 -1 -1 -1 -1 
111 3 735 280 9 16 -1 -1 -1 -1 
111 4 288 423 52 112 -1 -1 -1 -1 
112 1 196 556 110 159 -1 -1 -1 -1 
112 2 725 275 35 101 -1 -1 -1 -1 
113 1 190 559 111 155 -1 -1 -1 -1 
113 2 725 276 35 100 -1 -1 -1 -1 
114 1 185 558 114 155 -1 -1 -1 -1 
114 4 287 422 55 117 -1 -1 -1 -1 
115 1 182 558 114 156 -1 -1 -1 -1 
115 2 723 276 35 99 -1 -1 -1 -1 
115 4 288 423 53 116 -1 -1 -1 -1 
115 5 725 274 11 18 -1 -1 -1 -1 
116 1 181 558 114 155 -1 -1 -1 -1 
116 2 723 276 35 99 -1 -1 -1 -1 
116 4 287 422 55 118 -1 -1 -1 -1 
116 5 725 275 10 16 -1 -1 -1 -1 
117 1 179 557 112 157 -1 -1 -1 -1 
117 2 724 277 33 98 -1 -1 -1 -1 
117 4 287 422 55 118 -1 -1 -1 -1 
117 5 726 275 9 16 -1 -1 -1 -1 
118 1 177 556 112 158 -1 -1 -1 -1 
118 2 724 277 33 98 -1 -1 -1 -1 
118 4 287 423 54 116 -1 -1 -1 -1 
118 5 726 275 9 16 -1 -1 -1 -1 
119 1 178 554 108 159 -1 -1 -1 -1 
119 2 724 276 33 99 -1 -1 -1 -1 
119 4 288 423 53 116 -1 -1 -1 -1 
119 5 726 275 9 16 -1 -1 -1 -1 
120 1 175 552 108 161 -1 -1 -1 -1 
120 2 722 277 38 99 -1 -1 -1 -1 
120 3 730 283 11 17 -1 -1 -1 -1 
120 4 288 423 53 117 -1 -1 -1 -1 
120 5 724 275 11 17 -1 -1 -1 -1 
121 1 173 550 108 163 -1 -1 -1 -1 
121 2 722 277 39 100 -1 -1 -1 -1 
121 3 729 284 11 16 -1 -1 -1 -1 
121 4 288 423 53 118 -1 -1 -1 -1 
122 1 171 549 110 165 -1 -1 -1 -1 
122 2 722 277 39 100 -1 -1 -1 -1 
122 4 287 422 55 120 -1 -1 -1 -1 
122 5 723 275 12 17 -1 -1 -1 -1 
123 1 171 549 110 165 -1 -1 -1 -1 
123 2 722 276 39 102 -1 -1 -1 -1 
123 4 288 423 54 117 -1 -1 -1 -1 
123 5 724 276 9 16 -1 -1 -1 -1 
124 1 174 553 103 161 -1 -1 -1 -1 
124 2 722 276 40 105 -1 -1 -1 -1 
124 3 732 284 9 17 -1 -1 -1 -1 
124 4 289 422 57 122 -1 -1 -1 -1 
124 5 723 275 12 17 -1 -1 -1 -1 
125 1 174 553 94 156 -1 -1 -1 -1 
125 2 725 276 38 107 -1 -1 -1 -1 
125 3 731 284 10 18 -1 -1 -1 -1 
125 4 288 423 54 118 -1 -1 -1 -1 
125 5 725 276 10 16 -1 -1 -1 -1 
126 1 172 553 93 155 -1 -1 -1 -1 
126 2 724 276 40 106 -1 -1 -1 -1 
126 4 288 423 54 116 -1 -1 -1 -1 
126 5 724 276 11 16 -1 -1 -1 -1 
126 6 898 270 36 78 -1 -1 -1 -1 
127 1 172 554 92 153 -1 -1 -1 -1 
127 2 723 276 41 106 -1 -1 -1 -1 
127 4 288 423 54 116 -1 -1 -1 -1 
127 5 724 275 11 17 -1 -1 -1 -1 
127 6 897 270 37 78 -1 -1 -1 -1 
128 1 173 554 90 153 -1 -1 -1 -1 
128 2 725 278 39 104 -1 -1 -1 -1 
128 3 726 280 11 19 -1 -1 -1 -1 
128 4 288 423 54 116 -1 -1 -1 -1 
128 5 724 276 11 17 -1 -1 -1 -1 
129 1 173 552 89 151 -1 -1 -1 -1 
129 2 726 278 37 105 -1 -1 -1 -1 
129 3 725 279 12 20 -1 -1 -1 -1 
129 4 288 423 54 115 -1 -1 -1 -1 
130 1 173 552 88 151 -1 -1 -1 -1 
130 2 727 278 36 106 -1 -1 -1 -1 
130 4 290 423 51 116 -1 -1 -1 -1 
130 5 725 275 11 18 -1 -1 -1 -1 
131 1 171 552 92 152 -1 -1 -1 -1 
131 2 728 277 35 109 -1 -1 -1 -1 
131 4 290 423 51 117 -1 -1 -1 -1 
132 1 171 551 90 153 -1 -1 -1 -1 
132 2 727 277 36 110 -1 -1 -1 -1 
132 4 290 424 51 117 -1 -1 -1 -1 
132 6 896 270 35 81 -1 -1 -1 -1 
133 1 172 551 88 151 -1 -1 -1 -1 
133 2 726 277 38 110 -1 -1 -1 -1 
133 4 290 423 52 119 -1 -1 -1 -1 
133 6 895 269 37 83 -1 -1 -1 -1 
134 1 171 550 89 150 -1 -1 -1 -1 
134 2 728 277 36 110 -1 -1 -1 -1 
134 4 289 423 53 117 -1 -1 -1 -1 
134 6 894 270 35 82 -1 -1 -1 -1 
135 1 169 552 92 153 -1 -1 -1 -1 
135 2 729 279 36 108 -1 -1 -1 -1 
135 4 289 423 53 117 -1 -1 -1 -1 
136 1 167 552 94 153 -1 -1 -1 -1 
136 2 730 279 35 108 -1 -1 -1 -1 
136 4 290 424 51 116 -1 -1 -1 -1 
136 5 740 288 11 19 -1 -1 -1 -1 
137 1 166 552 95 154 -1 -1 -1 -1 
137 2 730 279 36 108 -1 -1 -1 -1 
137 4 289 423 53 117 -1 -1 -1 -1 
138 1 166 552 92 155 -1 -1 -1 -1 
138 4 290 424 51 116 -1 -1 -1 -1 
139 1 165 552 92 155 -1 -1 -1 -1 
139 4 290 424 51 116 -1 -1 -1 -1 
140 1 165 553 91 154 -1 -1 -1 -1 
140 2 729 279 39 109 -1 -1 -1 -1 
140 4 290 424 57 122 -1 -1 -1 -1 
141 1 165 554 90 154 -1 -1 -1 -1 
141 2 730 280 38 108 -1 -1 -1 -1 
141 4 290 423 57 124 -1 -1 -1 -1 
142 1 166 555 90 153 -1 -1 -1 -1 
142 4 289 422 52 117 -1 -1 -1 -1 
143 1 165 556 91 152 -1 -1 -1 -1 
143 4 289 423 52 117 -1 -1 -1 -1 
144 1 166 556 91 153 -1 -1 -1 -1 
144 4 288 423 52 116 -1 -1 -1 -1 
145 1 165 556 90 153 -1 -1 -1 -1 
145 4 289 423 50 116 -1 -1 -1 -1 
146 1 165 556 88 151 -1 -1 -1 -1 
146 4 289 424 50 115 -1 -1 -1 -1 
147 1 165 557 88 150 -1 -1 -1 -1 
147 2 732 281 34 110 -1 -1 -1 -1 
147 4 289 424 54 121 -1 -1 -1 -1 
148 1 164 556 89 153 -1 -1 -1 -1 
148 2 733 283 32 109 -1 -1 -1 -1 
148 4 288 423 57 126 -1 -1 -1 -1 
149 1 162 556 83 154 -1 -1 -1 -1 
149 2 733 282 31 110 -1 -1 -1 -1 
149 4 287 422 58 127 -1 -1 -1 -1 
150 1 161 556 83 153 -1 -1 -1 -1 
150 2 733 281 31 112 -1 -1 -1 -1 
150 4 287 421 59 129 -1 -1 -1 -1 
151 1 160 555 84 155 -1 -1 -1 -1 
151 2 734 281 31 112 -1 -1 -1 -1 
151 4 286 423 56 124 -1 -1 -1 -1 
152 1 158 555 87 155 -1 -1 -1 -1 
152 2 733 280 32 115 -1 -1 -1 -1 
152 4 286 423 54 125 -1 -1 -1 -1 
153 1 157 555 88 154 -1 -1 -1 -1 
153 2 732 281 35 115 -1 -1 -1 -1 
153 4 285 425 54 121 -1 -1 -1 -1 
154 1 156 556 91 155 -1 -1 -1 -1 
154 2 732 280 34 115 -1 -1 -1 -1 
154 4 286 425 50 121 -1 -1 -1 -1 
155 1 156 555 90 157 -1 -1 -1 -1 
155 2 731 279 35 117 -1 -1 -1 -1 
155 4 286 426 50 121 -1 -1 -1 -1 
156 1 156 555 91 157 -1 -1 -1 -1 
156 2 731 281 37 114 -1 -1 -1 -1 
156 4 285 426 49 120 -1 -1 -1 -1 
156 6 873 282 37 90 -1 -1 -1 -1 
157 1 156 557 91 156 -1 -1 -1 -1 
157 2 729 284 40 111 -1 -1 -1 -1 
157 4 283 427 52 116 -1 -1 -1 -1 
157 6 872 283 35 94 -1 -1 -1 -1 
158 1 155 557 88 153 -1 -1 -1 -1 
158 2 727 285 43 110 -1 -1 -1 -1 
158 4 278 425 59 120 -1 -1 -1 -1 
158 6 868 282 39 100 -1 -1 -1 -1 
159 1 154 557 89 153 -1 -1 -1 -1 
159 2 729 285 41 109 -1 -1 -1 -1 
159 4 277 425 61 122 -1 -1 -1 -1 
159 6 866 284 39 103 -1 -1 -1 -1 
160 1 155 559 88 151 -1 -1 -1 -1 
160 2 730 284 38 110 -1 -1 -1 -1 
160 4 277 425 61 123 -1 -1 -1 -1 
160 6 864 285 41 104 -1 -1 -1 -1 
161 1 155 560 88 149 -1 -1 -1 -1 
161 2 729 283 39 111 -1 -1 -1 -1 
161 4 277 425 60 123 -1 -1 -1 -1 
161 6 863 284 43 107 -1 -1 -1 -1 
162 1 156 560 86 149 -1 -1 -1 -1 
162 2 728 284 41 110 -1 -1 -1 -1 
162 4 278 425 58 123 -1 -1 -1 -1 
163 1 155 560 88 149 -1 -1 -1 -1 
163 4 278 425 57 126 -1 -1 -1 -1 
163 6 861 285 39 107 -1 -1 -1 -1 
164 1 156 560 87 150 -1 -1 -1 -1 
164 4 278 425 58 128 -1 -1 -1 -1 
164 6 861 288 37 105 -1 -1 -1 -1 
165 1 155 559 90 151 -1 -1 -1 -1 
165 4 276 424 61 129 -1 -1 -1 -1 
165 6 859 287 37 106 -1 -1 -1 -1 
166 1 156 560 89 149 -1 -1 -1 -1 
166 4 273 425 65 131 -1 -1 -1 -1 
166 6 859 290 36 105 -1 -1 -1 -1 
167 1 155 560 89 149 -1 -1 -1 -1 
167 4 274 425 63 131 -1 -1 -1 -1 
167 6 859 290 36 105 -1 -1 -1 -1 
168 1 156 560 88 149 -1 -1 -1 -1 
168 4 273 426 65 131 -1 -1 -1 -1 
169 1 155 560 87 149 -1 -1 -1 -1 
169 4 272 426 65 133 -1 -1 -1 -1 
169 6 859 291 33 102 -1 -1 -1 -1 
170 1 154 560 89 149 -1 -1 -1 -1 
170 2 730 299 42 107 -1 -1 -1 -1 
170 4 272 427 64 132 -1 -1 -1 -1 
170 6 857 290 35 103 -1 -1 -1 -1 
171 1 154 559 90 151 -1 -1 -1 -1 
171 2 731 296 41 111 -1 -1 -1 -1 
171 4 272 426 65 135 -1 -1 -1 -1 
171 6 856 288 35 105 -1 -1 -1 -1 
172 1 153 560 91 151 -1 -1 -1 -1 
172 2 731 296 40 111 -1 -1 -1 -1 
172 4 271 426 66 137 -1 -1 -1 -1 
172 6 855 288 34 106 -1 -1 -1 -1 
173 1 153 560 90 151 -1 -1 -1 -1 
173 2 731 296 40 112 -1 -1 -1 -1 
173 4 271 426 66 137 -1 -1 -1 -1 
173 6 855 287 34 107 -1 -1 -1 -1 
174 1 154 558 88 151 -1 -1 -1 -1 
174 2 730 297 43 111 -1 -1 -1 -1 
174 4 272 427 64 136 -1 -1 -1 -1 
174 6 854 286 33 107 -1 -1 -1 -1 
175 1 152 556 90 153 -1 -1 -1 -1 
175 2 729 298 45 110 -1 -1 -1 -1 
175 4 272 428 63 143 -1 -1 -1 -1 
175 6 854 285 34 109 -1 -1 -1 -1 
176 1 151 554 97 155 -1 -1 -1 -1 
176 2 729 302 45 106 -1 -1 -1 -1 
176 4 269 428 66 137 -1 -1 -1 -1 
176 6 852 286 36 111 -1 -1 -1 -1 
177 1 151 557 100 153 -1 -1 -1 -1 
177 2 727 306 50 101 -1 -1 -1 -1 
177 4 270 429 64 133 -1 -1 -1 -1 
177 6 851 285 37 113 -1 -1 -1 -1 
178 1 151 557 101 153 -1 -1 -1 -1 
178 2 727 307 50 99 -1 -1 -1 -1 
178 4 270 429 64 133 -1 -1 -1 -1 
178 6 851 285 37 113 -1 -1 -1 -1 
179 1 151 559 99 150 -1 -1 -1 -1 
179 2 727 309 50 97 -1 -1 -1 -1 
179 4 269 430 63 130 -1 -1 -1 -1 
180 1 151 559 100 150 -1 -1 -1 -1 
181 6 848 285 37 117 -1 -1 -1 -1 
182 6 847 285 37 117 -1 -1 -1 -1 
183 6 846 289 37 113 -1 -1 -1 -1 
184 6 846 289 37 113 -1 -1 -1 -1 
185 6 843 297 39 105 -1 -1 -1 -1 
186 6 839 296 43 108 -1 -1 -1 -1 
193 4 237 460 97 120 -1 -1 -1 -1 
194 4 242 461 89 115 -1 -1 -1 -1 
194 6 832 315 59 90 -1 -1 -1 -1 
195 4 241 462 89 114 -1 -1 -1 -1 
195 6 833 317 57 87 -1 -1 -1 -1 
196 4 240 464 90 112 -1 -1 -1 -1 
197 6 836 320 59 86 -1 -1 -1 -1 
198 1 103 579 100 133 -1 -1 -1 -1 
198 4 243 464 86 108 -1 -1 -1 -1 
198 6 838 317 59 89 -1 -1 -1 -1 
199 1 100 578 96 133 -1 -1 -1 -1 
199 4 248 464 84 125 -1 -1 -1 -1 
200 1 97 579 95 132 -1 -1 -1 -1 
201 4 247 465 86 130 -1 -1 -1 -1 
202 1 94 574 93 139 -1 -1 -1 -1 
202 4 248 463 83 132 -1 -1 -1 -1 
203 1 91 574 92 139 -1 -1 -1 -1 
203 4 248 462 84 135 -1 -1 -1 -1 
205 1 81 577 105 137 -1 -1 -1 -1 
206 1 80 578 105 136 -1 -1 -1 -1 
207 1 79 578 106 135 -1 -1 -1 -1 
208 1 76 577 110 136 -1 -1 -1 -1 
219 1 67 571 111 141 -1 -1 -1 -1 
219 3 244 554 68 59 -1 -1 -1 -1 
222 4 227 560 88 112 -1 -1 -1 -1 
225 1 56 578 107 134 -1 -1 -1 -1 
225 4 224 562 84 98 -1 -1 -1 -1 
227 4 215 571 93 110 -1 -1 -1 -1 
230 2 788 494 76 111 -1 -1 -1 -1 
232 1 36 610 123 109 -1 -1 -1 -1 
232 4 194 602 110 117 -1 -1 -1 -1 
233 1 37 621 121 98 -1 -1 -1 -1 
233 4 190 611 115 108 -1 -1 -1 -1 
234 1 35 625 119 94 -1 -1 -1 -1 
234 2 788 551 71 88 -1 -1 -1 -1 
235 2 789 554 68 83 -1 -1 -1 -1 
236 1 13 624 138 93 -1 -1 -1 -1 
236 2 790 564 68 81 -1 -1 -1 -1 
237 1 10 627 136 91 -1 -1 -1 -1 
238 3 168 641 122 75 -1 -1 -1 -1 
239 3 160 648 128 71 -1 -1 -1 -1 
239 4 177 661 94 55 -1 -1 -1 -1 
240 4 154 664 121 50 -1 -1 -1 -1 
240 5 17 648 110 71 -1 -1 -1 -1 
241 4 155 664 119 51 -1 -1 -1 -1 
241 5 19 649 107 69 -1 -1 -1 -1 
