1 0.423438 0.234375 0.125000 0.131250
1 0.665625 0.216406 0.115625 0.123438
1 0.224219 0.272656 0.142187 0.132812
1 0.085156 0.171094 0.064063 0.051563
1 0.027344 0.181250 0.051563 0.059375
1 0.181250 0.156250 0.056250 0.046875
1 0.928906 0.176563 0.098438 0.090625
1 0.973438 0.209375 0.053125 0.081250
1 0.557031 0.185938 0.064063 0.075000
1 0.614844 0.176563 0.060938 0.050000
1 0.295313 0.153125 0.050000 0.046875
1 0.256250 0.167188 0.059375 0.046875
1 0.271094 0.193750 0.067187 0.062500
1 0.029688 0.264063 0.056250 0.109375
0 0.352344 0.263281 0.089063 0.076563
0 0.807813 0.217969 0.178125 0.173438
0 0.103125 0.237500 0.100000 0.100000
0 0.607813 0.228125 0.068750 0.078125
