1 0.364063 0.845313 0.078125 0.112500
1 0.630469 0.841406 0.070312 0.129688
1 0.915625 0.829688 0.078125 0.112500
1 0.968750 0.688281 0.043750 0.060938
1 0.855469 0.756250 0.064063 0.087500
1 0.789844 0.729688 0.057813 0.075000
1 0.732813 0.726562 0.046875 0.062500
1 0.593750 0.732813 0.050000 0.071875
1 0.423438 0.770313 0.059375 0.087500
1 0.201563 0.778906 0.065625 0.079688
1 0.109375 0.853906 0.081250 0.107813
1 0.116406 0.676563 0.035938 0.056250
1 0.062500 0.691406 0.037500 0.057813
1 0.268750 0.657813 0.031250 0.053125
1 0.311719 0.725781 0.039062 0.064063
1 0.341406 0.714063 0.039062 0.062500
1 0.917969 0.683594 0.035938 0.051563
1 0.832031 0.649219 0.026563 0.042188
1 0.808594 0.641406 0.023438 0.032813
1 0.874219 0.645313 0.023438 0.037500
1 0.564844 0.665625 0.029688 0.043750
1 0.267969 0.767188 0.054688 0.078125
1 0.407031 0.654688 0.023438 0.031250
1 0.611719 0.653906 0.023438 0.032813
1 0.472656 0.633594 0.020313 0.026563
1 0.544531 0.660938 0.020313 0.037500
1 0.537500 0.630469 0.025000 0.029688
1 0.332031 0.625781 0.017188 0.026563
1 0.317188 0.617188 0.015625 0.025000
1 0.367188 0.692969 0.034375 0.045313
1 0.678125 0.678125 0.031250 0.043750
1 0.702344 0.710938 0.032813 0.046875
