1 0.534375 0.576562 0.034375 0.056250
0 0.648438 0.576562 0.034375 0.056250
0 0.495313 0.708594 0.028125 0.051563
1 0.494531 0.671094 0.029688 0.048438
0 0.477344 0.517969 0.023438 0.048438
0 0.559375 0.444531 0.021875 0.045313
0 0.810938 0.133594 0.018750 0.029688
0 0.697656 0.159375 0.014063 0.028125
0 0.673438 0.158594 0.015625 0.029688
0 0.664062 0.135156 0.015625 0.026563
0 0.707813 0.148438 0.012500 0.025000
0 0.735156 0.195312 0.014063 0.028125
0 0.721875 0.200000 0.012500 0.025000
0 0.588281 0.210156 0.014063 0.020313
0 0.575781 0.205469 0.010938 0.023438
0 0.561719 0.205469 0.010938 0.023438
0 0.522656 0.203906 0.014063 0.026563
0 0.508594 0.217969 0.014063 0.023438
0 0.483594 0.240625 0.014063 0.021875
0 0.485938 0.214844 0.015625 0.023438
0 0.456250 0.174219 0.015625 0.032813
0 0.466406 0.167969 0.014063 0.026563
1 0.415625 0.147656 0.021875 0.039062
0 0.306250 0.138281 0.009375 0.020313
0 0.377344 0.201563 0.014063 0.028125
0 0.490625 0.178906 0.015625 0.023438
0 0.481250 0.187500 0.012500 0.025000
0 0.573438 0.135156 0.012500 0.020313
0 0.573438 0.117188 0.012500 0.021875
0 0.644531 0.189063 0.014063 0.028125
0 0.267188 0.058594 0.015625 0.029688
