1 0.259375 0.269531 0.043750 0.117188
1 0.325781 0.263281 0.039062 0.114063
1 0.381250 0.517188 0.040625 0.112500
1 0.469531 0.489844 0.039062 0.114063
1 0.541406 0.481250 0.042188 0.112500
1 0.394531 0.265625 0.039062 0.109375
1 0.455469 0.263281 0.035938 0.114063
1 0.543750 0.244531 0.040625 0.114063
1 0.612500 0.267188 0.037500 0.121875
1 0.668750 0.222656 0.034375 0.095313
1 0.756250 0.189844 0.037500 0.104688
0 0.178125 0.558594 0.043750 0.123438
0 0.071094 0.269531 0.042188 0.117188
0 0.177344 0.292187 0.042188 0.118750
0 0.836719 0.203906 0.035938 0.095313
0 0.922656 0.189063 0.039062 0.109375
