1 0.227344 0.295313 0.051563 0.109375
0 0.376563 0.360938 0.084375 0.159375
0 0.187500 0.207031 0.087500 0.176563
0 0.058594 0.305469 0.057813 0.104688
0 0.118750 0.357813 0.140625 0.193750
0 0.308594 0.360938 0.042188 0.078125
0 0.427344 0.337500 0.042188 0.078125
0 0.494531 0.367969 0.057813 0.085938
0 0.561719 0.292187 0.073438 0.153125
0 0.735938 0.267969 0.096875 0.185938
0 0.803125 0.246094 0.065625 0.126562
0 0.949219 0.248438 0.076563 0.115625
0 0.958594 0.340625 0.082813 0.150000
0 0.984375 0.374219 0.031250 0.179688
