1 0.591406 0.498438 0.029688 0.062500
1 0.539844 0.491406 0.029688 0.060938
1 0.490625 0.496094 0.031250 0.060938
1 0.284375 0.318750 0.025000 0.053125
1 0.337500 0.326563 0.025000 0.059375
1 0.337500 0.507031 0.031250 0.057813
1 0.385938 0.493750 0.028125 0.059375
1 0.438281 0.486719 0.029688 0.060938
1 0.493750 0.401563 0.025000 0.053125
1 0.530469 0.327344 0.026563 0.045313
1 0.571094 0.335938 0.023438 0.050000
1 0.623438 0.327344 0.025000 0.051563
1 0.670313 0.346875 0.025000 0.050000
1 0.667969 0.309375 0.026563 0.037500
1 0.492188 0.332031 0.025000 0.045313
1 0.366406 0.327344 0.026563 0.051563
1 0.394531 0.314844 0.026563 0.051563
1 0.425000 0.316406 0.025000 0.054688
1 0.456250 0.323438 0.028125 0.056250
1 0.264844 0.301563 0.026563 0.056250
1 0.643750 0.354688 0.025000 0.056250
1 0.307813 0.310938 0.025000 0.043750
