1 0.250000 0.512500 0.037500 0.053125
1 0.281250 0.487500 0.043750 0.062500
1 0.335156 0.497656 0.032813 0.057813
1 0.388281 0.502344 0.039062 0.073438
1 0.411719 0.519531 0.029688 0.054688
1 0.440625 0.525781 0.028125 0.051563
1 0.482031 0.496094 0.035938 0.064063
1 0.514062 0.495313 0.031250 0.056250
1 0.570312 0.521094 0.040625 0.060938
1 0.585938 0.511719 0.021875 0.051563
1 0.661719 0.519531 0.039062 0.064063
1 0.720313 0.510156 0.037500 0.060938
1 0.750000 0.547656 0.028125 0.045313
1 0.803906 0.525000 0.039062 0.053125
1 0.823438 0.560156 0.018750 0.042188
1 0.861719 0.549219 0.039062 0.057813
1 0.903125 0.545312 0.040625 0.056250
1 0.957031 0.550781 0.035938 0.045313
1 0.982031 0.555469 0.026563 0.057813
