1 0.312500 0.425000 0.100000 0.137500
1 0.317188 0.312500 0.071875 0.087500
0 0.596094 0.441406 0.085938 0.120313
0 0.726562 0.497656 0.143750 0.220313
0 0.791406 0.395313 0.045313 0.078125
0 0.900000 0.441406 0.062500 0.095313
0 0.663281 0.383594 0.039062 0.060938
0 0.634375 0.351562 0.031250 0.043750
0 0.621094 0.367969 0.023438 0.042188
0 0.539062 0.374219 0.053125 0.092188
0 0.489844 0.360938 0.045313 0.078125
0 0.447656 0.354688 0.039062 0.062500
0 0.391406 0.332031 0.032813 0.051563
0 0.413281 0.638281 0.173438 0.214063
