1 0.489844 0.282031 0.067187 0.142187
1 0.620313 0.283594 0.065625 0.132812
1 0.912500 0.299219 0.078125 0.139063
1 0.295313 0.289844 0.068750 0.132812
1 0.761719 0.333594 0.060938 0.104688
1 0.440625 0.325781 0.050000 0.095313
1 0.108594 0.343750 0.039062 0.103125
1 0.845313 0.348438 0.050000 0.081250
1 0.548438 0.354688 0.050000 0.100000
1 0.218750 0.351562 0.050000 0.100000
1 0.147656 0.375000 0.039062 0.078125
1 0.081250 0.357031 0.028125 0.098438
1 0.672656 0.328906 0.045313 0.120313
1 0.796875 0.356250 0.037500 0.096875
