1 0.460156 0.546875 0.123438 0.187500
1 0.361719 0.548438 0.092188 0.137500
1 0.061719 0.600000 0.114063 0.178125
1 0.103906 0.514844 0.076563 0.117188
1 0.894531 0.514844 0.085938 0.132812
1 0.751563 0.494531 0.065625 0.101562
1 0.716406 0.454688 0.042188 0.075000
1 0.663281 0.467969 0.057813 0.085938
1 0.617188 0.463281 0.050000 0.085938
1 0.566406 0.457031 0.042188 0.054688
1 0.169531 0.385938 0.042188 0.062500
1 0.427344 0.407813 0.029688 0.043750
1 0.460156 0.430469 0.029688 0.054688
1 0.491406 0.432031 0.026563 0.039062
1 0.519531 0.434375 0.035938 0.043750
1 0.394531 0.408594 0.020313 0.035938
1 0.514844 0.372656 0.020313 0.026563
1 0.463281 0.365625 0.017188 0.021875
0 0.577344 0.345313 0.023438 0.043750
0 0.792188 0.481250 0.053125 0.084375
0 0.530469 0.257031 0.023438 0.026563
