1 0.057813 0.542969 0.037500 0.064063
1 0.139063 0.575000 0.040625 0.068750
1 0.425781 0.548438 0.039062 0.062500
1 0.497656 0.551563 0.035938 0.050000
1 0.583594 0.533594 0.035938 0.042188
1 0.645313 0.534375 0.037500 0.062500
1 0.708594 0.533594 0.039062 0.057813
0 0.473438 0.584375 0.046875 0.071875
0 0.387500 0.560156 0.046875 0.064063
0 0.364063 0.541406 0.031250 0.048438
0 0.337500 0.553125 0.021875 0.050000
0 0.313281 0.560937 0.032813 0.056250
0 0.230469 0.567188 0.029688 0.050000
0 0.223438 0.529687 0.028125 0.040625
0 0.176563 0.579688 0.031250 0.046875
0 0.967969 0.526563 0.026563 0.050000
0 0.592187 0.573438 0.037500 0.059375
