1 0.417188 0.530469 0.034375 0.054688
1 0.732031 0.562500 0.042188 0.062500
0 0.356250 0.508594 0.034375 0.060938
0 0.130469 0.593750 0.039062 0.056250
0 0.051563 0.580469 0.037500 0.060938
0 0.025781 0.512500 0.048438 0.090625
0 0.221094 0.546875 0.057813 0.093750
0 0.425781 0.563281 0.039062 0.057813
0 0.518750 0.545312 0.025000 0.046875
1 0.546094 0.564844 0.035938 0.051563
0 0.685938 0.539844 0.046875 0.064063
0 0.720313 0.521875 0.021875 0.037500
0 0.610156 0.539844 0.029688 0.057813
0 0.780469 0.539062 0.051563 0.078125
0 0.850781 0.530469 0.035938 0.060938
0 0.923438 0.570312 0.046875 0.062500
