1 0.264844 0.512500 0.070312 0.096875
1 0.106250 0.521094 0.021875 0.032813
1 0.030469 0.510938 0.017188 0.025000
1 0.044531 0.528906 0.014063 0.023438
1 0.152344 0.526563 0.007812 0.012500
1 0.174219 0.520313 0.007812 0.012500
1 0.193750 0.521875 0.009375 0.012500
1 0.987500 0.542969 0.015625 0.023438
0 0.325781 0.517969 0.020313 0.029688
0 0.449219 0.510156 0.020313 0.032813
0 0.484375 0.513281 0.018750 0.026563
0 0.511719 0.548438 0.017188 0.028125
0 0.539844 0.521094 0.020313 0.035938
0 0.614844 0.542969 0.023438 0.039062
0 0.625781 0.527344 0.020313 0.026563
0 0.602344 0.519531 0.017188 0.026563
