1 0.085938 0.129688 0.062500 0.096875
1 0.407031 0.521875 0.045313 0.071875
1 0.717188 0.704688 0.050000 0.112500
1 0.585938 0.512500 0.037500 0.053125
1 0.546875 0.478906 0.040625 0.067187
1 0.112500 0.298438 0.053125 0.090625
1 0.442969 0.289062 0.042188 0.071875
1 0.714063 0.386719 0.050000 0.070312
1 0.653125 0.215625 0.037500 0.075000
1 0.148438 0.136719 0.037500 0.067187
1 0.592969 0.196875 0.032813 0.053125
1 0.721875 0.163281 0.025000 0.067187
1 0.695312 0.228906 0.037500 0.070312
1 0.178906 0.183594 0.035938 0.064063
1 0.403906 0.396094 0.039062 0.060938
1 0.353906 0.418750 0.029688 0.059375
1 0.416406 0.247656 0.029688 0.048438
1 0.380469 0.421094 0.032813 0.064063
