1 0.441406 0.307031 0.120313 0.214063
1 0.601562 0.347656 0.084375 0.151563
1 0.808594 0.268750 0.085938 0.171875
1 0.085938 0.379688 0.100000 0.178125
1 0.208594 0.371875 0.092188 0.175000
1 0.740625 0.252344 0.115625 0.210938
1 0.532813 0.371875 0.065625 0.115625
1 0.379688 0.332813 0.087500 0.175000
1 0.928906 0.097656 0.142187 0.185938
0 0.074219 0.647656 0.139063 0.689063
0 0.220313 0.642969 0.146875 0.698438
0 0.353125 0.626563 0.134375 0.743750
0 0.440625 0.607031 0.321875 0.782813
0 0.631250 0.638281 0.125000 0.720313
0 0.781250 0.578125 0.221875 0.840625
0 0.928906 0.501563 0.142187 0.993750
