1 0.579688 0.385938 0.021875 0.040625
1 0.615625 0.403906 0.021875 0.026563
1 0.489063 0.312500 0.021875 0.034375
1 0.443750 0.204688 0.025000 0.040625
1 0.388281 0.347656 0.017188 0.035938
1 0.354688 0.271094 0.021875 0.035938
1 0.305469 0.307031 0.023438 0.032813
1 0.203906 0.301563 0.023438 0.028125
1 0.279688 0.328125 0.025000 0.037500
1 0.164844 0.332031 0.026563 0.032813
1 0.130469 0.340625 0.026563 0.040625
1 0.177344 0.320312 0.020313 0.031250
0 0.350781 0.559375 0.085938 0.128125
0 0.258594 0.559375 0.092188 0.156250
0 0.143750 0.510156 0.103125 0.185938
0 0.426563 0.560937 0.090625 0.153125
0 0.491406 0.590625 0.085938 0.137500
0 0.558594 0.491406 0.082813 0.110938
0 0.591406 0.535938 0.089063 0.146875
0 0.752344 0.491406 0.098438 0.157813
0 0.875781 0.567969 0.095313 0.110938
0 0.802344 0.505469 0.070312 0.157813
