1 0.495313 0.232813 0.078125 0.125000
1 0.877344 0.179688 0.110938 0.150000
1 0.735938 0.332813 0.053125 0.090625
1 0.657031 0.314063 0.048438 0.078125
1 0.637500 0.360938 0.065625 0.100000
1 0.690625 0.339063 0.031250 0.062500
0 0.531250 0.326563 0.084375 0.118750
0 0.806250 0.283594 0.071875 0.104688
0 0.157813 0.297656 0.093750 0.123438
0 0.296875 0.348438 0.062500 0.100000
0 0.377344 0.281250 0.089063 0.162500
0 0.409375 0.316406 0.059375 0.107813
0 0.050000 0.324219 0.050000 0.070312
0 0.192969 0.348438 0.048438 0.081250
0 0.225781 0.325781 0.042188 0.067187
0 0.254688 0.329688 0.037500 0.078125
0 0.598438 0.326563 0.037500 0.075000
