1 0.283594 0.509375 0.051563 0.103125
1 0.810938 0.512500 0.062500 0.087500
1 0.522656 0.480469 0.045313 0.098438
1 0.387500 0.503906 0.050000 0.089063
1 0.648438 0.473438 0.053125 0.090625
1 0.584375 0.492188 0.050000 0.096875
1 0.719531 0.328906 0.060938 0.098438
1 0.618750 0.305469 0.053125 0.095313
1 0.473438 0.497656 0.046875 0.095313
1 0.526563 0.152344 0.050000 0.098438
1 0.748438 0.520313 0.056250 0.093750
1 0.157813 0.494531 0.059375 0.085938
1 0.215625 0.465625 0.050000 0.075000
1 0.247656 0.405469 0.039062 0.082813
1 0.359375 0.342969 0.043750 0.101562
1 0.464844 0.324219 0.039062 0.085938
