1 0.085938 0.362500 0.078125 0.150000
1 0.193750 0.311719 0.071875 0.107813
1 0.194531 0.422656 0.067187 0.114063
1 0.286719 0.378125 0.060938 0.131250
1 0.255469 0.374219 0.039062 0.098438
1 0.325000 0.407813 0.037500 0.090625
1 0.346094 0.398438 0.042188 0.112500
1 0.395313 0.425781 0.053125 0.114063
1 0.442969 0.442969 0.042188 0.089063
1 0.600000 0.410156 0.043750 0.095313
1 0.625000 0.355469 0.050000 0.098438
1 0.672656 0.358594 0.042188 0.104688
1 0.723438 0.380469 0.046875 0.101562
1 0.761719 0.375000 0.042188 0.084375
1 0.844531 0.434375 0.048438 0.090625
1 0.883594 0.413281 0.048438 0.082813
1 0.933594 0.430469 0.042188 0.092188
0 0.534375 0.400000 0.062500 0.109375
0 0.021875 0.432031 0.040625 0.101562
