1 0.664844 0.154688 0.095313 0.203125
1 0.791406 0.160156 0.076563 0.142187
1 0.581250 0.142187 0.028125 0.081250
1 0.600781 0.123438 0.020313 0.040625
1 0.488281 0.380469 0.023438 0.039062
1 0.414844 0.478906 0.023438 0.042188
1 0.417188 0.581250 0.034375 0.078125
1 0.366406 0.667188 0.039062 0.065625
1 0.309375 0.675000 0.046875 0.068750
1 0.076563 0.792969 0.059375 0.092188
1 0.091406 0.746875 0.045313 0.059375
1 0.039844 0.580469 0.042188 0.070312
1 0.136719 0.534375 0.032813 0.062500
1 0.198438 0.542969 0.037500 0.060938
1 0.328125 0.428125 0.021875 0.040625
1 0.335938 0.388281 0.018750 0.039062
