1 0.257031 0.339844 0.076563 0.135938
1 0.178125 0.758594 0.109375 0.185938
1 0.099219 0.700781 0.085938 0.145313
1 0.015625 0.447656 0.028125 0.117188
1 0.373438 0.371094 0.081250 0.145313
1 0.513281 0.346094 0.095313 0.176563
1 0.366406 0.916406 0.142187 0.167188
0 0.737500 0.342969 0.093750 0.151563
0 0.689063 0.351562 0.056250 0.125000
0 0.955469 0.547656 0.092188 0.167188
0 0.566406 0.371875 0.067187 0.121875
0 0.460156 0.346094 0.039062 0.092188
1 0.372656 0.372656 0.085938 0.151563
0 0.289844 0.367969 0.032813 0.048438
