1 0.058594 0.800781 0.114063 0.217188
1 0.130469 0.659375 0.045313 0.084375
1 0.219531 0.623438 0.032813 0.053125
1 0.228906 0.682813 0.057813 0.115625
1 0.303125 0.682813 0.075000 0.109375
1 0.071875 0.546094 0.018750 0.032813
1 0.417188 0.658594 0.053125 0.104688
1 0.473438 0.703125 0.065625 0.128125
1 0.545312 0.760156 0.103125 0.176563
1 0.549219 0.623438 0.035938 0.046875
1 0.611719 0.621875 0.035938 0.053125
1 0.710938 0.749219 0.096875 0.164062
1 0.784375 0.868750 0.200000 0.262500
1 0.675781 0.675781 0.064063 0.095313
1 0.732031 0.635156 0.032813 0.057813
1 0.839844 0.700781 0.079688 0.132812
1 0.914844 0.713281 0.070312 0.139063
1 0.715625 0.602344 0.021875 0.039062
1 0.782813 0.623438 0.034375 0.053125
1 0.833594 0.609375 0.029688 0.043750
1 0.326563 0.775781 0.118750 0.167188
1 0.348438 0.652344 0.040625 0.079688
1 0.182813 0.549219 0.015625 0.026563
1 0.514062 0.641406 0.034375 0.060938
0 0.953906 0.600000 0.026563 0.037500
0 0.917188 0.622656 0.028125 0.042188
1 0.940625 0.647656 0.050000 0.067187
0 0.746875 0.598438 0.018750 0.025000
0 0.661719 0.604688 0.023438 0.031250
0 0.792188 0.592187 0.018750 0.028125
0 0.873438 0.595313 0.015625 0.028125
1 0.852344 0.592187 0.029688 0.037500
1 0.992188 0.616406 0.015625 0.048438
1 0.931250 0.589844 0.018750 0.023438
1 0.971094 0.600781 0.017188 0.035938
