1 0.079688 0.391406 0.059375 0.089063
1 0.160156 0.377344 0.045313 0.079688
1 0.221875 0.375000 0.040625 0.068750
1 0.281250 0.390625 0.037500 0.059375
1 0.356250 0.402344 0.034375 0.054688
1 0.440625 0.371875 0.037500 0.056250
1 0.509375 0.382812 0.034375 0.056250
1 0.565625 0.380469 0.034375 0.057813
1 0.649219 0.358594 0.032813 0.057813
1 0.668750 0.394531 0.031250 0.060938
1 0.714844 0.381250 0.039062 0.065625
1 0.796875 0.397656 0.050000 0.085938
1 0.899219 0.340625 0.051563 0.084375
1 0.946875 0.378125 0.043750 0.053125
