1 0.821875 0.491406 0.059375 0.092188
1 0.853125 0.459375 0.053125 0.053125
1 0.987500 0.541406 0.025000 0.092188
1 0.772656 0.491406 0.048438 0.073438
1 0.697656 0.500000 0.048438 0.084375
1 0.725000 0.492188 0.028125 0.053125
1 0.620313 0.475781 0.053125 0.073438
1 0.592187 0.471875 0.025000 0.065625
1 0.535156 0.492969 0.045313 0.064063
1 0.500000 0.485938 0.021875 0.053125
1 0.441406 0.466406 0.039062 0.064063
1 0.403125 0.474219 0.037500 0.070312
1 0.368750 0.469531 0.025000 0.035938
1 0.342969 0.465625 0.032813 0.053125
1 0.310156 0.481250 0.026563 0.053125
1 0.270313 0.481250 0.028125 0.040625
1 0.250000 0.471875 0.021875 0.046875
1 0.211719 0.496875 0.029688 0.043750
0 0.049219 0.463281 0.079688 0.110938
