1 0.514062 0.607813 0.021875 0.034375
1 0.441406 0.607813 0.023438 0.034375
0 0.392188 0.578125 0.018750 0.025000
1 0.422656 0.571094 0.023438 0.032813
0 0.374219 0.573438 0.014063 0.021875
1 0.357031 0.569531 0.020313 0.029688
0 0.362500 0.514844 0.012500 0.023438
0 0.479688 0.468750 0.012500 0.018750
0 0.938281 0.346094 0.029688 0.057813
0 0.959375 0.353125 0.037500 0.050000
0 0.960938 0.320312 0.015625 0.028125
0 0.974219 0.314844 0.017188 0.026563
0 0.887500 0.351562 0.021875 0.040625
0 0.908594 0.361719 0.014063 0.032813
0 0.913281 0.340625 0.020313 0.034375
0 0.853125 0.366406 0.021875 0.032813
0 0.839063 0.364844 0.015625 0.032813
0 0.795313 0.382031 0.021875 0.029688
0 0.806250 0.467188 0.021875 0.037500
0 0.821094 0.360156 0.020313 0.035938
0 0.867188 0.358594 0.018750 0.026563
