1 0.682813 0.271875 0.356250 0.540625
1 0.861719 0.137500 0.029688 0.053125
1 0.857813 0.193750 0.025000 0.059375
1 0.882031 0.306250 0.035938 0.071875
1 0.907813 0.376563 0.037500 0.056250
1 0.939844 0.320312 0.035938 0.068750
1 0.918750 0.271875 0.037500 0.065625
1 0.928125 0.192188 0.031250 0.062500
1 0.967188 0.264063 0.034375 0.062500
1 0.917188 0.134375 0.028125 0.059375
1 0.965625 0.150000 0.031250 0.059375
1 0.990625 0.198438 0.018750 0.050000
1 0.945312 0.090625 0.028125 0.046875
1 0.964063 0.034375 0.034375 0.059375
0 0.205469 0.393750 0.407813 0.771875
0 0.332813 0.718750 0.103125 0.178125
0 0.461719 0.082813 0.032813 0.062500
0 0.426563 0.043750 0.034375 0.059375
