1 0.159375 0.242188 0.056250 0.131250
1 0.209375 0.236719 0.059375 0.135938
1 0.266406 0.202344 0.070312 0.139063
1 0.315625 0.244531 0.056250 0.135938
1 0.357813 0.233594 0.062500 0.160938
1 0.389844 0.254688 0.026563 0.062500
1 0.446094 0.241406 0.067187 0.139063
1 0.520313 0.264063 0.062500 0.131250
1 0.569531 0.200781 0.067187 0.160938
1 0.649219 0.192969 0.039062 0.092188
1 0.682813 0.225000 0.059375 0.128125
1 0.701563 0.156250 0.056250 0.090625
1 0.791406 0.144531 0.051563 0.098438
1 0.812500 0.178906 0.068750 0.126562
0 0.411719 0.389844 0.067187 0.142187
