1 0.196875 0.312500 0.071875 0.162500
1 0.252344 0.302344 0.048438 0.160938
1 0.290625 0.236719 0.031250 0.057813
1 0.298438 0.289844 0.025000 0.060938
1 0.342969 0.305469 0.029688 0.057813
1 0.343750 0.266406 0.028125 0.048438
1 0.351562 0.233594 0.025000 0.045313
1 0.401563 0.323438 0.037500 0.065625
1 0.442188 0.295313 0.028125 0.065625
1 0.471094 0.296875 0.032813 0.068750
1 0.440625 0.233594 0.031250 0.057813
1 0.472656 0.223438 0.032813 0.065625
1 0.512500 0.271094 0.034375 0.057813
1 0.542969 0.302344 0.029688 0.057813
1 0.572656 0.306250 0.032813 0.065625
1 0.536719 0.245313 0.032813 0.062500
1 0.584375 0.233594 0.034375 0.057813
1 0.633594 0.284375 0.032813 0.068750
1 0.674219 0.262500 0.023438 0.062500
1 0.696875 0.235156 0.025000 0.054688
1 0.721875 0.262500 0.028125 0.062500
1 0.741406 0.267969 0.023438 0.057813
1 0.764063 0.237500 0.034375 0.071875
1 0.826563 0.259375 0.037500 0.068750
1 0.860938 0.230469 0.031250 0.057813
1 0.897656 0.275781 0.035938 0.051563
1 0.943750 0.228125 0.031250 0.068750
1 0.145313 0.292187 0.031250 0.059375
1 0.161719 0.225781 0.029688 0.054688
1 0.079688 0.264063 0.025000 0.059375
1 0.096875 0.260156 0.028125 0.054688
1 0.043750 0.242188 0.031250 0.062500
