1 0.427344 0.317969 0.076563 0.145313
1 0.467188 0.351562 0.043750 0.096875
1 0.599219 0.334375 0.089063 0.168750
1 0.694531 0.385156 0.035938 0.060938
1 0.650000 0.388281 0.034375 0.054688
1 0.734375 0.375781 0.046875 0.073438
1 0.782813 0.356250 0.050000 0.103125
1 0.897656 0.390625 0.035938 0.065625
1 0.924219 0.381250 0.026563 0.068750
1 0.955469 0.379688 0.048438 0.078125
1 0.327344 0.358594 0.045313 0.110938
1 0.359375 0.378906 0.028125 0.054688
1 0.382031 0.375781 0.020313 0.048438
1 0.288281 0.354688 0.029688 0.056250
1 0.247656 0.301563 0.067187 0.118750
1 0.214844 0.350000 0.032813 0.050000
1 0.155469 0.357031 0.060938 0.110938
1 0.109375 0.376563 0.040625 0.059375
1 0.057031 0.325000 0.057813 0.112500
1 0.031250 0.382031 0.025000 0.035938
0 0.839063 0.362500 0.068750 0.131250
