1 0.285156 0.294531 0.070312 0.129688
1 0.016406 0.305469 0.026563 0.048438
1 0.050000 0.302344 0.028125 0.048438
1 0.069531 0.292969 0.020313 0.042188
1 0.093750 0.306250 0.015625 0.028125
1 0.121875 0.285156 0.025000 0.045313
1 0.145313 0.283594 0.021875 0.042188
1 0.164844 0.296094 0.026563 0.042188
1 0.190625 0.294531 0.015625 0.032813
1 0.203906 0.289844 0.020313 0.042188
1 0.222656 0.288281 0.020313 0.045313
1 0.398438 0.283594 0.056250 0.101562
1 0.361719 0.280469 0.023438 0.048438
1 0.341406 0.280469 0.020313 0.039062
1 0.322656 0.278906 0.020313 0.035938
1 0.237500 0.296094 0.015625 0.029688
1 0.437500 0.267188 0.028125 0.050000
1 0.456250 0.264063 0.021875 0.050000
1 0.476562 0.280469 0.021875 0.045313
1 0.519531 0.273438 0.023438 0.050000
1 0.551563 0.275781 0.021875 0.042188
1 0.559375 0.261719 0.015625 0.032813
1 0.575781 0.285156 0.020313 0.032813
1 0.588281 0.275000 0.017188 0.053125
1 0.667188 0.297656 0.028125 0.051563
0 0.497656 0.278125 0.032813 0.065625
1 0.751563 0.260156 0.034375 0.060938
1 0.816406 0.289844 0.026563 0.042188
1 0.836719 0.255469 0.026563 0.045313
1 0.879688 0.303125 0.028125 0.050000
1 0.905469 0.283594 0.023438 0.048438
1 0.980469 0.304688 0.029688 0.053125
1 0.951563 0.274219 0.028125 0.045313
1 0.978906 0.263281 0.017188 0.029688
1 0.994531 0.286719 0.010938 0.048438
1 0.859375 0.285156 0.025000 0.032813
1 0.790625 0.288281 0.021875 0.045313
1 0.641406 0.267969 0.020313 0.045313
1 0.611719 0.277344 0.020313 0.045313
1 0.622656 0.275781 0.017188 0.035938
1 0.711719 0.289844 0.023438 0.048438
1 0.691406 0.266406 0.014063 0.035938
