1 0.096094 0.417188 0.032813 0.056250
1 0.115625 0.422656 0.021875 0.051563
1 0.166406 0.418750 0.032813 0.053125
1 0.187500 0.413281 0.021875 0.048438
1 0.241406 0.406250 0.032813 0.056250
1 0.303125 0.414844 0.028125 0.051563
1 0.382031 0.406250 0.029688 0.056250
1 0.403125 0.427344 0.021875 0.045313
1 0.438281 0.410156 0.032813 0.064063
1 0.480469 0.433594 0.026563 0.045313
1 0.547656 0.414062 0.032813 0.056250
1 0.602344 0.430469 0.029688 0.051563
1 0.632812 0.425000 0.021875 0.056250
1 0.652344 0.430469 0.029688 0.067187
1 0.710156 0.422656 0.042188 0.089063
1 0.751563 0.421094 0.034375 0.070312
1 0.786719 0.439844 0.035938 0.070312
1 0.823438 0.446875 0.062500 0.109375
1 0.939063 0.430469 0.059375 0.104688
1 0.985156 0.439844 0.026563 0.154688
0 0.339063 0.418750 0.034375 0.059375
0 0.880469 0.452344 0.073438 0.120313
0 0.514062 0.432031 0.025000 0.042188
