1 0.144531 0.516406 0.082813 0.151563
1 0.211719 0.620313 0.060938 0.093750
1 0.229688 0.575000 0.059375 0.100000
1 0.434375 0.573438 0.062500 0.118750
1 0.478906 0.594531 0.045313 0.101562
1 0.539062 0.574219 0.059375 0.114063
1 0.780469 0.603906 0.042188 0.098438
1 0.842969 0.637500 0.042188 0.087500
1 0.973438 0.631250 0.037500 0.081250
1 0.752344 0.628125 0.029688 0.065625
1 0.808594 0.613281 0.026563 0.051563
1 0.057813 0.565625 0.025000 0.050000
1 0.025781 0.578125 0.023438 0.046875
1 0.006250 0.577344 0.009375 0.032813
1 0.392188 0.596875 0.031250 0.056250
0 0.353906 0.512500 0.067187 0.106250
