1 0.721875 0.271094 0.112500 0.189063
1 0.827344 0.296094 0.079688 0.145313
1 0.918750 0.367969 0.150000 0.210938
1 0.784375 0.305469 0.046875 0.114063
1 0.667188 0.304688 0.050000 0.090625
1 0.621875 0.372656 0.084375 0.129688
1 0.617188 0.300000 0.056250 0.071875
1 0.580469 0.310938 0.035938 0.078125
1 0.551563 0.335938 0.031250 0.071875
1 0.519531 0.310156 0.057813 0.110938
1 0.480469 0.329688 0.035938 0.071875
1 0.447656 0.309375 0.042188 0.087500
1 0.411719 0.300000 0.035938 0.078125
1 0.387500 0.306250 0.025000 0.062500
1 0.349219 0.300000 0.039062 0.078125
1 0.323438 0.297656 0.025000 0.057813
1 0.297656 0.309375 0.032813 0.056250
1 0.096875 0.330469 0.021875 0.032813
1 0.138281 0.321094 0.020313 0.039062
1 0.227344 0.319531 0.020313 0.042188
0 0.185938 0.296875 0.087500 0.162500
