1 0.562500 0.228125 0.081250 0.159375
1 0.882031 0.282031 0.117188 0.220313
1 0.787500 0.134375 0.087500 0.193750
1 0.691406 0.112500 0.070312 0.137500
1 0.540625 0.112500 0.059375 0.115625
1 0.463281 0.150781 0.067187 0.154688
1 0.366406 0.191406 0.079688 0.160938
1 0.332813 0.115625 0.062500 0.121875
0 0.381250 0.068750 0.034375 0.065625
0 0.494531 0.032813 0.026563 0.050000
0 0.595313 0.096094 0.028125 0.045313
0 0.613281 0.081250 0.020313 0.046875
0 0.635938 0.071875 0.025000 0.040625
0 0.657813 0.097656 0.015625 0.032813
0 0.731250 0.121094 0.021875 0.057813
0 0.782031 0.007031 0.017188 0.010938
0 0.728125 0.007812 0.015625 0.012500
0 0.926563 0.009375 0.018750 0.015625
0 0.947656 0.191406 0.032813 0.067187
0 0.951563 0.141406 0.031250 0.045313
0 0.100781 0.035156 0.020313 0.032813
0 0.083594 0.035156 0.023438 0.035938
0 0.135156 0.023438 0.054688 0.043750
