1 0.185156 0.057031 0.082813 0.098438
1 0.279688 0.112500 0.078125 0.090625
1 0.401563 0.061719 0.075000 0.104688
1 0.560937 0.089844 0.081250 0.098438
1 0.717969 0.064063 0.076563 0.100000
1 0.880469 0.087500 0.079688 0.103125
1 0.882812 0.399219 0.087500 0.098438
1 0.671875 0.357031 0.084375 0.114063
1 0.555469 0.397656 0.089063 0.085938
1 0.358594 0.400781 0.089063 0.110938
1 0.196094 0.389844 0.089063 0.107813
1 0.153906 0.696875 0.085938 0.115625
1 0.226562 0.694531 0.065625 0.104688
1 0.375000 0.688281 0.068750 0.095313
1 0.485156 0.700781 0.064063 0.092188
1 0.592187 0.703906 0.075000 0.079688
1 0.701563 0.677344 0.068750 0.092188
1 0.786719 0.727344 0.067187 0.089063
1 0.903906 0.706250 0.067187 0.093750
