1 0.053906 0.370313 0.060938 0.137500
1 0.195312 0.385156 0.056250 0.107813
1 0.847656 0.413281 0.060938 0.110938
1 0.571875 0.397656 0.056250 0.101562
1 0.425000 0.389844 0.050000 0.110938
1 0.517188 0.398438 0.040625 0.087500
1 0.759375 0.439844 0.050000 0.092188
1 0.361719 0.401563 0.035938 0.087500
1 0.111719 0.425000 0.032813 0.081250
1 0.156250 0.423438 0.043750 0.084375
1 0.256250 0.429688 0.046875 0.084375
1 0.329688 0.426563 0.043750 0.096875
1 0.647656 0.408594 0.042188 0.095313
1 0.941406 0.455469 0.032813 0.057813
1 0.986719 0.475000 0.026563 0.059375
