1 0.941406 0.304688 0.057813 0.100000
1 0.151563 0.370313 0.043750 0.090625
1 0.242188 0.349219 0.050000 0.092188
1 0.375781 0.365625 0.048438 0.087500
1 0.565625 0.355469 0.046875 0.079688
1 0.429688 0.325781 0.034375 0.067187
1 0.115625 0.358594 0.028125 0.054688
1 0.482813 0.410156 0.037500 0.079688
1 0.525000 0.335156 0.034375 0.076563
1 0.679688 0.324219 0.031250 0.064063
1 0.729688 0.321094 0.040625 0.076563
1 0.807813 0.316406 0.040625 0.073438
1 0.605469 0.466406 0.039062 0.070312
1 0.873438 0.328125 0.043750 0.090625
1 0.591406 0.321094 0.032813 0.070312
