1 0.520313 0.341406 0.053125 0.092188
1 0.714844 0.456250 0.060938 0.109375
1 0.913281 0.332031 0.073438 0.120313
1 0.374219 0.478125 0.054688 0.106250
1 0.671094 0.343750 0.054688 0.103125
1 0.553906 0.429688 0.067187 0.109375
1 0.275781 0.429688 0.045313 0.090625
1 0.261719 0.289844 0.045313 0.082813
1 0.032813 0.413281 0.043750 0.064063
1 0.052344 0.356250 0.035938 0.056250
1 0.107031 0.400781 0.045313 0.076563
1 0.134375 0.325000 0.040625 0.059375
0 0.378906 0.592969 0.114063 0.335938
0 0.539844 0.583594 0.142187 0.382812
0 0.689063 0.586719 0.134375 0.389063
0 0.042188 0.504688 0.075000 0.253125
0 0.131250 0.500000 0.096875 0.250000
0 0.285156 0.557031 0.104688 0.323438
1 0.210156 0.417969 0.035938 0.079688
0 0.217188 0.541406 0.084375 0.320312
0 0.276562 0.323438 0.093750 0.150000
1 0.196875 0.321875 0.040625 0.065625
0 0.196875 0.339844 0.071875 0.117188
0 0.142969 0.385156 0.051563 0.167188
0 0.064063 0.400781 0.056250 0.129688
0 0.819531 0.566406 0.123438 0.423438
0 0.506250 0.363281 0.106250 0.135938
