1 0.932813 0.866406 0.106250 0.223438
1 0.731250 0.817969 0.103125 0.185938
1 0.646875 0.842969 0.093750 0.164062
1 0.037500 0.338281 0.068750 0.139063
1 0.108594 0.239844 0.085938 0.142187
1 0.210938 0.160156 0.065625 0.123438
1 0.205469 0.356250 0.079688 0.137500
1 0.197656 0.519531 0.089063 0.164062
1 0.326563 0.724219 0.084375 0.170313
1 0.451563 0.719531 0.087500 0.164062
1 0.563281 0.654688 0.095313 0.187500
1 0.303906 0.594531 0.079688 0.126562
1 0.367188 0.664062 0.087500 0.150000
1 0.588281 0.503125 0.079688 0.150000
1 0.468750 0.550000 0.078125 0.150000
1 0.414062 0.411719 0.084375 0.132812
1 0.304688 0.468750 0.081250 0.146875
1 0.590625 0.389844 0.081250 0.123438
1 0.292187 0.344531 0.078125 0.120313
1 0.283594 0.266406 0.089063 0.117188
1 0.359375 0.212500 0.068750 0.146875
1 0.365625 0.116406 0.071875 0.123438
1 0.493750 0.242969 0.071875 0.157813
1 0.698438 0.198438 0.065625 0.153125
1 0.579688 0.227344 0.071875 0.129688
1 0.541406 0.332031 0.064063 0.120313
1 0.665625 0.103125 0.071875 0.150000
1 0.482813 0.153125 0.065625 0.096875
1 0.528906 0.101562 0.070312 0.134375
1 0.903906 0.166406 0.060938 0.142187
