1 0.514844 0.107031 0.082813 0.160938
1 0.180469 0.619531 0.135938 0.220313
1 0.649219 0.659375 0.132812 0.225000
1 0.874219 0.153906 0.085938 0.148438
1 0.855469 0.532031 0.120313 0.192188
1 0.960938 0.119531 0.075000 0.142187
1 0.455469 0.189844 0.079688 0.157813
1 0.037500 0.198438 0.065625 0.218750
1 0.823438 0.246094 0.100000 0.198438
1 0.336719 0.092969 0.092188 0.176563
1 0.112500 0.363281 0.109375 0.207813
1 0.711719 0.167969 0.092188 0.126562
1 0.185938 0.181250 0.103125 0.215625
1 0.828906 0.080469 0.101562 0.151563
1 0.741406 0.661719 0.104688 0.179688
1 0.322656 0.332813 0.120313 0.215625
1 0.503906 0.282031 0.095313 0.195312
1 0.723438 0.293750 0.106250 0.231250
1 0.562500 0.353906 0.100000 0.151563
1 0.816406 0.483594 0.117188 0.207813
0 0.342188 0.624219 0.206250 0.748438
0 0.087500 0.445312 0.125000 0.353125
0 0.200000 0.298438 0.128125 0.428125
0 0.349219 0.137500 0.151563 0.259375
0 0.539844 0.514062 0.135938 0.456250
0 0.953125 0.733594 0.093750 0.529687
0 0.658594 0.786719 0.164062 0.423438
0 0.855469 0.722656 0.123438 0.539062
0 0.486719 0.592969 0.114063 0.785938
0 0.960156 0.271094 0.079688 0.445312
