1 0.764844 0.266406 0.101562 0.189063
1 0.905469 0.315625 0.064063 0.118750
1 0.467188 0.311719 0.046875 0.104688
1 0.652344 0.212500 0.114063 0.212500
1 0.198438 0.261719 0.078125 0.173438
1 0.591406 0.289062 0.057813 0.137500
1 0.411719 0.311719 0.042188 0.104688
1 0.384375 0.316406 0.046875 0.101562
1 0.979688 0.328125 0.040625 0.084375
1 0.088281 0.296875 0.170313 0.493750
1 0.301563 0.317188 0.034375 0.068750
1 0.339844 0.333594 0.035938 0.082813
1 0.555469 0.311719 0.035938 0.129688
1 0.526563 0.350781 0.046875 0.098438
