1 0.109375 0.454688 0.071875 0.125000
1 0.171875 0.381250 0.053125 0.106250
1 0.233594 0.435156 0.060938 0.120313
1 0.409375 0.441406 0.065625 0.135938
1 0.212500 0.318750 0.056250 0.093750
1 0.248438 0.264063 0.056250 0.087500
1 0.310938 0.258594 0.050000 0.092188
1 0.473438 0.213281 0.050000 0.085938
1 0.501563 0.307031 0.050000 0.117188
1 0.522656 0.416406 0.057813 0.120313
1 0.575781 0.468750 0.067187 0.134375
1 0.572656 0.242969 0.054688 0.107813
1 0.743750 0.435156 0.059375 0.110938
1 0.700781 0.356250 0.054688 0.096875
1 0.895313 0.473438 0.084375 0.150000
0 0.088281 0.698438 0.145313 0.593750
0 0.236719 0.684375 0.142187 0.628125
0 0.408594 0.684375 0.189063 0.628125
0 0.578906 0.692188 0.157813 0.600000
0 0.700781 0.703125 0.139063 0.590625
0 0.775781 0.685938 0.123438 0.612500
0 0.903906 0.695312 0.189063 0.606250
0 0.165625 0.438281 0.100000 0.220313
0 0.304688 0.471875 0.106250 0.206250
0 0.527344 0.473438 0.129688 0.228125
0 0.711719 0.435156 0.164062 0.242188
0 0.353906 0.346875 0.092188 0.175000
0 0.495313 0.369531 0.125000 0.220313
0 0.582813 0.310938 0.118750 0.259375
0 0.468750 0.271875 0.109375 0.203125
0 0.311719 0.284375 0.070312 0.150000
0 0.243750 0.298438 0.071875 0.146875
0 0.205469 0.343750 0.064063 0.150000
