1 0.047656 0.425781 0.070312 0.123438
1 0.515625 0.374219 0.056250 0.129688
1 0.236719 0.405469 0.057813 0.107813
1 0.885938 0.349219 0.071875 0.129688
1 0.666406 0.341406 0.060938 0.123438
1 0.736719 0.381250 0.054688 0.109375
1 0.142187 0.403906 0.053125 0.104688
1 0.785938 0.373438 0.046875 0.106250
1 0.419531 0.382812 0.064063 0.112500
1 0.291406 0.391406 0.048438 0.098438
1 0.463281 0.375000 0.035938 0.109375
1 0.631250 0.392969 0.031250 0.067187
1 0.928906 0.384375 0.042188 0.103125
1 0.604688 0.407031 0.028125 0.064063
