1 0.192188 0.605469 0.053125 0.089063
1 0.495313 0.553906 0.028125 0.048438
1 0.386719 0.567969 0.035938 0.051563
1 0.559375 0.589844 0.028125 0.048438
1 0.445312 0.599219 0.034375 0.035938
1 0.647656 0.553906 0.032813 0.067187
1 0.617188 0.571875 0.034375 0.065625
1 0.770313 0.559375 0.034375 0.068750
1 0.883594 0.557031 0.035938 0.067187
1 0.925781 0.543750 0.039062 0.068750
1 0.736719 0.556250 0.039062 0.068750
1 0.714063 0.561719 0.028125 0.057813
1 0.822656 0.550000 0.026563 0.062500
1 0.841406 0.566406 0.020313 0.054688
1 0.989063 0.560156 0.021875 0.048438
1 0.794531 0.540625 0.029688 0.056250
1 0.696875 0.560156 0.018750 0.048438
1 0.523438 0.566406 0.028125 0.042188
