1 0.206250 0.422656 0.056250 0.098438
1 0.557813 0.428125 0.046875 0.090625
1 0.334375 0.442188 0.053125 0.090625
1 0.135938 0.432031 0.046875 0.082813
1 0.027344 0.450781 0.048438 0.104688
1 0.301563 0.446875 0.031250 0.075000
1 0.443750 0.439063 0.043750 0.084375
1 0.481250 0.439844 0.031250 0.060938
1 0.521875 0.421875 0.028125 0.062500
1 0.637500 0.408594 0.053125 0.092188
1 0.892188 0.430469 0.050000 0.082813
1 0.842188 0.433594 0.034375 0.070312
1 0.738281 0.426563 0.035938 0.065625
1 0.702344 0.432031 0.039062 0.067187
1 0.673438 0.429688 0.028125 0.065625
