1 0.392188 0.347656 0.075000 0.145313
1 0.950781 0.383594 0.060938 0.123438
1 0.146094 0.372656 0.064063 0.132812
1 0.475781 0.373438 0.060938 0.112500
1 0.198438 0.384375 0.053125 0.109375
1 0.890625 0.407813 0.056250 0.096875
1 0.740625 0.397656 0.053125 0.098438
1 0.634375 0.392188 0.050000 0.093750
1 0.810938 0.400000 0.046875 0.084375
1 0.345313 0.410938 0.053125 0.096875
1 0.301563 0.386719 0.040625 0.095313
1 0.112500 0.421875 0.043750 0.087500
1 0.582813 0.398438 0.037500 0.087500
1 0.510938 0.389844 0.037500 0.101562
