1 0.444531 0.432031 0.060938 0.120313
1 0.933594 0.555469 0.067187 0.098438
1 0.144531 0.432813 0.045313 0.075000
1 0.558594 0.439063 0.057813 0.081250
1 0.758594 0.456250 0.029688 0.050000
1 0.731250 0.396094 0.021875 0.035938
1 0.319531 0.400000 0.051563 0.075000
1 0.267188 0.464063 0.043750 0.084375
1 0.412500 0.435156 0.028125 0.064063
1 0.611719 0.417188 0.032813 0.050000
1 0.387500 0.385156 0.021875 0.045313
1 0.509375 0.396094 0.025000 0.029688
0 0.914844 0.725781 0.170313 0.426563
0 0.773438 0.569531 0.065625 0.276562
0 0.735938 0.467188 0.043750 0.181250
0 0.805469 0.421875 0.042188 0.084375
0 0.642188 0.630469 0.084375 0.442188
0 0.457813 0.684375 0.153125 0.603125
0 0.089844 0.657813 0.139063 0.543750
0 0.160938 0.587500 0.090625 0.359375
0 0.272656 0.646875 0.082813 0.456250
0 0.331250 0.593750 0.075000 0.456250
0 0.383594 0.435938 0.042188 0.153125
0 0.509375 0.508594 0.071875 0.195312
0 0.571875 0.660938 0.084375 0.512500
0 0.670313 0.450781 0.043750 0.195312
0 0.637500 0.357031 0.040625 0.107813
1 0.666406 0.372656 0.017188 0.039062
1 0.634375 0.324219 0.021875 0.039062
