1 0.146094 0.616406 0.164062 0.345313
1 0.245313 0.475000 0.100000 0.234375
1 0.419531 0.514062 0.057813 0.150000
1 0.400781 0.429688 0.042188 0.078125
1 0.455469 0.419531 0.051563 0.117188
1 0.563281 0.430469 0.060938 0.145313
1 0.646875 0.806250 0.265625 0.384375
1 0.743750 0.547656 0.100000 0.189063
1 0.822656 0.464063 0.092188 0.184375
1 0.969531 0.599219 0.060938 0.326563
1 0.716406 0.377344 0.057813 0.145313
1 0.612500 0.471094 0.103125 0.142187
1 0.613281 0.642188 0.170313 0.250000
1 0.674219 0.482031 0.057813 0.142187
1 0.643750 0.378906 0.068750 0.092188
