1 0.045313 0.338281 0.040625 0.060938
1 0.267188 0.353125 0.040625 0.065625
1 0.847656 0.278125 0.064063 0.125000
1 0.987500 0.271875 0.025000 0.143750
1 0.691406 0.317969 0.051563 0.114063
1 0.732813 0.304688 0.046875 0.103125
1 0.592187 0.310156 0.053125 0.117188
1 0.632812 0.307813 0.037500 0.096875
1 0.495313 0.322656 0.050000 0.095313
1 0.322656 0.358594 0.026563 0.060938
1 0.353125 0.389063 0.034375 0.065625
1 0.355469 0.325781 0.032813 0.067187
1 0.393750 0.368750 0.040625 0.078125
1 0.439844 0.322656 0.051563 0.095313
1 0.536719 0.319531 0.035938 0.089063
