1 0.793750 0.184375 0.059375 0.090625
1 0.119531 0.477344 0.042188 0.085938
1 0.459375 0.575000 0.050000 0.078125
1 0.475000 0.533594 0.050000 0.070312
1 0.847656 0.232813 0.029688 0.059375
1 0.742188 0.401563 0.046875 0.059375
1 0.556250 0.264844 0.015625 0.026563
1 0.493750 0.271094 0.018750 0.029688
1 0.516406 0.260156 0.017188 0.029688
1 0.533594 0.267969 0.014063 0.026563
0 0.125000 0.619531 0.087500 0.354688
0 0.448438 0.763281 0.196875 0.395313
0 0.800000 0.391406 0.068750 0.495313
0 0.796875 0.479688 0.146875 0.231250
0 0.856250 0.342969 0.046875 0.257812
0 0.497656 0.600781 0.082813 0.198438
0 0.495313 0.324219 0.021875 0.129688
0 0.560156 0.321094 0.026563 0.145313
0 0.535156 0.320312 0.023438 0.137500
0 0.515625 0.318750 0.021875 0.150000
