1 0.567188 0.292969 0.062500 0.135938
1 0.413281 0.338281 0.051563 0.120313
1 0.296094 0.336719 0.048438 0.123438
1 0.810938 0.330469 0.053125 0.129688
1 0.470313 0.326563 0.053125 0.115625
1 0.698438 0.354688 0.056250 0.140625
1 0.885156 0.332031 0.101562 0.220313
1 0.128125 0.367969 0.053125 0.120313
1 0.067187 0.333594 0.053125 0.110938
1 0.220313 0.331250 0.050000 0.100000
1 0.656250 0.358594 0.040625 0.107813
1 0.759375 0.356250 0.034375 0.084375
1 0.328906 0.361719 0.035938 0.092188
1 0.610938 0.341406 0.037500 0.092188
1 0.379688 0.346875 0.034375 0.090625
