1 0.809375 0.212500 0.075000 0.140625
1 0.949219 0.514062 0.085938 0.121875
1 0.488281 0.209375 0.051563 0.096875
1 0.407813 0.370313 0.062500 0.093750
1 0.751563 0.274219 0.084375 0.148438
1 0.963281 0.398438 0.064063 0.121875
1 0.226562 0.421875 0.043750 0.062500
1 0.178125 0.400781 0.040625 0.076563
1 0.471875 0.350781 0.034375 0.082813
1 0.773438 0.369531 0.053125 0.107813
1 0.268750 0.241406 0.034375 0.060938
1 0.218750 0.252344 0.037500 0.054688
1 0.129688 0.402344 0.040625 0.064063
1 0.597656 0.356250 0.048438 0.093750
1 0.249219 0.375000 0.035938 0.062500
1 0.311719 0.344531 0.029688 0.057813
