1 0.117188 0.325000 0.056250 0.106250
1 0.213281 0.309375 0.057813 0.106250
1 0.331250 0.234375 0.046875 0.090625
1 0.412500 0.282813 0.053125 0.112500
1 0.266406 0.475781 0.060938 0.101562
1 0.210156 0.556250 0.064063 0.115625
1 0.343750 0.521875 0.056250 0.103125
1 0.426563 0.430469 0.053125 0.104688
1 0.546875 0.264844 0.053125 0.098438
1 0.502344 0.221094 0.054688 0.101562
1 0.842188 0.271875 0.065625 0.118750
1 0.728906 0.247656 0.060938 0.107813
1 0.670313 0.282813 0.062500 0.112500
1 0.606250 0.291406 0.065625 0.104688
0 0.215625 0.710156 0.171875 0.417188
0 0.119531 0.533594 0.123438 0.523438
0 0.212500 0.382812 0.081250 0.253125
0 0.336719 0.675000 0.154688 0.371875
0 0.437500 0.592187 0.134375 0.400000
0 0.866406 0.535938 0.145313 0.646875
0 0.750781 0.518750 0.114063 0.646875
0 0.666406 0.528125 0.082813 0.615625
0 0.611719 0.533594 0.089063 0.567188
0 0.539844 0.513281 0.076563 0.570312
0 0.330469 0.360938 0.110938 0.340625
0 0.412500 0.309375 0.093750 0.150000
0 0.496875 0.326563 0.062500 0.303125
