1 0.727344 0.428125 0.048438 0.096875
1 0.168750 0.413281 0.053125 0.098438
1 0.444531 0.399219 0.045313 0.085938
1 0.296094 0.425000 0.035938 0.071875
1 0.373438 0.416406 0.043750 0.082813
1 0.507812 0.414844 0.040625 0.085938
1 0.026563 0.330469 0.046875 0.207813
1 0.555469 0.443750 0.039062 0.071875
1 0.476562 0.420313 0.034375 0.075000
1 0.635938 0.446875 0.043750 0.075000
1 0.592187 0.465625 0.037500 0.075000
1 0.691406 0.448438 0.039062 0.071875
1 0.781250 0.458594 0.050000 0.082813
1 0.791406 0.413281 0.042188 0.067187
1 0.879688 0.403906 0.046875 0.085938
