1 0.317188 0.333594 0.068750 0.117188
1 0.425781 0.615625 0.064063 0.093750
1 0.535156 0.611719 0.057813 0.114063
1 0.635156 0.321875 0.042188 0.081250
1 0.649219 0.625781 0.067187 0.123438
1 0.431250 0.357031 0.021875 0.045313
1 0.500781 0.361719 0.029688 0.048438
1 0.715625 0.373438 0.040625 0.081250
0 0.305469 0.588281 0.129688 0.598438
0 0.426563 0.740625 0.106250 0.337500
0 0.532813 0.735938 0.093750 0.356250
0 0.645313 0.746094 0.121875 0.354688
0 0.768750 0.730469 0.118750 0.351562
0 0.427344 0.444531 0.060938 0.214063
0 0.499219 0.454688 0.064063 0.240625
0 0.638281 0.426563 0.092188 0.284375
0 0.706250 0.514844 0.056250 0.354688
