1 0.198438 0.342969 0.065625 0.123438
1 0.871875 0.367969 0.056250 0.107813
1 0.382812 0.375781 0.053125 0.117188
1 0.790625 0.380469 0.053125 0.107813
1 0.179688 0.127344 0.053125 0.117188
1 0.317188 0.354688 0.056250 0.093750
1 0.269531 0.176563 0.048438 0.078125
1 0.450781 0.353125 0.045313 0.096875
1 0.490625 0.375781 0.053125 0.104688
1 0.539844 0.371094 0.039062 0.107813
1 0.572656 0.388281 0.060938 0.110938
1 0.667188 0.384375 0.046875 0.093750
1 0.731250 0.389063 0.053125 0.103125
1 0.620313 0.360156 0.046875 0.085938
