1 0.248438 0.609375 0.081250 0.112500
1 0.642188 0.494531 0.096875 0.160938
1 0.070312 0.288281 0.065625 0.104688
1 0.189063 0.442188 0.093750 0.128125
1 0.419531 0.386719 0.076563 0.089063
1 0.268750 0.297656 0.050000 0.095313
1 0.307031 0.212500 0.042188 0.075000
1 0.883594 0.216406 0.035938 0.060938
1 0.778906 0.225781 0.039062 0.042188
1 0.452344 0.173438 0.029688 0.050000
1 0.546875 0.158594 0.021875 0.048438
1 0.653906 0.249219 0.035938 0.042188
1 0.561719 0.240625 0.039062 0.034375
1 0.614844 0.189844 0.039062 0.060938
