2 0.836719 0.280469 0.089063 0.229688
1 0.575000 0.314063 0.062500 0.100000
2 0.073438 0.323438 0.096875 0.250000
0 0.829688 0.345313 0.128125 0.581250
0 0.090625 0.370313 0.143750 0.568750
1 0.351562 0.379688 0.062500 0.103125
2 0.466406 0.416406 0.098438 0.239063
0 0.582031 0.419531 0.123438 0.329688
2 0.567188 0.448438 0.071875 0.153125
0 0.466406 0.450000 0.107813 0.353125
0 0.392188 0.450781 0.059375 0.264063
2 0.385938 0.489844 0.062500 0.157813
2 0.311719 0.557813 0.082813 0.300000
0 0.318750 0.640625 0.115625 0.646875
1 0.066406 0.146875 0.073438 0.078125
