1 0.603125 0.328125 0.068750 0.121875
2 0.607813 0.375781 0.134375 0.223438
0 0.600000 0.391406 0.168750 0.254688
1 0.723438 0.411719 0.068750 0.114063
2 0.724219 0.430469 0.126562 0.214063
0 0.718750 0.453125 0.131250 0.268750
1 0.550000 0.525000 0.078125 0.093750
1 0.778906 0.548438 0.082813 0.100000
2 0.503906 0.586719 0.104688 0.254688
0 0.765625 0.642969 0.134375 0.295313
0 0.508594 0.646875 0.139063 0.381250
1 0.623438 0.667188 0.071875 0.103125
0 0.613281 0.774219 0.173438 0.326563
2 0.609375 0.806250 0.134375 0.218750
