3 0.277344 0.256250 0.079688 0.040625
3 0.669531 0.264844 0.082813 0.045313
3 0.092188 0.264844 0.084375 0.051563
2 0.479688 0.458594 0.231250 0.423438
2 0.857031 0.459375 0.167188 0.381250
2 0.273438 0.497656 0.196875 0.357813
0 0.478125 0.526563 0.303125 0.931250
2 0.714844 0.527344 0.204688 0.420313
0 0.847656 0.534375 0.204688 0.887500
2 0.128125 0.537500 0.190625 0.412500
0 0.269531 0.557813 0.232813 0.815625
0 0.699219 0.560156 0.245313 0.879688
0 0.120313 0.564063 0.209375 0.850000
1 0.468750 0.121094 0.112500 0.101562
1 0.838281 0.159375 0.114063 0.100000
3 0.461719 0.169531 0.076563 0.045313
1 0.093750 0.204688 0.128125 0.118750
1 0.271094 0.205469 0.107813 0.092188
1 0.688281 0.208594 0.132812 0.107813
