3 0.443750 0.317188 0.103125 0.071875
1 0.179688 0.333594 0.218750 0.179688
1 0.871875 0.340625 0.221875 0.140625
1 0.682031 0.369531 0.185938 0.151563
3 0.814844 0.411719 0.076563 0.079688
3 0.240625 0.421094 0.056250 0.051563
3 0.646094 0.458594 0.104688 0.057813
0 0.421875 0.565625 0.312500 0.868750
0 0.187500 0.612500 0.312500 0.768750
0 0.875000 0.633594 0.250000 0.729688
0 0.664844 0.640625 0.220313 0.718750
2 0.431250 0.704688 0.281250 0.584375
2 0.872656 0.756250 0.251563 0.456250
2 0.187500 0.766406 0.312500 0.442188
2 0.679688 0.773438 0.225000 0.437500
1 0.454688 0.231250 0.206250 0.178125
