0 0.203906 0.372656 0.032813 0.095313
0 0.347656 0.178125 0.014063 0.031250
0 0.400781 0.226562 0.020313 0.040625
0 0.448438 0.232031 0.018750 0.029688
0 0.433594 0.214063 0.017188 0.031250
0 0.482031 0.224219 0.017188 0.039062
0 0.495313 0.173438 0.012500 0.025000
0 0.525000 0.208594 0.021875 0.032813
0 0.454688 0.178125 0.012500 0.037500
0 0.432031 0.170313 0.017188 0.034375
0 0.405469 0.170313 0.020313 0.025000
0 0.473438 0.135156 0.012500 0.023438
0 0.496875 0.132812 0.015625 0.028125
0 0.530469 0.102344 0.007812 0.029688
0 0.545312 0.127344 0.012500 0.020313
0 0.538281 0.157813 0.014063 0.037500
0 0.595313 0.157031 0.018750 0.029688
0 0.578125 0.122656 0.012500 0.032813
0 0.571875 0.161719 0.012500 0.032813
0 0.599219 0.122656 0.014063 0.029688
0 0.610156 0.092188 0.014063 0.018750
0 0.670313 0.105469 0.012500 0.026563
0 0.687500 0.122656 0.012500 0.023438
0 0.707813 0.114844 0.012500 0.017188
0 0.710156 0.182031 0.020313 0.032813
0 0.634375 0.217188 0.018750 0.028125
0 0.592969 0.242188 0.010938 0.031250
0 0.614844 0.250781 0.026563 0.035938
0 0.617969 0.306250 0.029688 0.053125
0 0.701563 0.321094 0.025000 0.054688
0 0.732813 0.287500 0.025000 0.059375
0 0.761719 0.239063 0.017188 0.043750
0 0.738281 0.185938 0.017188 0.025000
0 0.732813 0.139063 0.015625 0.034375
0 0.771875 0.153906 0.012500 0.032813
0 0.783594 0.128125 0.014063 0.025000
0 0.800781 0.150781 0.010938 0.026563
0 0.786719 0.183594 0.014063 0.026563
0 0.839844 0.151563 0.010938 0.028125
0 0.853125 0.074219 0.015625 0.023438
0 0.877344 0.164062 0.017188 0.025000
0 0.870313 0.185156 0.015625 0.023438
0 0.906250 0.185938 0.018750 0.034375
0 0.941406 0.154688 0.014063 0.025000
0 0.950781 0.189844 0.014063 0.035938
0 0.940625 0.230469 0.015625 0.042188
0 0.929688 0.278906 0.018750 0.035938
0 0.874219 0.263281 0.017188 0.045313
0 0.900000 0.241406 0.018750 0.042188
0 0.846094 0.292969 0.020313 0.045313
0 0.863281 0.341406 0.020313 0.051563
0 0.653906 0.127344 0.014063 0.026563
0 0.629688 0.126562 0.012500 0.034375
0 0.750781 0.227344 0.017188 0.029688
0 0.793750 0.241406 0.018750 0.029688
0 0.841406 0.246094 0.023438 0.042188
0 0.833594 0.178125 0.017188 0.034375
0 0.701563 0.162500 0.015625 0.034375
0 0.655469 0.199219 0.020313 0.026563
0 0.510156 0.187500 0.017188 0.037500
0 0.474219 0.160938 0.014063 0.034375
0 0.410156 0.152344 0.017188 0.029688
