0 0.102344 0.634375 0.092188 0.106250
0 0.033594 0.618750 0.060938 0.143750
0 0.110938 0.538281 0.050000 0.073438
0 0.094531 0.500000 0.048438 0.068750
0 0.148438 0.518750 0.034375 0.068750
0 0.182031 0.517969 0.029688 0.048438
0 0.236719 0.412500 0.060938 0.106250
0 0.356250 0.682813 0.109375 0.178125
0 0.347656 0.558594 0.057813 0.089063
0 0.305469 0.534375 0.032813 0.046875
0 0.442969 0.648438 0.082813 0.150000
0 0.519531 0.558594 0.070312 0.092188
0 0.597656 0.537500 0.051563 0.081250
0 0.737500 0.382812 0.062500 0.093750
0 0.743750 0.575781 0.075000 0.107813
0 0.779688 0.519531 0.043750 0.076563
0 0.866406 0.646875 0.092188 0.162500
0 0.952344 0.578125 0.067187 0.112500
0 0.971094 0.616406 0.054688 0.126562
