0 0.051563 0.556250 0.100000 0.181250
0 0.174219 0.253906 0.076563 0.110938
0 0.291406 0.471875 0.067187 0.103125
0 0.350781 0.522656 0.073438 0.107813
0 0.434375 0.446094 0.065625 0.098438
0 0.471875 0.582813 0.096875 0.146875
0 0.507031 0.475000 0.051563 0.075000
0 0.553906 0.497656 0.070312 0.107813
0 0.588281 0.460938 0.054688 0.087500
0 0.667969 0.557813 0.104688 0.146875
0 0.670313 0.889844 0.262500 0.220313
0 0.957031 0.835156 0.085938 0.207813
0 0.667188 0.475000 0.053125 0.075000
0 0.720313 0.485156 0.046875 0.073438
0 0.785156 0.478906 0.064063 0.098438
0 0.815625 0.539062 0.078125 0.121875
0 0.837500 0.464844 0.068750 0.079688
0 0.861719 0.428906 0.060938 0.070312
0 0.951563 0.486719 0.068750 0.095313
