0 0.016406 0.370313 0.029688 0.056250
0 0.068750 0.392969 0.040625 0.067187
0 0.119531 0.378125 0.067187 0.128125
0 0.190625 0.371094 0.028125 0.070312
0 0.211719 0.419531 0.042188 0.085938
0 0.291406 0.372656 0.026563 0.064063
0 0.341406 0.382031 0.032813 0.076563
0 0.412500 0.383594 0.031250 0.064063
0 0.436719 0.408594 0.039062 0.076563
0 0.567969 0.409375 0.057813 0.109375
0 0.600000 0.384375 0.034375 0.087500
0 0.652344 0.373438 0.035938 0.071875
0 0.715625 0.391406 0.031250 0.060938
0 0.622656 0.400000 0.026563 0.071875
0 0.811719 0.402344 0.039062 0.070312
0 0.846875 0.399219 0.043750 0.085938
0 0.895313 0.411719 0.065625 0.123438
