0 0.160156 0.475781 0.042188 0.064063
0 0.270313 0.274219 0.021875 0.035938
0 0.284375 0.238281 0.018750 0.039062
0 0.317188 0.241406 0.025000 0.039062
0 0.332813 0.218750 0.015625 0.028125
0 0.339844 0.257031 0.023438 0.035938
0 0.353906 0.231250 0.014063 0.043750
0 0.386719 0.191406 0.020313 0.032813
0 0.369531 0.242969 0.020313 0.039062
0 0.389063 0.252344 0.015625 0.048438
0 0.413281 0.252344 0.020313 0.048438
0 0.408594 0.185156 0.017188 0.032813
0 0.445312 0.173438 0.015625 0.031250
0 0.452344 0.153906 0.014063 0.023438
0 0.459375 0.225000 0.018750 0.046875
0 0.482813 0.227344 0.025000 0.057813
0 0.482813 0.150781 0.015625 0.029688
0 0.533594 0.175000 0.020313 0.037500
0 0.525000 0.214844 0.028125 0.051563
0 0.503906 0.208594 0.020313 0.035938
0 0.560156 0.156250 0.020313 0.028125
0 0.562500 0.121094 0.018750 0.039062
0 0.555469 0.250000 0.020313 0.034375
0 0.518750 0.293750 0.028125 0.050000
0 0.592187 0.123438 0.018750 0.021875
0 0.594531 0.160156 0.014063 0.039062
0 0.579688 0.170313 0.015625 0.037500
0 0.617188 0.202344 0.021875 0.048438
0 0.617188 0.150000 0.015625 0.034375
0 0.608594 0.125781 0.017188 0.020313
0 0.635156 0.135156 0.020313 0.039062
0 0.625781 0.244531 0.020313 0.035938
0 0.577344 0.286719 0.029688 0.051563
0 0.636719 0.314063 0.029688 0.059375
0 0.653906 0.203906 0.020313 0.035938
0 0.646875 0.237500 0.025000 0.046875
0 0.676563 0.258594 0.025000 0.057813
0 0.667969 0.121094 0.020313 0.039062
0 0.715625 0.135156 0.018750 0.039062
0 0.694531 0.150781 0.017188 0.029688
0 0.680469 0.213281 0.026563 0.048438
0 0.697656 0.237500 0.023438 0.053125
0 0.714844 0.182031 0.020313 0.029688
0 0.736719 0.198438 0.020313 0.046875
0 0.744531 0.148438 0.017188 0.046875
0 0.764844 0.136719 0.017188 0.026563
0 0.764844 0.168750 0.020313 0.034375
0 0.769531 0.210156 0.023438 0.048438
0 0.765625 0.262500 0.025000 0.053125
0 0.725000 0.273438 0.028125 0.050000
0 0.786719 0.144531 0.017188 0.032813
0 0.800781 0.169531 0.020313 0.032813
0 0.827344 0.151563 0.017188 0.031250
0 0.825000 0.213281 0.018750 0.042188
0 0.842188 0.188281 0.018750 0.039062
0 0.840625 0.321094 0.025000 0.048438
0 0.857813 0.250000 0.018750 0.040625
0 0.857813 0.164062 0.018750 0.046875
0 0.890625 0.161719 0.015625 0.035938
0 0.879688 0.179688 0.018750 0.046875
0 0.900000 0.204688 0.021875 0.034375
0 0.909375 0.233594 0.015625 0.045313
0 0.935156 0.253906 0.026563 0.054688
0 0.397656 0.221094 0.020313 0.042188
0 0.303125 0.245313 0.015625 0.031250
0 0.467969 0.175781 0.017188 0.042188
