0 0.056250 0.255469 0.018750 0.035938
0 0.078125 0.237500 0.015625 0.028125
0 0.163281 0.305469 0.035938 0.089063
0 0.167188 0.450000 0.037500 0.087500
0 0.333594 0.153906 0.020313 0.029688
0 0.528906 0.150781 0.023438 0.048438
0 0.463281 0.173438 0.020313 0.037500
0 0.629688 0.200781 0.025000 0.054688
0 0.565625 0.058594 0.012500 0.026563
0 0.592969 0.060156 0.014063 0.026563
0 0.613281 0.063281 0.017188 0.026563
0 0.742969 0.075781 0.014063 0.032813
0 0.798438 0.096094 0.015625 0.035938
0 0.907813 0.167969 0.012500 0.032813
0 0.939063 0.189844 0.012500 0.029688
0 0.928125 0.238281 0.018750 0.035938
0 0.930469 0.172656 0.007812 0.023438
