0 0.092969 0.385938 0.051563 0.096875
0 0.049219 0.346094 0.035938 0.067187
0 0.191406 0.397656 0.051563 0.114063
0 0.169531 0.350000 0.032813 0.059375
0 0.234375 0.332813 0.025000 0.050000
0 0.262500 0.373438 0.040625 0.084375
0 0.325781 0.364844 0.032813 0.085938
0 0.394531 0.337500 0.039062 0.084375
0 0.452344 0.332031 0.029688 0.082813
0 0.444531 0.553125 0.107813 0.181250
0 0.567188 0.435938 0.090625 0.218750
0 0.517188 0.373438 0.062500 0.143750
0 0.658594 0.417969 0.067187 0.145313
0 0.774219 0.523438 0.107813 0.225000
0 0.756250 0.358594 0.050000 0.120313
0 0.720313 0.357813 0.025000 0.071875
0 0.807813 0.337500 0.043750 0.084375
0 0.906250 0.403125 0.062500 0.140625
