0 0.271094 0.222656 0.014063 0.032813
0 0.325781 0.200000 0.014063 0.034375
0 0.337500 0.231250 0.018750 0.040625
0 0.379688 0.250000 0.018750 0.043750
0 0.367969 0.192188 0.017188 0.034375
0 0.378906 0.178906 0.017188 0.035938
0 0.394531 0.192188 0.017188 0.034375
0 0.403906 0.167188 0.017188 0.031250
0 0.419531 0.213281 0.020313 0.042188
0 0.414062 0.266406 0.021875 0.048438
0 0.424219 0.178125 0.017188 0.031250
0 0.425781 0.146094 0.014063 0.032813
0 0.470313 0.159375 0.015625 0.037500
0 0.459375 0.198438 0.018750 0.037500
0 0.497656 0.213281 0.023438 0.039062
0 0.481250 0.182031 0.018750 0.042188
0 0.501563 0.180469 0.018750 0.039062
0 0.473438 0.136719 0.012500 0.026563
0 0.499219 0.132031 0.014063 0.032813
0 0.517969 0.126562 0.014063 0.031250
0 0.533594 0.128125 0.014063 0.028125
0 0.532031 0.161719 0.017188 0.032813
0 0.538281 0.198438 0.020313 0.037500
0 0.583594 0.166406 0.017188 0.039062
0 0.567969 0.137500 0.014063 0.025000
0 0.556250 0.124219 0.012500 0.029688
0 0.577344 0.121875 0.014063 0.031250
0 0.592187 0.136719 0.012500 0.026563
0 0.601562 0.105469 0.009375 0.023438
0 0.606250 0.121875 0.012500 0.028125
0 0.624219 0.131250 0.014063 0.028125
0 0.625781 0.114063 0.010938 0.021875
0 0.625781 0.098438 0.007812 0.021875
0 0.656250 0.106250 0.012500 0.034375
0 0.675781 0.106250 0.017188 0.025000
0 0.682813 0.132031 0.012500 0.029688
0 0.708594 0.114063 0.014063 0.025000
0 0.655469 0.139063 0.014063 0.034375
0 0.615625 0.165625 0.015625 0.028125
0 0.558594 0.278125 0.032813 0.087500
0 0.578906 0.271094 0.023438 0.064063
0 0.644531 0.238281 0.023438 0.051563
0 0.635938 0.197656 0.021875 0.045313
0 0.657813 0.182031 0.021875 0.048438
0 0.668750 0.214063 0.021875 0.043750
0 0.689063 0.256250 0.021875 0.050000
0 0.706250 0.230469 0.018750 0.045313
0 0.703125 0.174219 0.018750 0.039062
0 0.696094 0.161719 0.014063 0.032813
0 0.726562 0.142187 0.012500 0.034375
0 0.734375 0.180469 0.015625 0.032813
0 0.759375 0.200781 0.021875 0.042188
0 0.780469 0.220313 0.023438 0.043750
0 0.742188 0.265625 0.031250 0.062500
0 0.761719 0.252344 0.020313 0.048438
0 0.792188 0.290625 0.025000 0.065625
0 0.757812 0.153906 0.018750 0.029688
0 0.749219 0.137500 0.014063 0.028125
0 0.753906 0.124219 0.014063 0.029688
0 0.775000 0.157031 0.012500 0.029688
0 0.796875 0.163281 0.015625 0.032813
0 0.789844 0.137500 0.014063 0.031250
0 0.810156 0.153906 0.014063 0.029688
0 0.816406 0.139063 0.014063 0.028125
0 0.836719 0.164844 0.017188 0.032813
0 0.849219 0.148438 0.014063 0.031250
0 0.858594 0.171094 0.014063 0.032813
0 0.841406 0.192969 0.017188 0.032813
0 0.841406 0.233594 0.020313 0.045313
0 0.874219 0.265625 0.023438 0.062500
0 0.840625 0.312500 0.031250 0.059375
0 0.901563 0.352344 0.031250 0.079688
0 0.920313 0.301563 0.018750 0.050000
0 0.927344 0.248438 0.017188 0.037500
0 0.907813 0.205469 0.018750 0.039062
0 0.880469 0.156250 0.017188 0.034375
0 0.909375 0.151563 0.015625 0.034375
0 0.946094 0.212500 0.014063 0.034375
0 0.936719 0.195312 0.014063 0.025000
0 0.939844 0.171875 0.014063 0.028125
