0 0.092188 0.267188 0.021875 0.050000
0 0.153906 0.246094 0.020313 0.042188
0 0.178125 0.233594 0.025000 0.051563
0 0.314063 0.235156 0.021875 0.045313
0 0.361719 0.192969 0.017188 0.035938
0 0.432031 0.267969 0.020313 0.045313
0 0.417188 0.205469 0.018750 0.039062
0 0.448438 0.234375 0.021875 0.034375
0 0.447656 0.184375 0.020313 0.037500
0 0.487500 0.179688 0.021875 0.037500
0 0.460938 0.144531 0.015625 0.026563
0 0.546875 0.192969 0.018750 0.032813
0 0.551563 0.172656 0.018750 0.032813
0 0.628125 0.324219 0.025000 0.067187
0 0.671875 0.340625 0.031250 0.078125
0 0.639063 0.264844 0.021875 0.042188
0 0.674219 0.288281 0.023438 0.051563
0 0.629688 0.221875 0.021875 0.043750
0 0.667969 0.173438 0.020313 0.043750
0 0.672656 0.225000 0.020313 0.046875
0 0.732813 0.237500 0.021875 0.043750
0 0.814063 0.257812 0.025000 0.050000
0 0.870313 0.269531 0.021875 0.054688
0 0.634375 0.128125 0.015625 0.034375
0 0.933594 0.246875 0.017188 0.040625
