0 0.163281 0.574219 0.089063 0.151563
0 0.239063 0.538281 0.056250 0.095313
0 0.283594 0.435938 0.067187 0.087500
0 0.434375 0.522656 0.100000 0.164062
0 0.589844 0.821875 0.110938 0.171875
0 0.782813 0.718750 0.078125 0.143750
0 0.873438 0.583594 0.062500 0.126562
0 0.936719 0.645313 0.073438 0.106250
0 0.956250 0.840625 0.087500 0.256250
0 0.055469 0.651563 0.067187 0.146875
0 0.292187 0.368750 0.050000 0.093750
0 0.339063 0.319531 0.059375 0.089063
0 0.527344 0.353906 0.039062 0.073438
0 0.584375 0.410156 0.050000 0.076563
0 0.642188 0.466406 0.050000 0.076563
0 0.620313 0.531250 0.062500 0.081250
0 0.205469 0.204688 0.042188 0.068750
0 0.203125 0.343750 0.053125 0.081250
0 0.019531 0.203125 0.035938 0.075000
