0 0.050781 0.365625 0.026563 0.046875
0 0.255469 0.267969 0.017188 0.035938
0 0.275000 0.275781 0.018750 0.045313
0 0.304688 0.253906 0.021875 0.051563
0 0.330469 0.214063 0.014063 0.028125
0 0.338281 0.221094 0.017188 0.035938
0 0.334375 0.260937 0.021875 0.043750
0 0.359375 0.232031 0.018750 0.035938
0 0.370313 0.199219 0.018750 0.035938
0 0.394531 0.220313 0.017188 0.040625
0 0.375781 0.267188 0.020313 0.050000
0 0.432031 0.262500 0.026563 0.053125
0 0.415625 0.196094 0.018750 0.035938
0 0.400000 0.182031 0.012500 0.035938
0 0.453906 0.194531 0.014063 0.032813
0 0.474219 0.242188 0.023438 0.037500
0 0.485938 0.203906 0.015625 0.032813
0 0.467188 0.164062 0.015625 0.037500
0 0.450781 0.164062 0.014063 0.025000
0 0.490625 0.162500 0.015625 0.028125
0 0.513281 0.185156 0.017188 0.026563
0 0.525000 0.210938 0.021875 0.043750
0 0.514844 0.160156 0.014063 0.029688
0 0.486719 0.144531 0.014063 0.032813
0 0.555469 0.161719 0.020313 0.039062
0 0.567969 0.148438 0.014063 0.028125
0 0.571875 0.121875 0.012500 0.025000
0 0.589063 0.167188 0.015625 0.037500
0 0.613281 0.130469 0.017188 0.029688
0 0.624219 0.142969 0.017188 0.029688
0 0.646094 0.120313 0.014063 0.028125
0 0.639844 0.145313 0.014063 0.025000
0 0.678906 0.118750 0.017188 0.031250
0 0.511719 0.296875 0.029688 0.056250
0 0.568750 0.293750 0.031250 0.046875
0 0.563281 0.245313 0.029688 0.050000
0 0.622656 0.303125 0.029688 0.053125
0 0.636719 0.247656 0.023438 0.054688
0 0.614844 0.216406 0.023438 0.045313
0 0.660156 0.218750 0.023438 0.046875
0 0.663281 0.178906 0.017188 0.042188
0 0.695312 0.186719 0.021875 0.042188
0 0.702344 0.151563 0.017188 0.034375
0 0.717969 0.148438 0.017188 0.034375
0 0.734375 0.158594 0.018750 0.035938
0 0.744531 0.117969 0.017188 0.035938
0 0.765625 0.165625 0.018750 0.037500
0 0.775000 0.138281 0.015625 0.035938
0 0.792969 0.152344 0.017188 0.039062
0 0.814844 0.162500 0.017188 0.040625
0 0.824219 0.151563 0.014063 0.031250
0 0.775000 0.204688 0.021875 0.040625
0 0.768750 0.224219 0.021875 0.048438
0 0.739063 0.196875 0.021875 0.037500
0 0.709375 0.224219 0.021875 0.048438
0 0.675781 0.250781 0.023438 0.051563
0 0.726562 0.287500 0.025000 0.053125
0 0.764844 0.327344 0.029688 0.054688
0 0.854688 0.328125 0.025000 0.059375
0 0.862500 0.274219 0.021875 0.048438
0 0.924219 0.271875 0.020313 0.056250
0 0.931250 0.236719 0.021875 0.045313
0 0.892188 0.204688 0.018750 0.040625
0 0.894531 0.169531 0.014063 0.032813
0 0.902344 0.157813 0.017188 0.034375
0 0.864844 0.160156 0.017188 0.035938
0 0.853906 0.197656 0.017188 0.042188
0 0.835938 0.238281 0.018750 0.039062
