0 0.115625 0.465625 0.050000 0.112500
0 0.262500 0.282813 0.018750 0.031250
0 0.282813 0.261719 0.018750 0.035938
0 0.301563 0.269531 0.021875 0.042188
0 0.318750 0.214844 0.012500 0.026563
0 0.348438 0.217188 0.015625 0.034375
0 0.346875 0.271094 0.018750 0.035938
0 0.380469 0.196875 0.017188 0.031250
0 0.378125 0.233594 0.021875 0.045313
0 0.420313 0.254688 0.025000 0.043750
0 0.412500 0.221094 0.015625 0.035938
0 0.417188 0.169531 0.012500 0.029688
0 0.434375 0.167188 0.015625 0.025000
0 0.448438 0.170313 0.012500 0.021875
0 0.455469 0.188281 0.023438 0.023438
0 0.477344 0.189063 0.017188 0.031250
0 0.484375 0.160156 0.018750 0.023438
0 0.478906 0.138281 0.014063 0.023438
0 0.460938 0.140625 0.012500 0.025000
0 0.490625 0.127344 0.012500 0.029688
0 0.533594 0.129688 0.017188 0.031250
0 0.553906 0.144531 0.014063 0.032813
0 0.562500 0.105469 0.012500 0.023438
0 0.599219 0.092969 0.014063 0.023438
0 0.596875 0.112500 0.012500 0.021875
0 0.616406 0.103906 0.010938 0.026563
0 0.626563 0.093750 0.009375 0.021875
0 0.642188 0.095313 0.012500 0.025000
0 0.647656 0.110938 0.014063 0.025000
0 0.628906 0.135156 0.014063 0.029688
0 0.596094 0.143750 0.014063 0.031250
0 0.583594 0.160938 0.017188 0.031250
0 0.550781 0.192969 0.020313 0.039062
0 0.493750 0.216406 0.021875 0.035938
0 0.490625 0.286719 0.018750 0.048438
0 0.556250 0.283594 0.028125 0.054688
0 0.566406 0.243750 0.020313 0.034375
0 0.615625 0.247656 0.021875 0.042188
0 0.622656 0.203906 0.017188 0.045313
0 0.657813 0.166406 0.018750 0.035938
0 0.670313 0.115625 0.015625 0.031250
0 0.700000 0.091406 0.015625 0.029688
0 0.706250 0.131250 0.012500 0.031250
0 0.689844 0.141406 0.014063 0.035938
0 0.702344 0.210938 0.023438 0.050000
0 0.663281 0.202344 0.020313 0.045313
0 0.676563 0.255469 0.018750 0.042188
0 0.678906 0.328906 0.026563 0.054688
0 0.610156 0.334375 0.023438 0.050000
0 0.725000 0.289062 0.028125 0.056250
0 0.762500 0.242188 0.021875 0.040625
0 0.785938 0.291406 0.025000 0.048438
0 0.754688 0.179688 0.015625 0.031250
0 0.732813 0.146875 0.018750 0.034375
0 0.737500 0.114063 0.012500 0.031250
0 0.749219 0.128125 0.014063 0.034375
0 0.757812 0.103125 0.012500 0.025000
0 0.771094 0.129688 0.014063 0.034375
0 0.780469 0.120313 0.014063 0.028125
0 0.796875 0.127344 0.015625 0.035938
0 0.814063 0.127344 0.012500 0.026563
0 0.836719 0.137500 0.017188 0.034375
0 0.817969 0.165625 0.017188 0.034375
0 0.803906 0.179688 0.017188 0.031250
0 0.874219 0.226562 0.017188 0.053125
0 0.892969 0.191406 0.017188 0.042188
0 0.897656 0.163281 0.014063 0.035938
0 0.907031 0.129688 0.010938 0.031250
0 0.875781 0.121094 0.014063 0.029688
0 0.864844 0.153125 0.017188 0.034375
0 0.931250 0.151563 0.015625 0.028125
0 0.928906 0.188281 0.014063 0.039062
0 0.935938 0.267188 0.018750 0.053125
