0 0.128906 0.545312 0.035938 0.078125
0 0.223438 0.356250 0.025000 0.037500
0 0.264063 0.350781 0.025000 0.042188
0 0.292969 0.303125 0.020313 0.040625
0 0.295313 0.369531 0.021875 0.039062
0 0.324219 0.387500 0.023438 0.050000
0 0.361719 0.296094 0.020313 0.032813
0 0.384375 0.332813 0.018750 0.031250
0 0.414062 0.335156 0.021875 0.032813
0 0.410156 0.297656 0.020313 0.032813
0 0.394531 0.253906 0.017188 0.029688
0 0.437500 0.278125 0.018750 0.031250
0 0.429688 0.244531 0.012500 0.023438
0 0.471094 0.330469 0.020313 0.035938
0 0.511719 0.317969 0.020313 0.039062
0 0.511719 0.264844 0.020313 0.029688
0 0.564844 0.272656 0.017188 0.029688
0 0.543750 0.249219 0.012500 0.029688
0 0.465625 0.281250 0.018750 0.021875
0 0.458594 0.254688 0.017188 0.025000
0 0.474219 0.235156 0.020313 0.023438
0 0.605469 0.212500 0.010938 0.028125
0 0.575000 0.222656 0.012500 0.023438
0 0.631250 0.211719 0.021875 0.029688
0 0.664062 0.235156 0.015625 0.026563
0 0.689063 0.220313 0.015625 0.025000
0 0.711719 0.247656 0.014063 0.029688
0 0.685938 0.315625 0.018750 0.037500
0 0.709375 0.297656 0.015625 0.035938
0 0.738281 0.256250 0.017188 0.031250
0 0.610938 0.249219 0.012500 0.023438
0 0.537500 0.368750 0.025000 0.046875
0 0.461719 0.423438 0.032813 0.050000
0 0.511719 0.475781 0.029688 0.045313
0 0.565625 0.450000 0.034375 0.065625
0 0.602344 0.360938 0.023438 0.037500
0 0.607031 0.323438 0.023438 0.028125
0 0.653906 0.338281 0.017188 0.032813
0 0.639844 0.307031 0.020313 0.029688
0 0.647656 0.253125 0.014063 0.028125
0 0.630469 0.399219 0.029688 0.045313
0 0.689844 0.359375 0.026563 0.043750
0 0.644531 0.484375 0.026563 0.056250
0 0.703906 0.496875 0.035938 0.075000
0 0.799219 0.531250 0.029688 0.068750
0 0.743750 0.404688 0.025000 0.043750
0 0.772656 0.413281 0.026563 0.070312
0 0.808594 0.366406 0.020313 0.042188
0 0.857813 0.406250 0.021875 0.043750
0 0.845313 0.452344 0.031250 0.051563
0 0.923438 0.464844 0.034375 0.057813
0 0.924219 0.405469 0.020313 0.045313
0 0.929688 0.348438 0.018750 0.037500
0 0.893750 0.333594 0.018750 0.032813
0 0.844531 0.318750 0.017188 0.028125
0 0.817969 0.298438 0.017188 0.031250
0 0.757812 0.304688 0.018750 0.031250
0 0.861719 0.312500 0.010938 0.028125
0 0.852344 0.270313 0.010938 0.031250
0 0.875781 0.258594 0.014063 0.032813
0 0.898438 0.276562 0.012500 0.034375
0 0.935938 0.267969 0.015625 0.032813
0 0.929688 0.325781 0.018750 0.042188
0 0.936719 0.292187 0.014063 0.025000
0 0.810938 0.238281 0.015625 0.023438
0 0.784375 0.239063 0.021875 0.034375
0 0.750000 0.234375 0.018750 0.028125
0 0.560937 0.225781 0.015625 0.029688
0 0.631250 0.249219 0.012500 0.023438
0 0.529687 0.278125 0.015625 0.025000
0 0.519531 0.241406 0.014063 0.017188
0 0.417969 0.265625 0.014063 0.028125
0 0.577344 0.265625 0.014063 0.028125
0 0.672656 0.282031 0.017188 0.026563
0 0.874219 0.377344 0.017188 0.029688
0 0.356250 0.339844 0.018750 0.029688
0 0.776563 0.286719 0.015625 0.026563
0 0.843750 0.257812 0.012500 0.031250
