0 0.561719 0.347656 0.029688 0.048438
0 0.639844 0.460156 0.042188 0.070312
0 0.742969 0.446875 0.045313 0.065625
0 0.806250 0.522656 0.059375 0.104688
0 0.843750 0.467188 0.037500 0.075000
0 0.898438 0.474219 0.053125 0.089063
0 0.961719 0.475000 0.051563 0.087500
0 0.975781 0.553906 0.048438 0.107813
0 0.500000 0.510156 0.071875 0.107813
0 0.426563 0.599219 0.109375 0.164062
0 0.372656 0.522656 0.064063 0.098438
0 0.375000 0.459375 0.034375 0.065625
0 0.327344 0.471094 0.039062 0.057813
0 0.264063 0.469531 0.059375 0.079688
0 0.230469 0.497656 0.054688 0.076563
0 0.160156 0.530469 0.079688 0.098438
0 0.155469 0.480469 0.054688 0.073438
0 0.100000 0.511719 0.053125 0.095313
0 0.052344 0.442188 0.048438 0.075000
0 0.022656 0.493750 0.042188 0.115625
