0 0.078125 0.688281 0.050000 0.064063
0 0.175000 0.687500 0.037500 0.056250
0 0.249219 0.710938 0.029688 0.062500
0 0.296875 0.712500 0.034375 0.062500
0 0.328906 0.607031 0.039062 0.057813
0 0.127344 0.535938 0.039062 0.059375
0 0.196875 0.527344 0.037500 0.051563
0 0.236719 0.478125 0.029688 0.050000
0 0.256250 0.515625 0.034375 0.053125
0 0.299219 0.535938 0.035938 0.059375
0 0.367188 0.517188 0.040625 0.043750
0 0.373438 0.567969 0.034375 0.048438
0 0.425000 0.562500 0.037500 0.053125
0 0.430469 0.517188 0.032813 0.040625
0 0.513281 0.431250 0.035938 0.059375
0 0.508594 0.530469 0.032813 0.057813
0 0.567188 0.533594 0.031250 0.051563
0 0.602344 0.526563 0.032813 0.053125
0 0.661719 0.540625 0.035938 0.059375
0 0.664844 0.485938 0.039062 0.050000
0 0.731250 0.521875 0.040625 0.062500
0 0.754688 0.489063 0.037500 0.062500
0 0.389844 0.743750 0.039062 0.068750
0 0.429688 0.704688 0.040625 0.062500
0 0.480469 0.666406 0.035938 0.057813
0 0.519531 0.629688 0.029688 0.059375
0 0.560937 0.648438 0.037500 0.071875
0 0.639063 0.677344 0.037500 0.057813
0 0.719531 0.700781 0.039062 0.060938
0 0.796094 0.710156 0.035938 0.064063
0 0.829688 0.639063 0.034375 0.062500
0 0.907031 0.675781 0.051563 0.079688
0 0.950781 0.659375 0.045313 0.065625
