0 0.084375 0.521094 0.046875 0.107813
0 0.083594 0.346094 0.042188 0.092188
0 0.161719 0.250000 0.039062 0.096875
0 0.182031 0.532031 0.051563 0.104688
0 0.275781 0.525000 0.048438 0.087500
0 0.364063 0.547656 0.046875 0.098438
0 0.452344 0.541406 0.042188 0.107813
0 0.541406 0.532031 0.039062 0.095313
0 0.641406 0.503906 0.039062 0.104688
0 0.732813 0.515625 0.050000 0.096875
0 0.818750 0.538281 0.046875 0.117188
0 0.914844 0.541406 0.042188 0.104688
0 0.882812 0.371875 0.037500 0.100000
0 0.800000 0.335938 0.037500 0.087500
0 0.728125 0.355469 0.040625 0.082813
0 0.644531 0.387500 0.045313 0.112500
0 0.547656 0.370313 0.032813 0.087500
0 0.478125 0.411719 0.040625 0.110938
0 0.403906 0.378125 0.045313 0.087500
0 0.312500 0.386719 0.053125 0.104688
0 0.216406 0.390625 0.039062 0.103125
0 0.229688 0.250000 0.040625 0.100000
0 0.318750 0.243750 0.037500 0.087500
0 0.367188 0.237500 0.037500 0.096875
0 0.425000 0.216406 0.040625 0.085938
0 0.490625 0.226562 0.037500 0.075000
0 0.557031 0.216406 0.042188 0.082813
0 0.626563 0.230469 0.040625 0.092188
0 0.696094 0.238281 0.039062 0.092188
0 0.729688 0.155469 0.040625 0.076563
0 0.798438 0.107813 0.043750 0.087500
0 0.583594 0.106250 0.039062 0.084375
0 0.513281 0.140625 0.035938 0.103125
0 0.428906 0.126562 0.035938 0.084375
0 0.327344 0.107813 0.042188 0.087500
0 0.263281 0.111719 0.042188 0.085938
0 0.210156 0.110156 0.035938 0.082813
