0 0.208594 0.440625 0.042188 0.093750
0 0.275000 0.266406 0.015625 0.035938
0 0.304688 0.250000 0.012500 0.034375
0 0.322656 0.260937 0.014063 0.040625
0 0.332031 0.256250 0.017188 0.031250
0 0.334375 0.219531 0.012500 0.032813
0 0.366406 0.247656 0.020313 0.042188
0 0.340625 0.221875 0.015625 0.031250
0 0.400781 0.257031 0.017188 0.042188
0 0.425000 0.265625 0.018750 0.043750
0 0.392188 0.188281 0.012500 0.026563
0 0.410156 0.171875 0.010938 0.028125
0 0.425000 0.182031 0.012500 0.035938
0 0.441406 0.157031 0.010938 0.029688
0 0.465625 0.160938 0.012500 0.031250
0 0.457813 0.218750 0.015625 0.037500
0 0.478906 0.187500 0.014063 0.028125
0 0.482031 0.227344 0.017188 0.042188
0 0.445312 0.154688 0.009375 0.025000
0 0.496875 0.128125 0.009375 0.021875
0 0.507812 0.184375 0.012500 0.037500
0 0.521875 0.150781 0.012500 0.029688
0 0.486719 0.305469 0.020313 0.045313
0 0.539062 0.309375 0.025000 0.046875
0 0.553906 0.257031 0.020313 0.054688
0 0.548438 0.196094 0.015625 0.039062
0 0.552344 0.165625 0.017188 0.034375
0 0.555469 0.142969 0.014063 0.032813
0 0.600781 0.112500 0.017188 0.031250
0 0.587500 0.157813 0.015625 0.031250
0 0.625781 0.130469 0.014063 0.026563
0 0.642188 0.115625 0.012500 0.028125
0 0.664062 0.122656 0.012500 0.032813
0 0.653906 0.170313 0.017188 0.040625
0 0.615625 0.208594 0.018750 0.042188
0 0.611719 0.253125 0.023438 0.053125
0 0.653125 0.217969 0.018750 0.048438
0 0.645313 0.264063 0.021875 0.056250
0 0.684375 0.314063 0.025000 0.059375
0 0.703906 0.281250 0.023438 0.059375
0 0.688281 0.182813 0.017188 0.040625
0 0.704688 0.228906 0.021875 0.048438
0 0.721094 0.150781 0.014063 0.035938
0 0.752344 0.143750 0.010938 0.031250
0 0.764844 0.121094 0.014063 0.029688
0 0.739844 0.193750 0.014063 0.037500
0 0.752344 0.228125 0.017188 0.043750
0 0.760156 0.173438 0.010938 0.034375
0 0.790625 0.274219 0.018750 0.048438
0 0.778125 0.346094 0.031250 0.073438
0 0.784375 0.214063 0.015625 0.034375
0 0.809375 0.228906 0.018750 0.048438
0 0.848438 0.314844 0.021875 0.060938
0 0.833594 0.137500 0.010938 0.028125
0 0.875781 0.146094 0.010938 0.029688
0 0.803125 0.135938 0.012500 0.031250
0 0.821875 0.157813 0.012500 0.037500
0 0.839063 0.194531 0.015625 0.042188
0 0.821094 0.208594 0.014063 0.045313
0 0.855469 0.256250 0.020313 0.050000
0 0.892188 0.252344 0.021875 0.045313
0 0.887500 0.202344 0.012500 0.032813
0 0.874219 0.217969 0.017188 0.045313
0 0.788281 0.158594 0.010938 0.035938
0 0.803125 0.178906 0.012500 0.032813
