0 0.143750 0.470313 0.053125 0.106250
0 0.175781 0.425000 0.035938 0.075000
0 0.248438 0.446094 0.053125 0.098438
0 0.267188 0.417969 0.034375 0.073438
0 0.343750 0.482031 0.056250 0.123438
0 0.385156 0.483594 0.032813 0.073438
0 0.356250 0.404688 0.031250 0.059375
0 0.433594 0.413281 0.035938 0.076563
0 0.459375 0.489063 0.043750 0.115625
0 0.478125 0.461719 0.031250 0.079688
0 0.508594 0.424219 0.026563 0.060938
0 0.538281 0.467969 0.029688 0.064063
0 0.573438 0.456250 0.046875 0.115625
0 0.600000 0.475000 0.025000 0.053125
0 0.610938 0.422656 0.025000 0.060938
0 0.658594 0.470313 0.051563 0.103125
0 0.765625 0.453906 0.050000 0.114063
0 0.821875 0.326563 0.034375 0.068750
0 0.752344 0.334375 0.026563 0.059375
0 0.710156 0.339844 0.026563 0.064063
0 0.667188 0.337500 0.028125 0.071875
0 0.631250 0.329688 0.025000 0.059375
0 0.602344 0.333594 0.029688 0.064063
0 0.546094 0.300781 0.026563 0.057813
0 0.492188 0.295313 0.031250 0.078125
0 0.446875 0.314844 0.031250 0.060938
0 0.392969 0.308594 0.032813 0.064063
0 0.314063 0.307031 0.034375 0.067187
0 0.243750 0.273438 0.034375 0.065625
0 0.151563 0.292969 0.050000 0.089063
0 0.096875 0.170313 0.037500 0.084375
0 0.183594 0.157813 0.039062 0.071875
0 0.246875 0.173438 0.034375 0.071875
0 0.317188 0.162500 0.034375 0.081250
0 0.384375 0.203906 0.025000 0.070312
0 0.448438 0.207813 0.034375 0.068750
0 0.498438 0.205469 0.031250 0.064063
0 0.543750 0.225781 0.028125 0.064063
0 0.580469 0.225000 0.026563 0.062500
0 0.639844 0.205469 0.029688 0.064063
0 0.675781 0.215625 0.029688 0.059375
0 0.720313 0.215625 0.028125 0.065625
0 0.800000 0.209375 0.031250 0.059375
