0 0.095313 0.555469 0.053125 0.114063
0 0.201563 0.293750 0.021875 0.050000
0 0.221875 0.277344 0.021875 0.048438
0 0.278125 0.237500 0.021875 0.046875
0 0.317969 0.233594 0.020313 0.045313
0 0.335156 0.229688 0.020313 0.053125
0 0.328906 0.192188 0.017188 0.040625
0 0.358594 0.209375 0.020313 0.040625
0 0.371094 0.194531 0.017188 0.035938
0 0.378906 0.258594 0.020313 0.051563
0 0.398438 0.226562 0.015625 0.043750
0 0.419531 0.171875 0.014063 0.037500
0 0.434375 0.160938 0.012500 0.031250
0 0.445312 0.185938 0.015625 0.040625
0 0.462500 0.162500 0.018750 0.040625
0 0.473438 0.134375 0.012500 0.034375
0 0.485938 0.168750 0.015625 0.046875
0 0.500000 0.146094 0.015625 0.039062
0 0.506250 0.198438 0.015625 0.037500
0 0.478906 0.244531 0.020313 0.054688
0 0.446094 0.296094 0.026563 0.054688
0 0.554688 0.221875 0.015625 0.046875
0 0.532813 0.156250 0.015625 0.037500
0 0.560156 0.156250 0.014063 0.037500
0 0.561719 0.132031 0.014063 0.032813
0 0.589844 0.130469 0.014063 0.035938
0 0.605469 0.122656 0.017188 0.039062
0 0.587500 0.196094 0.015625 0.042188
0 0.587500 0.165625 0.012500 0.034375
0 0.610156 0.181250 0.014063 0.037500
0 0.630469 0.189063 0.017188 0.040625
0 0.621875 0.151563 0.015625 0.037500
0 0.627344 0.125781 0.017188 0.042188
0 0.652344 0.137500 0.014063 0.037500
0 0.665625 0.145313 0.015625 0.043750
0 0.661719 0.177344 0.014063 0.039062
0 0.693750 0.158594 0.018750 0.045313
0 0.699219 0.131250 0.017188 0.043750
0 0.721094 0.146094 0.014063 0.039062
0 0.713281 0.207813 0.017188 0.040625
0 0.581250 0.330469 0.028125 0.064063
0 0.614844 0.304688 0.026563 0.059375
0 0.617969 0.371875 0.029688 0.071875
0 0.665625 0.400781 0.031250 0.076563
0 0.677344 0.226562 0.023438 0.053125
0 0.729688 0.258594 0.025000 0.057813
0 0.743750 0.209375 0.015625 0.050000
0 0.761719 0.224219 0.020313 0.045313
0 0.768750 0.192188 0.015625 0.037500
0 0.780469 0.175781 0.014063 0.035938
0 0.818750 0.186719 0.015625 0.048438
0 0.840625 0.209375 0.015625 0.043750
0 0.824219 0.241406 0.017188 0.045313
0 0.802344 0.253125 0.020313 0.050000
0 0.774219 0.280469 0.020313 0.048438
0 0.825000 0.295313 0.021875 0.062500
0 0.732813 0.398438 0.028125 0.068750
0 0.811719 0.462500 0.042188 0.081250
0 0.886719 0.417188 0.029688 0.075000
0 0.871875 0.335938 0.021875 0.053125
0 0.866406 0.514844 0.032813 0.085938
0 0.880469 0.228125 0.014063 0.037500
0 0.887500 0.212500 0.012500 0.031250
0 0.909375 0.231250 0.015625 0.034375
0 0.907813 0.283594 0.021875 0.057813
0 0.938281 0.264844 0.014063 0.048438
0 0.929688 0.320312 0.015625 0.053125
0 0.953906 0.371094 0.020313 0.064063
0 0.958594 0.452344 0.026563 0.073438
0 0.982813 0.367188 0.018750 0.056250
0 0.982813 0.322656 0.015625 0.045313
0 0.981250 0.289062 0.015625 0.040625
0 0.990625 0.268750 0.012500 0.034375
0 0.958594 0.239844 0.014063 0.042188
