0 0.048438 0.591406 0.071875 0.123438
0 0.044531 0.537500 0.057813 0.081250
0 0.074219 0.459375 0.064063 0.106250
0 0.112500 0.442969 0.050000 0.089063
0 0.213281 0.539844 0.067187 0.107813
0 0.222656 0.485156 0.060938 0.089063
0 0.276562 0.532813 0.062500 0.096875
0 0.253125 0.684375 0.093750 0.150000
0 0.364063 0.750781 0.100000 0.164062
0 0.389063 0.531250 0.065625 0.106250
0 0.405469 0.475000 0.057813 0.075000
0 0.482813 0.710156 0.093750 0.185938
0 0.613281 0.578125 0.076563 0.125000
0 0.733594 0.541406 0.064063 0.110938
0 0.654688 0.889844 0.118750 0.201563
0 0.805469 0.630469 0.079688 0.110938
0 0.865625 0.718750 0.084375 0.159375
0 0.927344 0.804688 0.095313 0.165625
0 0.898438 0.591406 0.081250 0.135938
0 0.877344 0.500000 0.060938 0.090625
0 0.735156 0.204688 0.042188 0.081250
