0 0.100781 0.807031 0.148438 0.201563
0 0.037500 0.711719 0.071875 0.123438
0 0.060156 0.605469 0.060938 0.098438
0 0.091406 0.574219 0.045313 0.073438
0 0.134375 0.580469 0.056250 0.076563
0 0.041406 0.528125 0.039062 0.050000
0 0.150781 0.652344 0.067187 0.092188
0 0.188281 0.605469 0.045313 0.067187
0 0.219531 0.568750 0.035938 0.053125
0 0.193750 0.538281 0.037500 0.051563
0 0.232031 0.528125 0.026563 0.050000
0 0.242969 0.559375 0.029688 0.053125
0 0.282813 0.546094 0.037500 0.057813
0 0.269531 0.607031 0.042188 0.064063
0 0.231250 0.699219 0.084375 0.145313
0 0.341406 0.710156 0.060938 0.073438
0 0.332031 0.604688 0.057813 0.087500
0 0.344531 0.547656 0.039062 0.057813
0 0.388281 0.539062 0.042188 0.068750
0 0.375781 0.609375 0.039062 0.062500
0 0.432031 0.535156 0.032813 0.067187
0 0.632812 0.357031 0.025000 0.035938
0 0.625000 0.511719 0.028125 0.051563
0 0.633594 0.535156 0.029688 0.048438
0 0.653125 0.561719 0.031250 0.054688
0 0.694531 0.580469 0.042188 0.073438
0 0.724219 0.617188 0.054688 0.084375
0 0.734375 0.573438 0.040625 0.071875
0 0.696875 0.521094 0.031250 0.060938
0 0.767188 0.544531 0.028125 0.048438
0 0.769531 0.510156 0.035938 0.057813
0 0.788281 0.594531 0.042188 0.079688
0 0.856250 0.596875 0.050000 0.103125
0 0.843750 0.545312 0.034375 0.050000
0 0.850781 0.503906 0.039062 0.070312
0 0.898438 0.582813 0.043750 0.078125
0 0.887500 0.789062 0.103125 0.171875
0 0.944531 0.597656 0.051563 0.089063
0 0.917969 0.541406 0.048438 0.073438
