0 0.087500 0.560156 0.050000 0.107813
0 0.216406 0.353125 0.017188 0.028125
0 0.257031 0.350781 0.017188 0.045313
0 0.281250 0.370313 0.021875 0.043750
0 0.312500 0.398438 0.025000 0.046875
0 0.285156 0.310156 0.017188 0.032813
0 0.350781 0.332031 0.017188 0.029688
0 0.351562 0.299219 0.018750 0.032813
0 0.401563 0.341406 0.018750 0.039062
0 0.400000 0.300000 0.015625 0.031250
0 0.396875 0.247656 0.012500 0.029688
0 0.414062 0.264844 0.012500 0.029688
0 0.419531 0.251563 0.014063 0.025000
0 0.439844 0.267969 0.014063 0.032813
0 0.429688 0.304688 0.018750 0.037500
0 0.435938 0.331250 0.018750 0.037500
0 0.464063 0.308594 0.015625 0.035938
0 0.458594 0.278125 0.014063 0.028125
0 0.444531 0.249219 0.014063 0.026563
0 0.457031 0.239844 0.014063 0.026563
0 0.481250 0.271094 0.015625 0.035938
0 0.494531 0.259375 0.014063 0.028125
0 0.503125 0.246094 0.012500 0.029688
0 0.522656 0.255469 0.014063 0.035938
0 0.505469 0.300000 0.014063 0.037500
0 0.494531 0.331250 0.020313 0.043750
0 0.446094 0.417969 0.026563 0.060938
0 0.517969 0.420313 0.026563 0.059375
0 0.526563 0.371094 0.018750 0.054688
0 0.592969 0.425781 0.026563 0.060938
0 0.558594 0.278125 0.017188 0.034375
0 0.556250 0.237500 0.012500 0.025000
0 0.552344 0.223438 0.010938 0.021875
0 0.560156 0.204688 0.010938 0.025000
0 0.561719 0.256250 0.014063 0.031250
0 0.574219 0.252344 0.014063 0.029688
0 0.586719 0.234375 0.014063 0.028125
0 0.596875 0.211719 0.012500 0.026563
0 0.612500 0.214063 0.012500 0.028125
0 0.610156 0.233594 0.014063 0.029688
0 0.620313 0.257812 0.012500 0.034375
0 0.617188 0.293750 0.015625 0.043750
0 0.585156 0.326563 0.023438 0.040625
0 0.629688 0.335938 0.018750 0.043750
0 0.640625 0.223438 0.009375 0.021875
0 0.651563 0.235156 0.012500 0.029688
0 0.667969 0.228906 0.014063 0.029688
0 0.653906 0.267969 0.017188 0.032813
0 0.688281 0.253906 0.014063 0.032813
0 0.666406 0.331250 0.020313 0.043750
0 0.666406 0.361719 0.017188 0.042188
0 0.635938 0.391406 0.025000 0.048438
0 0.644531 0.436719 0.026563 0.064063
0 0.714063 0.397656 0.021875 0.051563
0 0.702344 0.288281 0.014063 0.035938
0 0.709375 0.283594 0.012500 0.029688
0 0.714844 0.252344 0.014063 0.032813
0 0.725781 0.233594 0.014063 0.029688
0 0.755469 0.243750 0.014063 0.025000
0 0.750781 0.268750 0.014063 0.040625
0 0.739844 0.280469 0.014063 0.039062
0 0.782813 0.247656 0.012500 0.029688
0 0.812500 0.260156 0.012500 0.032813
0 0.840625 0.256250 0.012500 0.031250
0 0.904688 0.274219 0.012500 0.032813
0 0.865625 0.286719 0.012500 0.035938
0 0.903125 0.313281 0.012500 0.035938
0 0.896094 0.339063 0.014063 0.043750
0 0.894531 0.364063 0.014063 0.043750
0 0.867969 0.339063 0.014063 0.043750
0 0.831250 0.279688 0.012500 0.040625
0 0.824219 0.316406 0.014063 0.039062
0 0.841406 0.340625 0.017188 0.046875
0 0.880469 0.398438 0.020313 0.050000
0 0.877344 0.453125 0.026563 0.059375
0 0.836719 0.410156 0.023438 0.054688
0 0.788281 0.304688 0.014063 0.037500
0 0.786719 0.276562 0.014063 0.034375
0 0.802344 0.341406 0.017188 0.045313
0 0.785156 0.357813 0.020313 0.053125
0 0.816406 0.436719 0.023438 0.057813
0 0.760156 0.432031 0.029688 0.051563
0 0.790625 0.521094 0.031250 0.067187
0 0.687500 0.505469 0.034375 0.082813
