0 0.888281 0.153125 0.010938 0.031250
0 0.920313 0.168750 0.012500 0.028125
0 0.946875 0.196875 0.012500 0.034375
0 0.907031 0.175781 0.014063 0.035938
0 0.889063 0.221875 0.015625 0.040625
0 0.930469 0.265625 0.017188 0.046875
0 0.921875 0.321875 0.018750 0.056250
0 0.878125 0.300000 0.018750 0.050000
0 0.850000 0.149219 0.012500 0.029688
0 0.857813 0.183594 0.015625 0.039062
0 0.869531 0.172656 0.014063 0.035938
0 0.934375 0.239063 0.015625 0.043750
0 0.833594 0.168750 0.014063 0.034375
0 0.846875 0.208594 0.015625 0.039062
0 0.840625 0.354688 0.028125 0.068750
0 0.857813 0.322656 0.021875 0.060938
0 0.762500 0.125781 0.012500 0.026563
0 0.790625 0.135156 0.012500 0.026563
0 0.753906 0.171094 0.014063 0.029688
0 0.771094 0.149219 0.010938 0.029688
0 0.789844 0.178125 0.014063 0.037500
0 0.800000 0.197656 0.015625 0.045313
0 0.808594 0.157031 0.010938 0.029688
0 0.818750 0.188281 0.015625 0.045313
0 0.798438 0.264844 0.018750 0.054688
0 0.814063 0.253125 0.018750 0.053125
0 0.758594 0.331250 0.026563 0.071875
0 0.728125 0.235156 0.018750 0.048438
0 0.705469 0.208594 0.017188 0.032813
0 0.710938 0.165625 0.012500 0.037500
0 0.725000 0.140625 0.012500 0.034375
0 0.695312 0.120313 0.012500 0.028125
0 0.676563 0.115625 0.009375 0.025000
0 0.650000 0.100000 0.009375 0.021875
0 0.620313 0.096875 0.009375 0.021875
0 0.636719 0.119531 0.010938 0.026563
0 0.662500 0.132031 0.009375 0.023438
0 0.663281 0.184375 0.014063 0.034375
0 0.677344 0.210938 0.017188 0.040625
0 0.677344 0.259375 0.020313 0.043750
0 0.683594 0.331250 0.029688 0.071875
0 0.639063 0.291406 0.028125 0.064063
0 0.560937 0.121094 0.009375 0.023438
0 0.582031 0.136719 0.010938 0.032813
0 0.601562 0.134375 0.015625 0.028125
0 0.612500 0.119531 0.009375 0.029688
0 0.625781 0.151563 0.014063 0.031250
0 0.612500 0.164062 0.012500 0.034375
0 0.638281 0.196875 0.017188 0.040625
0 0.642969 0.243750 0.020313 0.050000
0 0.598438 0.235156 0.018750 0.042188
0 0.588281 0.282031 0.023438 0.054688
0 0.532813 0.264844 0.021875 0.051563
0 0.510938 0.209375 0.018750 0.043750
0 0.525000 0.126562 0.009375 0.025000
0 0.542969 0.147656 0.014063 0.035938
0 0.554688 0.166406 0.015625 0.035938
0 0.539844 0.176563 0.017188 0.037500
0 0.423438 0.149219 0.009375 0.023438
0 0.445312 0.168750 0.012500 0.028125
0 0.463281 0.177344 0.014063 0.029688
0 0.482031 0.185156 0.014063 0.039062
0 0.479688 0.126562 0.009375 0.021875
0 0.504688 0.134375 0.009375 0.025000
0 0.503125 0.150000 0.012500 0.028125
0 0.452344 0.207813 0.017188 0.043750
0 0.412500 0.215625 0.015625 0.040625
0 0.323438 0.189063 0.012500 0.031250
0 0.319531 0.229688 0.014063 0.031250
0 0.354688 0.196875 0.012500 0.031250
0 0.187500 0.374219 0.040625 0.089063
0 0.709375 0.117969 0.009375 0.017188
