0 0.080469 0.475000 0.032813 0.046875
0 0.132812 0.428125 0.028125 0.053125
0 0.151563 0.472656 0.028125 0.057813
0 0.171875 0.445312 0.028125 0.053125
0 0.209375 0.480469 0.031250 0.060938
0 0.210938 0.432813 0.031250 0.056250
0 0.246875 0.468750 0.031250 0.050000
0 0.255469 0.428125 0.023438 0.046875
0 0.298438 0.427344 0.031250 0.054688
0 0.279688 0.494531 0.031250 0.051563
0 0.321094 0.487500 0.029688 0.046875
0 0.343750 0.450000 0.028125 0.050000
0 0.367188 0.489844 0.031250 0.057813
0 0.389063 0.446094 0.028125 0.060938
0 0.399219 0.494531 0.026563 0.051563
0 0.442969 0.498438 0.026563 0.050000
0 0.434375 0.461719 0.025000 0.051563
0 0.459375 0.449219 0.031250 0.054688
0 0.481250 0.443750 0.028125 0.050000
0 0.494531 0.480469 0.029688 0.060938
0 0.535938 0.489063 0.031250 0.053125
0 0.528125 0.451563 0.028125 0.050000
0 0.560156 0.443750 0.023438 0.050000
0 0.567969 0.497656 0.026563 0.051563
0 0.600781 0.505469 0.026563 0.051563
0 0.588281 0.450781 0.023438 0.051563
0 0.612500 0.457813 0.025000 0.050000
0 0.639063 0.457031 0.021875 0.045313
0 0.642188 0.498438 0.031250 0.046875
0 0.678906 0.514062 0.029688 0.053125
0 0.684375 0.462500 0.028125 0.043750
0 0.708594 0.494531 0.020313 0.042188
0 0.721094 0.475000 0.023438 0.040625
0 0.741406 0.484375 0.026563 0.046875
0 0.764063 0.462500 0.021875 0.043750
0 0.783594 0.490625 0.026563 0.050000
0 0.835156 0.477344 0.029688 0.060938
0 0.908594 0.485156 0.032813 0.060938
