0 0.117969 0.473438 0.064063 0.103125
0 0.019531 0.464844 0.035938 0.132812
0 0.162500 0.432031 0.040625 0.079688
0 0.152344 0.389063 0.035938 0.059375
0 0.206250 0.372656 0.040625 0.079688
0 0.240625 0.613281 0.096875 0.145313
0 0.301563 0.414062 0.053125 0.090625
0 0.361719 0.390625 0.035938 0.062500
0 0.374219 0.282813 0.032813 0.053125
0 0.510938 0.503125 0.087500 0.156250
0 0.486719 0.436719 0.042188 0.070312
0 0.607031 0.235938 0.032813 0.059375
0 0.653906 0.334375 0.042188 0.090625
0 0.653125 0.368750 0.034375 0.065625
0 0.698438 0.353906 0.037500 0.070312
0 0.707031 0.416406 0.045313 0.089063
0 0.761719 0.410156 0.057813 0.101562
0 0.836719 0.430469 0.064063 0.142187
