0 0.136719 0.703125 0.095313 0.150000
0 0.219531 0.593750 0.073438 0.100000
0 0.289844 0.541406 0.051563 0.098438
0 0.319531 0.485156 0.042188 0.076563
0 0.169531 0.475000 0.045313 0.078125
0 0.210156 0.452344 0.032813 0.057813
0 0.238281 0.432031 0.039062 0.057813
0 0.279688 0.418750 0.031250 0.056250
0 0.312500 0.411719 0.028125 0.045313
0 0.389844 0.473438 0.039062 0.075000
0 0.106250 0.392969 0.031250 0.039062
0 0.029688 0.414062 0.034375 0.053125
0 0.187500 0.369531 0.025000 0.042188
0 0.162500 0.387500 0.018750 0.037500
0 0.140625 0.384375 0.021875 0.037500
0 0.341406 0.386719 0.020313 0.029688
0 0.363281 0.377344 0.020313 0.032813
0 0.404688 0.409375 0.025000 0.043750
0 0.380469 0.417969 0.026563 0.032813
0 0.564063 0.390625 0.018750 0.046875
0 0.585156 0.383594 0.020313 0.039062
0 0.603125 0.419531 0.025000 0.045313
0 0.636719 0.442188 0.026563 0.050000
0 0.666406 0.407031 0.026563 0.039062
0 0.655469 0.392188 0.014063 0.028125
0 0.646094 0.383594 0.020313 0.035938
0 0.715625 0.502344 0.043750 0.085938
0 0.732813 0.554688 0.059375 0.096875
0 0.714063 0.414844 0.025000 0.051563
0 0.738281 0.442969 0.029688 0.057813
0 0.779688 0.453906 0.037500 0.070312
0 0.831250 0.488281 0.050000 0.073438
0 0.898438 0.514844 0.050000 0.076563
