0 0.086719 0.712500 0.145313 0.228125
0 0.017188 0.483594 0.031250 0.054688
0 0.071094 0.503906 0.054688 0.064063
0 0.068750 0.460938 0.040625 0.053125
0 0.126562 0.454688 0.040625 0.037500
0 0.192969 0.474219 0.039062 0.057813
0 0.251563 0.458594 0.037500 0.054688
0 0.299219 0.595313 0.082813 0.093750
0 0.326563 0.517188 0.053125 0.081250
0 0.305469 0.471875 0.029688 0.043750
0 0.411719 0.486719 0.042188 0.048438
0 0.447656 0.478906 0.032813 0.032813
0 0.446875 0.460938 0.025000 0.031250
0 0.591406 0.453906 0.023438 0.039062
0 0.625781 0.483594 0.039062 0.060938
0 0.600000 0.481250 0.028125 0.037500
0 0.661719 0.516406 0.051563 0.073438
0 0.705469 0.582813 0.064063 0.084375
0 0.927344 0.673438 0.148438 0.212500
0 0.903906 0.543750 0.054688 0.075000
0 0.957031 0.474219 0.042188 0.054688
0 0.838281 0.481250 0.048438 0.071875
0 0.788281 0.477344 0.039062 0.057813
0 0.747656 0.464844 0.023438 0.042188
