0 0.119531 0.263281 0.023438 0.042188
0 0.190625 0.314063 0.040625 0.090625
0 0.177344 0.439063 0.045313 0.087500
0 0.355469 0.214063 0.020313 0.040625
0 0.427344 0.219531 0.020313 0.042188
0 0.454688 0.198438 0.025000 0.046875
0 0.507812 0.117969 0.025000 0.045313
0 0.562500 0.107031 0.025000 0.045313
0 0.626563 0.132031 0.018750 0.042188
0 0.549219 0.192188 0.020313 0.043750
0 0.582813 0.207813 0.025000 0.046875
0 0.641406 0.247656 0.029688 0.054688
0 0.721875 0.274219 0.028125 0.060938
0 0.844531 0.341406 0.032813 0.057813
0 0.837500 0.214844 0.021875 0.045313
0 0.916406 0.284375 0.026563 0.050000
0 0.930469 0.163281 0.014063 0.032813
0 0.903906 0.124219 0.017188 0.032813
