0 0.210156 0.360938 0.048438 0.100000
0 0.282813 0.259375 0.018750 0.037500
0 0.329688 0.278125 0.018750 0.043750
0 0.343750 0.268750 0.018750 0.037500
0 0.355469 0.216406 0.017188 0.039062
0 0.380469 0.212500 0.020313 0.043750
0 0.421094 0.215625 0.020313 0.037500
0 0.439844 0.233594 0.017188 0.035938
0 0.427344 0.283594 0.023438 0.045313
0 0.423438 0.177344 0.018750 0.032813
0 0.441406 0.192188 0.017188 0.037500
0 0.466406 0.198438 0.017188 0.031250
0 0.444531 0.158594 0.014063 0.029688
0 0.456250 0.166406 0.018750 0.029688
0 0.497656 0.168750 0.017188 0.037500
0 0.483594 0.136719 0.014063 0.023438
0 0.503125 0.200000 0.018750 0.031250
0 0.525000 0.194531 0.018750 0.035938
0 0.517188 0.139844 0.018750 0.032813
0 0.534375 0.133594 0.015625 0.026563
0 0.553125 0.158594 0.018750 0.039062
0 0.554688 0.120313 0.012500 0.025000
0 0.571094 0.159375 0.014063 0.028125
0 0.589844 0.110156 0.014063 0.029688
0 0.609375 0.121875 0.015625 0.031250
0 0.685938 0.106250 0.015625 0.037500
0 0.555469 0.255469 0.023438 0.045313
0 0.478906 0.333594 0.032813 0.064063
0 0.542188 0.321875 0.028125 0.053125
0 0.604688 0.322656 0.028125 0.054688
0 0.603906 0.253125 0.023438 0.050000
0 0.614844 0.203906 0.020313 0.042188
0 0.664062 0.203125 0.021875 0.043750
0 0.677344 0.160938 0.020313 0.043750
0 0.698438 0.175781 0.018750 0.039062
0 0.710938 0.203125 0.025000 0.050000
0 0.710156 0.278125 0.029688 0.062500
0 0.672656 0.319531 0.029688 0.060938
0 0.658594 0.262500 0.023438 0.043750
0 0.772656 0.317969 0.023438 0.057813
0 0.745313 0.185938 0.021875 0.050000
0 0.705469 0.142187 0.014063 0.031250
0 0.731250 0.128125 0.015625 0.034375
0 0.746875 0.146875 0.015625 0.031250
0 0.764063 0.128125 0.018750 0.028125
0 0.752344 0.110938 0.014063 0.031250
0 0.795313 0.128125 0.015625 0.031250
0 0.807031 0.126562 0.014063 0.028125
0 0.798438 0.183594 0.018750 0.039062
0 0.816406 0.169531 0.017188 0.032813
0 0.842969 0.190625 0.020313 0.046875
0 0.869531 0.130469 0.014063 0.035938
0 0.882031 0.188281 0.017188 0.039062
0 0.871875 0.229688 0.018750 0.050000
0 0.914844 0.185938 0.020313 0.046875
0 0.910938 0.100000 0.018750 0.031250
