0 0.941406 0.176563 0.010938 0.028125
0 0.904688 0.197656 0.009375 0.029688
0 0.933594 0.212500 0.010938 0.028125
0 0.917969 0.250781 0.014063 0.042188
0 0.880469 0.235938 0.017188 0.043750
0 0.871094 0.296094 0.017188 0.051563
0 0.855469 0.147656 0.010938 0.029688
0 0.878906 0.150000 0.010938 0.028125
0 0.855469 0.200781 0.017188 0.039062
0 0.820312 0.125781 0.012500 0.023438
0 0.826563 0.171094 0.012500 0.035938
0 0.808594 0.192188 0.014063 0.037500
0 0.787500 0.223438 0.012500 0.037500
0 0.792188 0.130469 0.009375 0.026563
0 0.805469 0.157031 0.010938 0.029688
0 0.783594 0.162500 0.014063 0.037500
0 0.773438 0.168750 0.012500 0.037500
0 0.739844 0.180469 0.010938 0.029688
0 0.698438 0.173438 0.012500 0.034375
0 0.711719 0.186719 0.017188 0.042188
0 0.713281 0.237500 0.017188 0.046875
0 0.658594 0.199219 0.017188 0.042188
0 0.635156 0.207813 0.017188 0.043750
0 0.664062 0.236719 0.021875 0.042188
0 0.596094 0.224219 0.020313 0.048438
0 0.610156 0.103906 0.007812 0.020313
0 0.598438 0.133594 0.012500 0.029688
0 0.615625 0.167188 0.012500 0.028125
0 0.647656 0.141406 0.010938 0.026563
0 0.656250 0.120313 0.009375 0.021875
0 0.692969 0.111719 0.010938 0.026563
0 0.717969 0.117969 0.007812 0.023438
0 0.571875 0.125781 0.012500 0.023438
0 0.580469 0.174219 0.014063 0.032813
0 0.526563 0.126562 0.009375 0.021875
0 0.523438 0.162500 0.012500 0.031250
0 0.539844 0.146094 0.010938 0.026563
0 0.535156 0.223438 0.014063 0.034375
0 0.476562 0.205469 0.012500 0.035938
0 0.517188 0.190625 0.015625 0.034375
0 0.498438 0.128125 0.009375 0.018750
0 0.399219 0.160938 0.014063 0.028125
0 0.417188 0.169531 0.012500 0.026563
0 0.432031 0.167969 0.010938 0.026563
0 0.449219 0.157813 0.010938 0.025000
0 0.464844 0.176563 0.014063 0.028125
0 0.467188 0.135156 0.012500 0.026563
0 0.471875 0.156250 0.012500 0.034375
0 0.485156 0.143750 0.010938 0.025000
0 0.407813 0.222656 0.025000 0.054688
0 0.327344 0.195312 0.014063 0.028125
0 0.358594 0.203906 0.014063 0.029688
