0 0.086719 0.600781 0.101562 0.145313
0 0.179688 0.564844 0.059375 0.107813
0 0.250000 0.629688 0.100000 0.156250
0 0.251563 0.549219 0.053125 0.085938
0 0.348438 0.598438 0.062500 0.103125
0 0.356250 0.551563 0.050000 0.078125
0 0.433594 0.407031 0.042188 0.076563
0 0.427344 0.592969 0.073438 0.173438
0 0.484375 0.598438 0.046875 0.078125
0 0.476562 0.539844 0.046875 0.082813
0 0.632031 0.642969 0.082813 0.154688
0 0.601562 0.581250 0.059375 0.106250
0 0.717188 0.581250 0.059375 0.090625
0 0.768750 0.579688 0.071875 0.118750
0 0.860156 0.653906 0.117188 0.176563
