0 0.053125 0.370313 0.018750 0.050000
0 0.250000 0.257031 0.012500 0.029688
0 0.275781 0.268750 0.010938 0.021875
0 0.267188 0.265625 0.009375 0.025000
0 0.292969 0.265625 0.017188 0.034375
0 0.319531 0.261719 0.017188 0.045313
0 0.338281 0.268750 0.017188 0.040625
0 0.325000 0.220313 0.015625 0.031250
0 0.352344 0.228125 0.014063 0.034375
0 0.357031 0.204688 0.014063 0.028125
0 0.367969 0.196875 0.014063 0.031250
0 0.389063 0.189063 0.012500 0.031250
0 0.405469 0.196875 0.017188 0.037500
0 0.385938 0.229688 0.018750 0.034375
0 0.374219 0.270313 0.020313 0.043750
0 0.394531 0.285156 0.020313 0.045313
0 0.437500 0.232813 0.021875 0.043750
0 0.476562 0.232031 0.021875 0.045313
0 0.453906 0.194531 0.017188 0.035938
0 0.449219 0.162500 0.020313 0.028125
0 0.467969 0.139063 0.014063 0.031250
0 0.487500 0.134375 0.012500 0.025000
0 0.500000 0.167188 0.015625 0.037500
0 0.489063 0.190625 0.018750 0.037500
0 0.530469 0.207813 0.020313 0.043750
0 0.535156 0.164844 0.017188 0.035938
0 0.550781 0.159375 0.014063 0.031250
0 0.567188 0.176563 0.015625 0.037500
0 0.576562 0.217969 0.021875 0.054688
0 0.573438 0.118750 0.012500 0.028125
0 0.585938 0.139844 0.012500 0.029688
0 0.595313 0.122656 0.009375 0.029688
0 0.615625 0.141406 0.012500 0.029688
0 0.643750 0.132812 0.012500 0.028125
0 0.641406 0.115625 0.010938 0.018750
0 0.619531 0.116406 0.010938 0.023438
0 0.682813 0.117969 0.012500 0.029688
0 0.570312 0.286719 0.031250 0.064063
0 0.485938 0.308594 0.031250 0.064063
0 0.628906 0.325000 0.029688 0.065625
0 0.628125 0.239844 0.025000 0.060938
0 0.639063 0.207031 0.018750 0.039062
0 0.659375 0.207813 0.021875 0.043750
0 0.692969 0.190625 0.020313 0.053125
0 0.687500 0.151563 0.015625 0.034375
0 0.715625 0.152344 0.015625 0.042188
0 0.723438 0.168750 0.015625 0.037500
0 0.734375 0.185156 0.018750 0.045313
0 0.718750 0.218750 0.021875 0.050000
0 0.728125 0.296875 0.031250 0.056250
0 0.775781 0.297656 0.026563 0.051563
0 0.763281 0.223438 0.023438 0.050000
0 0.782031 0.204688 0.023438 0.040625
0 0.767969 0.171875 0.020313 0.034375
0 0.751563 0.139063 0.015625 0.034375
0 0.737500 0.128125 0.012500 0.028125
0 0.769531 0.135156 0.017188 0.035938
0 0.791406 0.144531 0.017188 0.032813
0 0.811719 0.139063 0.014063 0.028125
0 0.821875 0.164062 0.018750 0.040625
0 0.842188 0.144531 0.015625 0.035938
0 0.859375 0.164062 0.012500 0.034375
0 0.850000 0.194531 0.018750 0.042188
0 0.834375 0.215625 0.021875 0.040625
0 0.848438 0.309375 0.031250 0.062500
0 0.860938 0.268750 0.021875 0.050000
0 0.887500 0.185938 0.015625 0.034375
0 0.896875 0.156250 0.012500 0.028125
0 0.900781 0.182813 0.014063 0.031250
0 0.928125 0.242188 0.018750 0.050000
0 0.945312 0.264063 0.025000 0.056250
