0 0.350781 0.214844 0.020313 0.029688
0 0.409375 0.244531 0.021875 0.039062
0 0.453125 0.228906 0.021875 0.039062
0 0.510938 0.219531 0.021875 0.039062
0 0.528125 0.199219 0.012500 0.032813
0 0.547656 0.199219 0.014063 0.032813
0 0.606250 0.158594 0.012500 0.035938
0 0.636719 0.146875 0.014063 0.028125
0 0.676563 0.196875 0.015625 0.031250
0 0.721094 0.198438 0.020313 0.034375
0 0.653906 0.260937 0.026563 0.037500
0 0.737500 0.302344 0.028125 0.051563
0 0.862500 0.340625 0.028125 0.056250
0 0.888281 0.284375 0.020313 0.046875
0 0.852344 0.235156 0.017188 0.039062
0 0.860156 0.204688 0.017188 0.031250
0 0.908594 0.228906 0.010938 0.042188
0 0.932813 0.255469 0.015625 0.051563
0 0.964063 0.250000 0.021875 0.034375
