0 0.082813 0.532813 0.065625 0.128125
0 0.261719 0.285938 0.020313 0.037500
0 0.289844 0.271094 0.017188 0.045313
0 0.302344 0.263281 0.020313 0.042188
0 0.323438 0.276562 0.018750 0.037500
0 0.346094 0.281250 0.020313 0.037500
0 0.401563 0.292187 0.025000 0.053125
0 0.316406 0.225000 0.017188 0.037500
0 0.328125 0.250781 0.015625 0.029688
0 0.348438 0.228125 0.018750 0.034375
0 0.375781 0.234375 0.020313 0.037500
0 0.375781 0.216406 0.014063 0.029688
0 0.378125 0.199219 0.012500 0.023438
0 0.410938 0.229688 0.018750 0.031250
0 0.450781 0.222656 0.017188 0.045313
0 0.410938 0.175781 0.015625 0.035938
0 0.423438 0.192188 0.018750 0.025000
0 0.464063 0.193750 0.015625 0.031250
0 0.486719 0.192969 0.023438 0.039062
0 0.467969 0.160156 0.014063 0.029688
0 0.450000 0.153125 0.015625 0.028125
0 0.482031 0.138281 0.010938 0.026563
0 0.532031 0.136719 0.020313 0.039062
0 0.547656 0.157031 0.017188 0.035938
0 0.566406 0.167188 0.020313 0.037500
0 0.581250 0.151563 0.015625 0.028125
0 0.565625 0.110156 0.015625 0.026563
0 0.585938 0.100781 0.015625 0.029688
0 0.591406 0.117969 0.014063 0.026563
0 0.588281 0.134375 0.014063 0.031250
0 0.617969 0.115625 0.017188 0.028125
0 0.621875 0.096094 0.015625 0.029688
0 0.637500 0.126562 0.015625 0.031250
0 0.650781 0.101562 0.017188 0.031250
0 0.686719 0.103906 0.014063 0.035938
0 0.666406 0.125000 0.010938 0.025000
0 0.626563 0.150781 0.018750 0.035938
0 0.534375 0.205469 0.021875 0.045313
0 0.492188 0.230469 0.025000 0.045313
0 0.490625 0.310938 0.031250 0.068750
0 0.553906 0.318750 0.032813 0.062500
0 0.604688 0.331250 0.034375 0.065625
0 0.673438 0.342969 0.037500 0.070312
0 0.564844 0.246094 0.023438 0.048438
0 0.603906 0.260937 0.026563 0.056250
0 0.600781 0.199219 0.020313 0.042188
0 0.642188 0.182031 0.025000 0.048438
0 0.659375 0.260937 0.025000 0.056250
0 0.660156 0.207813 0.023438 0.046875
0 0.696875 0.226562 0.025000 0.053125
0 0.708594 0.291406 0.026563 0.051563
0 0.777344 0.290625 0.029688 0.065625
0 0.749219 0.228125 0.026563 0.068750
0 0.740625 0.182813 0.025000 0.046875
0 0.711719 0.185156 0.020313 0.051563
0 0.684375 0.159375 0.025000 0.050000
0 0.721094 0.143750 0.020313 0.040625
0 0.735156 0.125781 0.017188 0.035938
0 0.744531 0.126562 0.014063 0.034375
0 0.767188 0.128125 0.015625 0.034375
0 0.774219 0.121094 0.014063 0.032813
0 0.791406 0.137500 0.014063 0.034375
0 0.797656 0.176563 0.026563 0.050000
0 0.758594 0.160938 0.017188 0.034375
0 0.810938 0.245313 0.028125 0.050000
0 0.821094 0.168750 0.017188 0.037500
0 0.810938 0.131250 0.015625 0.034375
0 0.830469 0.150000 0.017188 0.037500
0 0.845313 0.185938 0.018750 0.040625
0 0.866406 0.226562 0.023438 0.053125
0 0.922656 0.289062 0.029688 0.062500
0 0.882031 0.196094 0.020313 0.042188
0 0.860938 0.161719 0.015625 0.029688
0 0.867188 0.128906 0.015625 0.035938
0 0.892969 0.132031 0.010938 0.035938
0 0.891406 0.171094 0.017188 0.042188
0 0.920313 0.208594 0.018750 0.042188
0 0.921875 0.182813 0.015625 0.028125
0 0.919531 0.157813 0.014063 0.025000
