0 0.316406 0.550781 0.048438 0.085938
0 0.272656 0.502344 0.035938 0.048438
0 0.296875 0.484375 0.025000 0.037500
0 0.235156 0.476562 0.014063 0.021875
0 0.344531 0.484375 0.014063 0.018750
0 0.368750 0.505469 0.015625 0.026563
0 0.417969 0.478125 0.014063 0.031250
0 0.440625 0.489063 0.015625 0.021875
0 0.483594 0.523438 0.029688 0.043750
0 0.480469 0.477344 0.020313 0.026563
0 0.529687 0.490625 0.025000 0.031250
0 0.575000 0.523438 0.040625 0.059375
0 0.669531 0.501563 0.029688 0.037500
0 0.725781 0.555469 0.051563 0.079688
0 0.785938 0.531250 0.031250 0.040625
