0 0.185156 0.445312 0.054688 0.106250
0 0.277344 0.244531 0.014063 0.029688
0 0.303906 0.239063 0.020313 0.034375
0 0.292969 0.271875 0.017188 0.037500
0 0.339063 0.271094 0.015625 0.035938
0 0.372656 0.282813 0.020313 0.037500
0 0.374219 0.233594 0.020313 0.035938
0 0.438281 0.231250 0.023438 0.043750
0 0.464063 0.229688 0.025000 0.046875
0 0.379688 0.182031 0.015625 0.032813
0 0.404688 0.187500 0.015625 0.028125
0 0.420313 0.181250 0.015625 0.037500
0 0.428125 0.173438 0.012500 0.034375
0 0.447656 0.183594 0.014063 0.035938
0 0.464063 0.192188 0.018750 0.037500
0 0.462500 0.154688 0.012500 0.031250
0 0.482813 0.149219 0.012500 0.032813
0 0.487500 0.164062 0.009375 0.021875
0 0.491406 0.192969 0.020313 0.039062
0 0.509375 0.174219 0.018750 0.045313
0 0.522656 0.206250 0.020313 0.037500
0 0.505469 0.128125 0.010938 0.021875
0 0.519531 0.141406 0.014063 0.026563
0 0.535938 0.118750 0.018750 0.025000
0 0.557813 0.132812 0.018750 0.028125
0 0.550000 0.171875 0.015625 0.031250
0 0.560937 0.174219 0.018750 0.032813
0 0.582031 0.143750 0.017188 0.031250
0 0.589844 0.117188 0.014063 0.021875
0 0.592969 0.101562 0.014063 0.021875
0 0.604688 0.147656 0.018750 0.035938
0 0.621875 0.103125 0.012500 0.021875
0 0.630469 0.107031 0.014063 0.020313
0 0.646875 0.135938 0.015625 0.021875
0 0.647656 0.116406 0.014063 0.020313
0 0.667969 0.110156 0.014063 0.026563
0 0.699219 0.100781 0.010938 0.023438
0 0.502344 0.356250 0.032813 0.056250
0 0.565625 0.300000 0.025000 0.056250
0 0.563281 0.249219 0.023438 0.045313
0 0.619531 0.252344 0.020313 0.048438
0 0.640625 0.286719 0.028125 0.054688
0 0.683594 0.314063 0.029688 0.062500
0 0.633594 0.210156 0.023438 0.045313
0 0.663281 0.210156 0.023438 0.048438
0 0.665625 0.172656 0.018750 0.035938
0 0.698438 0.184375 0.018750 0.037500
0 0.693750 0.150000 0.015625 0.034375
0 0.728906 0.193750 0.023438 0.043750
0 0.732813 0.244531 0.025000 0.054688
0 0.708594 0.231250 0.026563 0.050000
0 0.753906 0.217969 0.023438 0.048438
0 0.772656 0.209375 0.020313 0.053125
0 0.750781 0.324219 0.035938 0.070312
0 0.777344 0.279688 0.026563 0.062500
0 0.812500 0.239063 0.018750 0.046875
0 0.737500 0.113281 0.018750 0.035938
0 0.756250 0.143750 0.018750 0.037500
0 0.771094 0.129688 0.014063 0.031250
0 0.782813 0.139844 0.015625 0.035938
0 0.801563 0.144531 0.015625 0.035938
0 0.830469 0.142969 0.014063 0.029688
0 0.833594 0.124219 0.014063 0.032813
0 0.851562 0.160156 0.015625 0.042188
0 0.860156 0.153125 0.014063 0.031250
0 0.867969 0.135156 0.014063 0.023438
0 0.829688 0.213281 0.025000 0.042188
0 0.858594 0.249219 0.020313 0.048438
0 0.844531 0.300000 0.029688 0.065625
0 0.798438 0.414844 0.034375 0.073438
0 0.907031 0.357031 0.029688 0.073438
0 0.918750 0.310938 0.028125 0.053125
0 0.913281 0.260156 0.026563 0.045313
0 0.881250 0.206250 0.018750 0.034375
0 0.895313 0.167188 0.015625 0.034375
0 0.926563 0.212500 0.018750 0.037500
0 0.925781 0.260156 0.020313 0.045313
0 0.928125 0.157031 0.012500 0.026563
