0 0.063281 0.565625 0.039062 0.078125
0 0.174219 0.353125 0.026563 0.031250
0 0.203125 0.388281 0.015625 0.045313
0 0.240625 0.382812 0.021875 0.043750
0 0.288281 0.380469 0.023438 0.045313
0 0.238281 0.325781 0.023438 0.032813
0 0.311719 0.344531 0.023438 0.032813
0 0.310156 0.307813 0.020313 0.031250
0 0.356250 0.275000 0.025000 0.025000
0 0.375000 0.344531 0.025000 0.045313
0 0.453125 0.423438 0.031250 0.059375
0 0.528125 0.439844 0.031250 0.054688
0 0.570312 0.469531 0.031250 0.070312
0 0.614844 0.474219 0.035938 0.073438
0 0.698438 0.560937 0.031250 0.071875
0 0.414844 0.362500 0.020313 0.031250
0 0.437500 0.328906 0.018750 0.035938
0 0.477344 0.339844 0.020313 0.035938
0 0.393750 0.269531 0.018750 0.023438
0 0.413281 0.278906 0.014063 0.029688
0 0.428125 0.282031 0.012500 0.029688
0 0.431250 0.253906 0.015625 0.023438
0 0.482813 0.272656 0.015625 0.035938
0 0.502344 0.257031 0.010938 0.029688
0 0.536719 0.255469 0.014063 0.029688
0 0.537500 0.228906 0.012500 0.020313
0 0.498438 0.296094 0.015625 0.026563
0 0.531250 0.297656 0.015625 0.032813
0 0.519531 0.375781 0.023438 0.048438
0 0.600781 0.398438 0.026563 0.043750
0 0.589844 0.336719 0.023438 0.042188
0 0.559375 0.278125 0.018750 0.028125
0 0.614844 0.268750 0.017188 0.028125
0 0.587500 0.262500 0.015625 0.025000
0 0.632812 0.235156 0.015625 0.026563
0 0.618750 0.219531 0.012500 0.032813
0 0.552344 0.229688 0.010938 0.018750
0 0.596094 0.219531 0.017188 0.026563
0 0.343750 0.350000 0.021875 0.037500
0 0.657813 0.218750 0.015625 0.021875
0 0.693750 0.312500 0.015625 0.040625
0 0.705469 0.259375 0.014063 0.037500
0 0.664844 0.286719 0.017188 0.035938
0 0.668750 0.237500 0.012500 0.021875
0 0.734375 0.249219 0.015625 0.032813
0 0.751563 0.239063 0.015625 0.031250
0 0.768750 0.271094 0.012500 0.032813
0 0.785156 0.290625 0.017188 0.037500
0 0.789844 0.245313 0.014063 0.028125
0 0.820312 0.251563 0.018750 0.031250
0 0.827344 0.311719 0.020313 0.035938
0 0.823438 0.370313 0.025000 0.050000
0 0.839063 0.351562 0.015625 0.040625
0 0.856250 0.335156 0.015625 0.035938
0 0.869531 0.291406 0.017188 0.029688
0 0.887500 0.268750 0.015625 0.031250
0 0.853906 0.266406 0.010938 0.026563
0 0.916406 0.291406 0.014063 0.035938
0 0.913281 0.334375 0.017188 0.037500
0 0.623438 0.319531 0.021875 0.032813
0 0.646094 0.385938 0.026563 0.059375
0 0.686719 0.371094 0.023438 0.045313
0 0.723438 0.418750 0.031250 0.056250
0 0.782031 0.442188 0.026563 0.062500
0 0.833594 0.522656 0.026563 0.064063
0 0.858594 0.492969 0.026563 0.060938
0 0.868750 0.435938 0.025000 0.059375
0 0.885938 0.360938 0.021875 0.043750
0 0.935156 0.338281 0.017188 0.032813
0 0.956250 0.319531 0.018750 0.029688
0 0.947656 0.377344 0.020313 0.042188
0 0.930469 0.470313 0.023438 0.068750
0 0.963281 0.293750 0.014063 0.021875
0 0.746094 0.268750 0.014063 0.034375
0 0.370313 0.316406 0.015625 0.026563
0 0.367188 0.294531 0.015625 0.026563
0 0.439844 0.246094 0.014063 0.023438
