0 0.357813 0.605469 0.078125 0.120313
0 0.388281 0.503125 0.057813 0.084375
0 0.430469 0.474219 0.051563 0.070312
0 0.403906 0.411719 0.035938 0.060938
0 0.307813 0.373438 0.028125 0.050000
0 0.291406 0.436719 0.045313 0.057813
0 0.266406 0.387500 0.035938 0.050000
0 0.252344 0.438281 0.045313 0.079688
0 0.178906 0.450781 0.060938 0.076563
0 0.165625 0.392188 0.037500 0.053125
0 0.053906 0.408594 0.045313 0.060938
0 0.053906 0.350000 0.029688 0.050000
0 0.016406 0.310938 0.029688 0.050000
0 0.042969 0.278125 0.026563 0.034375
0 0.072656 0.311719 0.026563 0.032813
0 0.142187 0.253125 0.025000 0.037500
0 0.185156 0.350000 0.032813 0.050000
0 0.146094 0.356250 0.032813 0.050000
0 0.225781 0.261719 0.017188 0.032813
0 0.215625 0.294531 0.028125 0.039062
0 0.330469 0.311719 0.023438 0.039062
0 0.347656 0.275000 0.020313 0.040625
0 0.404688 0.304688 0.025000 0.040625
0 0.379688 0.339063 0.025000 0.046875
0 0.419531 0.272656 0.020313 0.026563
0 0.447656 0.289844 0.020313 0.029688
0 0.459375 0.338281 0.025000 0.039062
0 0.485156 0.361719 0.026563 0.039062
0 0.512500 0.360156 0.025000 0.035938
0 0.507812 0.301563 0.021875 0.040625
0 0.514062 0.277344 0.025000 0.029688
0 0.475000 0.289844 0.021875 0.029688
0 0.564063 0.319531 0.025000 0.035938
0 0.601562 0.316406 0.025000 0.035938
0 0.635156 0.353125 0.023438 0.037500
0 0.635156 0.328125 0.020313 0.034375
0 0.685156 0.350000 0.026563 0.037500
0 0.714063 0.406250 0.025000 0.043750
0 0.721875 0.373438 0.025000 0.037500
0 0.762500 0.383594 0.021875 0.042188
0 0.906250 0.357031 0.050000 0.076563
0 0.664062 0.626563 0.075000 0.109375
0 0.710156 0.750000 0.076563 0.150000
0 0.667969 0.414844 0.026563 0.039062
0 0.610156 0.389844 0.026563 0.042188
0 0.039062 0.585156 0.075000 0.132812
