0 0.200000 0.357813 0.046875 0.087500
0 0.257031 0.284375 0.023438 0.040625
0 0.287500 0.271094 0.018750 0.035938
0 0.296094 0.261719 0.020313 0.039062
0 0.304688 0.235156 0.015625 0.029688
0 0.316406 0.250781 0.014063 0.029688
0 0.325000 0.259375 0.015625 0.034375
0 0.340625 0.273438 0.018750 0.040625
0 0.367969 0.212500 0.014063 0.031250
0 0.381250 0.216406 0.015625 0.032813
0 0.387500 0.199219 0.015625 0.029688
0 0.407031 0.169531 0.014063 0.029688
0 0.403125 0.233594 0.015625 0.032813
0 0.424219 0.275781 0.023438 0.048438
0 0.437500 0.228125 0.021875 0.040625
0 0.463281 0.229688 0.023438 0.043750
0 0.426563 0.193750 0.015625 0.037500
0 0.458594 0.171094 0.017188 0.035938
0 0.460156 0.148438 0.014063 0.025000
0 0.476562 0.166406 0.012500 0.032813
0 0.488281 0.204688 0.020313 0.037500
0 0.484375 0.132031 0.012500 0.026563
0 0.514062 0.150000 0.015625 0.025000
0 0.521875 0.164844 0.015625 0.032813
0 0.529687 0.194531 0.018750 0.045313
0 0.540625 0.164844 0.018750 0.035938
0 0.532031 0.125000 0.014063 0.025000
0 0.548438 0.127344 0.018750 0.026563
0 0.559375 0.162500 0.018750 0.046875
0 0.575781 0.157031 0.014063 0.029688
0 0.589063 0.119531 0.012500 0.029688
0 0.585938 0.103906 0.012500 0.020313
0 0.619531 0.136719 0.017188 0.035938
0 0.607813 0.122656 0.015625 0.026563
0 0.624219 0.101562 0.010938 0.025000
0 0.648438 0.117969 0.012500 0.029688
0 0.649219 0.097656 0.017188 0.023438
0 0.664844 0.120313 0.014063 0.034375
0 0.681250 0.107031 0.018750 0.032813
0 0.569531 0.237500 0.023438 0.050000
0 0.539062 0.305469 0.028125 0.067187
0 0.485938 0.294531 0.025000 0.054688
0 0.589063 0.352344 0.034375 0.070312
0 0.607031 0.260937 0.023438 0.043750
0 0.602344 0.209375 0.020313 0.046875
0 0.642188 0.187500 0.018750 0.037500
0 0.660938 0.200000 0.018750 0.043750
0 0.658594 0.265625 0.020313 0.056250
0 0.672656 0.331250 0.023438 0.059375
0 0.725781 0.306250 0.023438 0.056250
0 0.687500 0.224219 0.021875 0.048438
0 0.700781 0.178125 0.020313 0.043750
0 0.687500 0.151563 0.018750 0.034375
0 0.704688 0.142969 0.018750 0.035938
0 0.727344 0.192969 0.023438 0.051563
0 0.742969 0.237500 0.023438 0.053125
0 0.777344 0.284375 0.026563 0.062500
0 0.819531 0.232813 0.017188 0.043750
0 0.798438 0.178906 0.021875 0.042188
0 0.753125 0.176563 0.018750 0.034375
0 0.739844 0.139844 0.017188 0.042188
0 0.733594 0.117969 0.014063 0.032813
0 0.744531 0.119531 0.010938 0.023438
0 0.757031 0.132812 0.014063 0.037500
0 0.775781 0.121875 0.010938 0.028125
0 0.784375 0.136719 0.012500 0.032813
0 0.805469 0.125781 0.014063 0.032813
0 0.830469 0.141406 0.017188 0.035938
0 0.842188 0.186719 0.015625 0.042188
0 0.860156 0.153125 0.014063 0.031250
0 0.886719 0.135156 0.010938 0.029688
0 0.871094 0.178125 0.017188 0.031250
0 0.865625 0.227344 0.018750 0.048438
0 0.910156 0.282813 0.023438 0.056250
0 0.885938 0.198438 0.018750 0.040625
0 0.896875 0.167969 0.012500 0.029688
0 0.921094 0.203906 0.026563 0.042188
0 0.920313 0.170313 0.018750 0.031250
0 0.921875 0.150000 0.009375 0.021875
