0 0.028125 0.746094 0.053125 0.107813
0 0.035938 0.866406 0.068750 0.170313
0 0.200781 0.813281 0.073438 0.132812
0 0.148438 0.718750 0.050000 0.087500
0 0.196875 0.707813 0.056250 0.087500
0 0.326563 0.827344 0.106250 0.154688
0 0.390625 0.691406 0.053125 0.104688
0 0.461719 0.690625 0.051563 0.087500
0 0.601562 0.700000 0.053125 0.096875
0 0.638281 0.691406 0.048438 0.089063
0 0.623438 0.467969 0.031250 0.057813
0 0.667969 0.906250 0.120313 0.175000
0 0.732813 0.753125 0.084375 0.153125
0 0.756250 0.641406 0.056250 0.082813
0 0.792188 0.664844 0.037500 0.070312
0 0.917969 0.675000 0.079688 0.121875
