0 0.125000 0.548438 0.040625 0.078125
0 0.211719 0.350000 0.020313 0.037500
0 0.239844 0.377344 0.023438 0.045313
0 0.268750 0.384375 0.021875 0.046875
0 0.267969 0.319531 0.020313 0.035938
0 0.323438 0.359375 0.028125 0.046875
0 0.339063 0.337500 0.018750 0.037500
0 0.301563 0.338281 0.021875 0.042188
0 0.332813 0.303125 0.015625 0.031250
0 0.365625 0.342969 0.021875 0.042188
0 0.392188 0.338281 0.025000 0.045313
0 0.387500 0.303125 0.018750 0.034375
0 0.385938 0.284375 0.015625 0.025000
0 0.377344 0.262500 0.017188 0.034375
0 0.411719 0.259375 0.017188 0.037500
0 0.432031 0.264844 0.017188 0.035938
0 0.416406 0.312500 0.020313 0.037500
0 0.434375 0.353125 0.025000 0.043750
0 0.448438 0.321875 0.021875 0.040625
0 0.479688 0.324219 0.025000 0.054688
0 0.444531 0.273438 0.017188 0.031250
0 0.445312 0.246875 0.012500 0.028125
0 0.453906 0.237500 0.017188 0.025000
0 0.500000 0.274219 0.018750 0.042188
0 0.499219 0.242969 0.017188 0.029688
0 0.520313 0.253125 0.018750 0.034375
0 0.534375 0.281250 0.018750 0.040625
0 0.554688 0.257812 0.018750 0.040625
0 0.546094 0.221875 0.017188 0.028125
0 0.553125 0.207813 0.015625 0.025000
0 0.582813 0.257031 0.018750 0.035938
0 0.582031 0.230469 0.014063 0.026563
0 0.591406 0.210156 0.017188 0.029688
0 0.610938 0.217969 0.015625 0.035938
0 0.620313 0.231250 0.015625 0.028125
0 0.620313 0.259375 0.015625 0.040625
0 0.646094 0.214844 0.014063 0.026563
0 0.657813 0.239063 0.015625 0.034375
0 0.662500 0.221094 0.015625 0.029688
0 0.453906 0.417969 0.035938 0.067187
0 0.521875 0.424219 0.034375 0.070312
0 0.515625 0.369531 0.031250 0.054688
0 0.582031 0.339063 0.023438 0.046875
0 0.596094 0.386719 0.023438 0.045313
0 0.571875 0.459375 0.034375 0.075000
0 0.615625 0.487500 0.040625 0.071875
0 0.640625 0.383594 0.028125 0.060938
0 0.628906 0.350000 0.023438 0.043750
0 0.617188 0.314063 0.021875 0.040625
0 0.650781 0.281250 0.020313 0.040625
0 0.657031 0.317188 0.023438 0.043750
0 0.671094 0.371875 0.023438 0.046875
0 0.698438 0.412500 0.031250 0.059375
0 0.682813 0.548438 0.037500 0.078125
0 0.753906 0.430469 0.035938 0.060938
0 0.803906 0.525781 0.042188 0.082813
0 0.829688 0.471875 0.037500 0.068750
0 0.887500 0.474219 0.037500 0.076563
0 0.836719 0.404688 0.029688 0.062500
0 0.792969 0.364844 0.023438 0.045313
0 0.807813 0.345313 0.021875 0.046875
0 0.781250 0.317188 0.018750 0.037500
0 0.755469 0.287500 0.020313 0.043750
0 0.724219 0.271875 0.017188 0.034375
0 0.694531 0.303125 0.020313 0.040625
0 0.685156 0.261719 0.017188 0.042188
0 0.714844 0.247656 0.014063 0.035938
0 0.727344 0.247656 0.014063 0.026563
0 0.760156 0.244531 0.020313 0.035938
0 0.789844 0.244531 0.017188 0.035938
0 0.803906 0.272656 0.020313 0.029688
0 0.823438 0.261719 0.015625 0.035938
0 0.834375 0.277344 0.018750 0.042188
0 0.852344 0.264844 0.014063 0.035938
0 0.829688 0.328906 0.021875 0.048438
0 0.850781 0.339844 0.020313 0.045313
0 0.876563 0.326563 0.021875 0.046875
0 0.877344 0.297656 0.017188 0.029688
0 0.894531 0.327344 0.020313 0.042188
0 0.916406 0.370313 0.026563 0.053125
0 0.905469 0.308594 0.020313 0.039062
0 0.914062 0.285938 0.018750 0.031250
