0 0.184375 0.371875 0.050000 0.087500
0 0.282031 0.218750 0.014063 0.037500
0 0.327344 0.169531 0.017188 0.026563
0 0.308594 0.221094 0.017188 0.039062
0 0.330469 0.230469 0.020313 0.032813
0 0.345313 0.189844 0.015625 0.039062
0 0.367969 0.193750 0.017188 0.040625
0 0.350000 0.239844 0.018750 0.039062
0 0.416406 0.160156 0.014063 0.029688
0 0.421875 0.136719 0.018750 0.032813
0 0.389063 0.186719 0.015625 0.032813
0 0.418750 0.224219 0.021875 0.039062
0 0.444531 0.156250 0.017188 0.031250
0 0.459375 0.152344 0.015625 0.039062
0 0.467969 0.128906 0.014063 0.026563
0 0.508594 0.114844 0.017188 0.029688
0 0.489844 0.131250 0.017188 0.037500
0 0.460938 0.198438 0.015625 0.040625
0 0.471094 0.168750 0.020313 0.037500
0 0.503125 0.181250 0.021875 0.037500
0 0.485156 0.221875 0.023438 0.040625
0 0.494531 0.278125 0.020313 0.043750
0 0.526563 0.119531 0.015625 0.026563
0 0.548438 0.126562 0.015625 0.028125
0 0.557031 0.146875 0.020313 0.034375
0 0.524219 0.156250 0.014063 0.031250
0 0.555469 0.174219 0.020313 0.035938
0 0.573438 0.112500 0.012500 0.034375
0 0.593750 0.098438 0.012500 0.028125
0 0.553906 0.278906 0.026563 0.054688
0 0.585938 0.165625 0.015625 0.031250
0 0.612500 0.103906 0.012500 0.023438
0 0.632812 0.096875 0.012500 0.034375
0 0.621094 0.136719 0.014063 0.026563
0 0.615625 0.230469 0.021875 0.060938
0 0.667188 0.095313 0.015625 0.025000
0 0.657031 0.111719 0.017188 0.023438
0 0.689063 0.089063 0.012500 0.025000
0 0.689063 0.112500 0.015625 0.034375
0 0.714844 0.095313 0.010938 0.025000
0 0.696875 0.154688 0.015625 0.031250
0 0.684375 0.163281 0.018750 0.035938
0 0.673438 0.237500 0.021875 0.053125
0 0.602344 0.318750 0.026563 0.059375
0 0.675000 0.334375 0.034375 0.071875
0 0.721875 0.284375 0.021875 0.053125
0 0.730469 0.212500 0.023438 0.037500
0 0.734375 0.128125 0.015625 0.034375
0 0.746875 0.122656 0.015625 0.026563
0 0.782813 0.126562 0.015625 0.031250
0 0.750000 0.165625 0.021875 0.031250
0 0.772656 0.218750 0.020313 0.040625
0 0.789844 0.145313 0.020313 0.037500
0 0.807813 0.146094 0.012500 0.035938
0 0.793750 0.193750 0.018750 0.037500
0 0.784375 0.285156 0.021875 0.060938
0 0.744531 0.362500 0.029688 0.065625
0 0.816406 0.385156 0.029688 0.067187
0 0.819531 0.242969 0.023438 0.054688
0 0.871875 0.252344 0.021875 0.057813
0 0.845313 0.303125 0.025000 0.059375
0 0.885156 0.217188 0.014063 0.046875
0 0.923438 0.209375 0.015625 0.034375
0 0.921875 0.272656 0.018750 0.048438
0 0.912500 0.340625 0.018750 0.056250
0 0.892969 0.417969 0.032813 0.082813
0 0.762500 0.175781 0.021875 0.045313
0 0.717969 0.178906 0.017188 0.039062
0 0.661719 0.129688 0.020313 0.037500
0 0.596875 0.125000 0.012500 0.040625
0 0.552344 0.139063 0.017188 0.040625
0 0.374219 0.246875 0.017188 0.043750
0 0.564844 0.234375 0.023438 0.046875
0 0.411719 0.194531 0.017188 0.032813
