0 0.041406 0.562500 0.054688 0.109375
0 0.188281 0.671875 0.020313 0.040625
0 0.212500 0.665625 0.025000 0.046875
0 0.197656 0.702344 0.026563 0.048438
0 0.243750 0.714844 0.028125 0.060938
0 0.304688 0.693750 0.040625 0.071875
0 0.339844 0.663281 0.026563 0.070312
0 0.360156 0.653125 0.020313 0.050000
0 0.384375 0.692188 0.031250 0.081250
0 0.424219 0.642188 0.023438 0.053125
0 0.450781 0.631250 0.020313 0.053125
0 0.505469 0.678125 0.039062 0.065625
0 0.541406 0.637500 0.029688 0.056250
0 0.619531 0.675000 0.051563 0.109375
0 0.643750 0.609375 0.028125 0.065625
0 0.755469 0.742969 0.054688 0.129688
0 0.780469 0.668750 0.042188 0.096875
0 0.946875 0.642188 0.046875 0.109375
0 0.986719 0.619531 0.026563 0.085938
0 0.611719 0.639844 0.029688 0.073438
