0 0.017969 0.653125 0.032813 0.084375
0 0.040625 0.590625 0.025000 0.050000
0 0.065625 0.593750 0.025000 0.043750
0 0.101562 0.582031 0.028125 0.042188
0 0.136719 0.585938 0.023438 0.040625
0 0.162500 0.575000 0.018750 0.028125
0 0.182813 0.635156 0.043750 0.064063
0 0.196875 0.603125 0.025000 0.043750
0 0.250781 0.630469 0.048438 0.082813
0 0.266406 0.588281 0.017188 0.035938
0 0.278906 0.585938 0.020313 0.037500
0 0.310938 0.584375 0.028125 0.037500
0 0.310938 0.667188 0.053125 0.090625
0 0.361719 0.703125 0.073438 0.131250
0 0.470313 0.706250 0.075000 0.156250
0 0.331250 0.582813 0.015625 0.025000
0 0.360938 0.585938 0.018750 0.028125
0 0.394531 0.614063 0.039062 0.062500
0 0.435938 0.627344 0.037500 0.057813
0 0.429688 0.582031 0.021875 0.032813
0 0.405469 0.560156 0.014063 0.023438
0 0.456250 0.593750 0.018750 0.031250
0 0.483594 0.589063 0.017188 0.025000
0 0.516406 0.642188 0.048438 0.084375
0 0.535938 0.607813 0.021875 0.037500
0 0.547656 0.591406 0.014063 0.026563
0 0.568750 0.612500 0.025000 0.050000
0 0.605469 0.632031 0.029688 0.054688
0 0.635938 0.598438 0.028125 0.046875
0 0.663281 0.599219 0.023438 0.035938
0 0.681250 0.606250 0.025000 0.050000
0 0.676563 0.653125 0.034375 0.062500
0 0.714844 0.658594 0.042188 0.067187
0 0.756250 0.689063 0.071875 0.100000
0 0.751563 0.627344 0.031250 0.045313
0 0.814063 0.632812 0.046875 0.065625
0 0.921094 0.525781 0.023438 0.035938
0 0.949219 0.635156 0.039062 0.064063
