0 0.544531 0.309375 0.042188 0.078125
0 0.389844 0.158594 0.014063 0.032813
0 0.415625 0.158594 0.012500 0.032813
0 0.427344 0.165625 0.014063 0.025000
0 0.445312 0.175781 0.015625 0.029688
0 0.431250 0.137500 0.012500 0.028125
0 0.453125 0.139844 0.012500 0.029688
0 0.472656 0.155469 0.014063 0.029688
0 0.478125 0.185156 0.015625 0.026563
0 0.505469 0.175781 0.017188 0.035938
0 0.484375 0.138281 0.012500 0.026563
0 0.464063 0.132812 0.009375 0.025000
0 0.496094 0.124219 0.010938 0.023438
0 0.529687 0.123438 0.012500 0.031250
0 0.546875 0.137500 0.012500 0.034375
0 0.578906 0.134375 0.014063 0.034375
0 0.604688 0.147656 0.012500 0.026563
0 0.635938 0.113281 0.012500 0.026563
0 0.667969 0.112500 0.014063 0.025000
0 0.632812 0.200781 0.018750 0.045313
0 0.671875 0.184375 0.012500 0.037500
0 0.711719 0.212500 0.017188 0.046875
0 0.867188 0.276562 0.015625 0.043750
0 0.932813 0.225781 0.012500 0.035938
0 0.941406 0.196094 0.014063 0.035938
0 0.914062 0.160156 0.015625 0.039062
0 0.936719 0.161719 0.014063 0.026563
0 0.827344 0.169531 0.014063 0.032813
0 0.798438 0.158594 0.012500 0.032813
0 0.808594 0.139844 0.014063 0.032813
0 0.796875 0.202344 0.015625 0.035938
0 0.772656 0.168750 0.014063 0.034375
0 0.775000 0.134375 0.012500 0.031250
0 0.762500 0.123438 0.009375 0.025000
0 0.735156 0.173438 0.017188 0.034375
0 0.732031 0.139063 0.014063 0.028125
0 0.704688 0.175000 0.015625 0.025000
0 0.700000 0.152344 0.012500 0.020313
