0 0.171094 0.724219 0.073438 0.101562
0 0.150000 0.673438 0.031250 0.050000
0 0.253906 0.675000 0.032813 0.046875
0 0.309375 0.707813 0.050000 0.068750
0 0.366406 0.695312 0.042188 0.071875
0 0.370313 0.796094 0.087500 0.132812
0 0.377344 0.601562 0.026563 0.050000
0 0.450781 0.718750 0.048438 0.081250
0 0.485938 0.700000 0.037500 0.065625
0 0.511719 0.702344 0.039062 0.060938
0 0.593750 0.717969 0.043750 0.057813
0 0.609375 0.709375 0.031250 0.053125
0 0.721094 0.767969 0.073438 0.104688
0 0.727344 0.709375 0.054688 0.065625
0 0.887500 0.695312 0.037500 0.053125
0 0.939844 0.697656 0.039062 0.057813
