0 0.353906 0.793750 0.129688 0.278125
0 0.246875 0.562500 0.084375 0.171875
0 0.170313 0.428906 0.084375 0.135938
0 0.196094 0.367969 0.054688 0.085938
0 0.275781 0.294531 0.042188 0.092188
0 0.382812 0.360938 0.050000 0.118750
0 0.420313 0.428906 0.053125 0.114063
0 0.498438 0.376563 0.046875 0.084375
0 0.489844 0.337500 0.039062 0.071875
0 0.559375 0.479688 0.065625 0.134375
0 0.612500 0.348438 0.037500 0.075000
0 0.667969 0.385156 0.035938 0.067187
0 0.700000 0.467188 0.059375 0.125000
0 0.763281 0.433594 0.045313 0.092188
0 0.845313 0.426563 0.046875 0.115625
0 0.913281 0.617969 0.070312 0.160938
