0 0.052344 0.613281 0.079688 0.110938
0 0.110156 0.627344 0.054688 0.085938
0 0.125000 0.587500 0.040625 0.068750
0 0.164062 0.594531 0.053125 0.079688
0 0.280469 0.598438 0.120313 0.190625
0 0.352344 0.588281 0.039062 0.073438
0 0.433594 0.616406 0.089063 0.129688
0 0.447656 0.394531 0.048438 0.085938
0 0.545312 0.572656 0.037500 0.073438
0 0.579688 0.609375 0.065625 0.103125
0 0.601562 0.557813 0.031250 0.043750
0 0.563281 0.554688 0.023438 0.050000
0 0.653125 0.615625 0.056250 0.087500
0 0.682813 0.574219 0.037500 0.067187
0 0.707813 0.556250 0.034375 0.068750
0 0.757031 0.542969 0.026563 0.042188
0 0.853125 0.385156 0.118750 0.189063
0 0.821875 0.643750 0.150000 0.256250
