0 0.188281 0.651563 0.089063 0.181250
0 0.201563 0.500000 0.075000 0.162500
0 0.410156 0.615625 0.110938 0.178125
0 0.417969 0.469531 0.079688 0.126562
0 0.444531 0.407031 0.057813 0.101562
0 0.442969 0.344531 0.051563 0.092188
0 0.471875 0.262500 0.050000 0.090625
0 0.331250 0.349219 0.062500 0.098438
0 0.252344 0.407031 0.070312 0.095313
0 0.094531 0.492969 0.073438 0.114063
0 0.040625 0.235938 0.056250 0.075000
0 0.023438 0.327344 0.043750 0.120313
0 0.151563 0.357031 0.056250 0.095313
0 0.187500 0.225000 0.056250 0.084375
0 0.312500 0.240625 0.046875 0.084375
0 0.349219 0.161719 0.042188 0.060938
0 0.590625 0.494531 0.093750 0.142187
0 0.612500 0.414844 0.065625 0.104688
0 0.580469 0.363281 0.060938 0.107813
0 0.704688 0.360156 0.062500 0.101562
0 0.746094 0.422656 0.067187 0.120313
0 0.787500 0.485156 0.068750 0.129688
0 0.719531 0.658594 0.107813 0.185938
0 0.894531 0.637500 0.104688 0.178125
0 0.891406 0.425781 0.054688 0.107813
0 0.978906 0.366406 0.042188 0.095313
0 0.851562 0.375781 0.053125 0.107813
0 0.818750 0.234375 0.046875 0.071875
0 0.936719 0.271875 0.042188 0.078125
0 0.896875 0.188281 0.040625 0.082813
0 0.861719 0.123438 0.039062 0.065625
0 0.752344 0.106250 0.039062 0.062500
0 0.144531 0.118750 0.051563 0.075000
0 0.203125 0.142187 0.046875 0.071875
0 0.191406 0.057031 0.035938 0.060938
0 0.129688 0.017188 0.031250 0.031250
0 0.246875 0.091406 0.037500 0.079688
0 0.268750 0.049219 0.031250 0.057813
0 0.379688 0.050781 0.031250 0.073438
0 0.396875 0.028125 0.031250 0.046875
0 0.481250 0.120313 0.050000 0.078125
0 0.370313 0.117188 0.037500 0.059375
0 0.472656 0.058594 0.042188 0.057813
0 0.471875 0.026563 0.040625 0.050000
0 0.575000 0.104688 0.040625 0.065625
0 0.558594 0.171094 0.051563 0.067187
0 0.582813 0.250000 0.050000 0.090625
0 0.667969 0.167969 0.039062 0.073438
0 0.667188 0.104688 0.034375 0.059375
0 0.642188 0.046094 0.031250 0.057813
0 0.564844 0.028125 0.032813 0.046875
0 0.554688 0.077344 0.031250 0.051563
0 0.735156 0.066406 0.035938 0.054688
