0 0.226562 0.442188 0.056250 0.093750
0 0.231250 0.387500 0.031250 0.065625
0 0.258594 0.371094 0.026563 0.060938
0 0.170313 0.400781 0.040625 0.076563
0 0.178125 0.376563 0.031250 0.065625
0 0.150000 0.354688 0.028125 0.043750
0 0.108594 0.396875 0.048438 0.071875
0 0.121875 0.342188 0.031250 0.050000
0 0.075000 0.345313 0.028125 0.050000
0 0.050000 0.367969 0.034375 0.060938
0 0.047656 0.313281 0.026563 0.045313
0 0.021875 0.317969 0.025000 0.048438
0 0.008594 0.347656 0.014063 0.051563
0 0.096875 0.309375 0.025000 0.040625
0 0.079688 0.315625 0.025000 0.043750
0 0.184375 0.336719 0.028125 0.054688
0 0.197656 0.339844 0.020313 0.042188
0 0.217188 0.337500 0.021875 0.034375
0 0.239063 0.341406 0.021875 0.035938
0 0.282031 0.333594 0.017188 0.042188
0 0.314063 0.367188 0.028125 0.053125
0 0.331250 0.405469 0.031250 0.070312
0 0.343750 0.362500 0.021875 0.059375
0 0.382031 0.440625 0.045313 0.096875
0 0.397656 0.382812 0.029688 0.068750
0 0.431250 0.428125 0.037500 0.084375
0 0.482031 0.427344 0.039062 0.070312
0 0.471875 0.386719 0.031250 0.067187
0 0.500000 0.376563 0.021875 0.043750
0 0.486719 0.346875 0.020313 0.043750
0 0.427344 0.363281 0.020313 0.045313
0 0.379688 0.367188 0.025000 0.046875
0 0.372656 0.346094 0.017188 0.029688
0 0.362500 0.336719 0.015625 0.032813
0 0.571094 0.438281 0.035938 0.070312
0 0.568750 0.377344 0.028125 0.051563
0 0.619531 0.391406 0.020313 0.048438
0 0.651563 0.415625 0.028125 0.053125
0 0.686719 0.406250 0.026563 0.059375
0 0.690625 0.328125 0.018750 0.046875
0 0.903906 0.271094 0.067187 0.114063
