0 0.076563 0.354688 0.046875 0.068750
0 0.146875 0.367188 0.053125 0.075000
0 0.222656 0.371875 0.048438 0.071875
0 0.305469 0.390625 0.035938 0.056250
0 0.289844 0.378125 0.042188 0.068750
0 0.361719 0.378125 0.035938 0.056250
0 0.398438 0.398438 0.037500 0.053125
0 0.425000 0.352344 0.031250 0.051563
0 0.451563 0.393750 0.034375 0.059375
0 0.486719 0.366406 0.042188 0.051563
0 0.500000 0.404688 0.040625 0.056250
0 0.542188 0.364844 0.040625 0.051563
0 0.557031 0.410938 0.035938 0.053125
0 0.620313 0.396875 0.040625 0.065625
0 0.609375 0.360156 0.034375 0.054688
0 0.653125 0.384375 0.037500 0.059375
0 0.674219 0.414062 0.035938 0.046875
0 0.682031 0.354688 0.032813 0.046875
0 0.725781 0.402344 0.045313 0.070312
0 0.715625 0.371094 0.031250 0.048438
0 0.750781 0.355469 0.032813 0.054688
0 0.785156 0.362500 0.042188 0.059375
0 0.824219 0.393750 0.051563 0.078125
0 0.885156 0.382031 0.042188 0.057813
