0 0.228906 0.392188 0.051563 0.100000
0 0.534375 0.200000 0.025000 0.046875
0 0.588281 0.177344 0.020313 0.039062
0 0.624219 0.209375 0.020313 0.053125
0 0.658594 0.250000 0.029688 0.059375
0 0.677344 0.226562 0.017188 0.037500
0 0.674219 0.189844 0.014063 0.032813
0 0.714063 0.214844 0.018750 0.048438
0 0.745313 0.207813 0.015625 0.037500
0 0.742188 0.279688 0.031250 0.053125
0 0.798438 0.268750 0.021875 0.056250
0 0.821875 0.272656 0.021875 0.048438
0 0.751563 0.379688 0.034375 0.081250
0 0.839844 0.374219 0.026563 0.076563
0 0.906250 0.457813 0.046875 0.087500
