0 0.238281 0.850781 0.267188 0.285938
0 0.734375 0.685938 0.150000 0.206250
0 0.941406 0.703906 0.117188 0.267188
0 0.887500 0.406250 0.046875 0.078125
0 0.942188 0.381250 0.050000 0.068750
0 0.728125 0.363281 0.075000 0.095313
0 0.670313 0.399219 0.037500 0.048438
0 0.587500 0.369531 0.071875 0.098438
0 0.473438 0.405469 0.053125 0.098438
0 0.425781 0.433594 0.082813 0.101562
0 0.349219 0.421875 0.057813 0.093750
0 0.388281 0.382812 0.032813 0.053125
0 0.300781 0.414844 0.045313 0.060938
0 0.189063 0.366406 0.053125 0.070312
0 0.154688 0.417188 0.090625 0.128125
0 0.094531 0.416406 0.048438 0.073438
0 0.050000 0.405469 0.062500 0.079688
