0 0.250000 0.445312 0.153125 0.278125
0 0.203906 0.253125 0.098438 0.165625
0 0.158594 0.129688 0.039062 0.071875
0 0.194531 0.110938 0.035938 0.065625
0 0.167188 0.085156 0.028125 0.035938
0 0.165625 0.065625 0.021875 0.034375
0 0.259375 0.078125 0.031250 0.056250
0 0.290625 0.101562 0.034375 0.065625
0 0.319531 0.142969 0.048438 0.079688
0 0.335156 0.093750 0.029688 0.046875
0 0.372656 0.084375 0.029688 0.062500
0 0.399219 0.185156 0.057813 0.104688
0 0.456250 0.245313 0.068750 0.131250
0 0.633594 0.413281 0.114063 0.229688
0 0.645313 0.247656 0.075000 0.145313
0 0.528125 0.171094 0.046875 0.089063
0 0.450781 0.146875 0.042188 0.071875
0 0.417969 0.094531 0.029688 0.048438
0 0.464063 0.090625 0.031250 0.075000
0 0.510156 0.100781 0.035938 0.054688
0 0.547656 0.088281 0.023438 0.045313
0 0.571875 0.102344 0.028125 0.054688
0 0.594531 0.093750 0.026563 0.059375
0 0.635156 0.114063 0.029688 0.059375
0 0.673438 0.181250 0.043750 0.090625
0 0.700781 0.139063 0.042188 0.087500
0 0.789062 0.151563 0.031250 0.062500
0 0.853125 0.242188 0.062500 0.109375
0 0.865625 0.370313 0.106250 0.187500
0 0.850000 0.184375 0.056250 0.112500
0 0.950781 0.196875 0.048438 0.100000
