0 0.067187 0.475000 0.037500 0.059375
0 0.203906 0.492188 0.051563 0.062500
0 0.257031 0.450000 0.035938 0.043750
0 0.364063 0.475781 0.040625 0.057813
0 0.364063 0.437500 0.031250 0.040625
0 0.451563 0.431250 0.028125 0.050000
0 0.447656 0.478125 0.042188 0.065625
0 0.485156 0.497656 0.060938 0.098438
0 0.535156 0.423438 0.026563 0.043750
0 0.587500 0.426563 0.031250 0.043750
0 0.589063 0.467969 0.037500 0.051563
0 0.649219 0.510938 0.057813 0.081250
0 0.680469 0.452344 0.032813 0.045313
0 0.664062 0.426563 0.025000 0.037500
0 0.643750 0.414062 0.021875 0.040625
0 0.703906 0.400000 0.023438 0.034375
0 0.742188 0.422656 0.028125 0.039062
0 0.779688 0.462500 0.043750 0.071875
0 0.808594 0.407813 0.020313 0.034375
0 0.836719 0.425781 0.032813 0.045313
0 0.894531 0.449219 0.042188 0.064063
0 0.903906 0.411719 0.026563 0.042188
0 0.840625 0.611719 0.112500 0.207813
