0 0.194531 0.373438 0.098438 0.193750
0 0.391406 0.365625 0.082813 0.146875
0 0.547656 0.330469 0.082813 0.157813
0 0.635156 0.374219 0.085938 0.173438
0 0.743750 0.431250 0.103125 0.203125
0 0.539844 0.186719 0.029688 0.051563
0 0.577344 0.165625 0.029688 0.068750
0 0.472656 0.187500 0.010938 0.031250
0 0.457813 0.189844 0.015625 0.032813
0 0.434375 0.180469 0.018750 0.039062
0 0.396875 0.163281 0.028125 0.051563
0 0.347656 0.269531 0.032813 0.054688
0 0.324219 0.184375 0.023438 0.043750
0 0.289062 0.197656 0.025000 0.054688
0 0.224219 0.171094 0.051563 0.076563
0 0.156250 0.152344 0.037500 0.073438
0 0.097656 0.173438 0.051563 0.071875
0 0.029688 0.205469 0.031250 0.051563
