0 0.032813 0.317188 0.025000 0.065625
0 0.071094 0.342969 0.032813 0.054688
0 0.065625 0.425781 0.031250 0.073438
0 0.110938 0.326563 0.028125 0.062500
0 0.139844 0.311719 0.026563 0.054688
0 0.139844 0.412500 0.029688 0.062500
0 0.176563 0.327344 0.028125 0.067187
0 0.210938 0.307813 0.018750 0.056250
0 0.216406 0.400781 0.032813 0.079688
0 0.284375 0.424219 0.031250 0.076563
0 0.269531 0.320312 0.029688 0.059375
0 0.336719 0.328906 0.023438 0.054688
0 0.364063 0.325000 0.025000 0.059375
0 0.397656 0.342188 0.026563 0.059375
0 0.394531 0.414844 0.032813 0.073438
0 0.439844 0.315625 0.029688 0.062500
0 0.482031 0.337500 0.029688 0.059375
0 0.507812 0.315625 0.025000 0.062500
0 0.507812 0.431250 0.031250 0.062500
0 0.560156 0.408594 0.032813 0.073438
0 0.549219 0.326563 0.026563 0.062500
0 0.587500 0.325000 0.021875 0.059375
0 0.612500 0.325781 0.021875 0.054688
0 0.611719 0.425000 0.026563 0.053125
0 0.663281 0.423438 0.032813 0.062500
0 0.658594 0.334375 0.029688 0.065625
0 0.690625 0.313281 0.021875 0.051563
0 0.703125 0.409375 0.031250 0.062500
0 0.738281 0.332813 0.023438 0.062500
0 0.762500 0.321875 0.025000 0.056250
0 0.751563 0.398438 0.031250 0.062500
0 0.785938 0.412500 0.031250 0.062500
0 0.795313 0.326563 0.025000 0.062500
0 0.829688 0.312500 0.034375 0.062500
0 0.839063 0.407813 0.031250 0.065625
0 0.901563 0.352344 0.028125 0.073438
0 0.925781 0.409375 0.035938 0.068750
