0 0.047656 0.637500 0.051563 0.121875
0 0.232813 0.264063 0.015625 0.043750
0 0.250781 0.266406 0.017188 0.048438
0 0.269531 0.253906 0.014063 0.045313
0 0.325000 0.245313 0.018750 0.040625
0 0.322656 0.211719 0.020313 0.039062
0 0.360156 0.247656 0.020313 0.035938
0 0.375781 0.269531 0.020313 0.048438
0 0.360938 0.215625 0.015625 0.034375
0 0.378906 0.195312 0.017188 0.043750
0 0.420313 0.182031 0.015625 0.035938
0 0.416406 0.236719 0.017188 0.039062
0 0.446875 0.308594 0.018750 0.051563
0 0.488281 0.269531 0.017188 0.048438
0 0.499219 0.205469 0.017188 0.042188
0 0.482813 0.171875 0.015625 0.043750
0 0.473438 0.157031 0.012500 0.032813
0 0.500781 0.153906 0.014063 0.042188
0 0.522656 0.164844 0.017188 0.048438
0 0.464844 0.166406 0.010938 0.032813
0 0.539844 0.171094 0.010938 0.039062
0 0.560937 0.161719 0.015625 0.032813
0 0.564063 0.140625 0.015625 0.037500
0 0.582813 0.141406 0.015625 0.032813
0 0.582031 0.202344 0.017188 0.045313
0 0.561719 0.221875 0.017188 0.043750
0 0.617188 0.178906 0.015625 0.035938
0 0.628906 0.210938 0.017188 0.040625
0 0.610938 0.150781 0.012500 0.035938
0 0.607813 0.121094 0.012500 0.029688
0 0.590625 0.174219 0.015625 0.035938
0 0.639063 0.131250 0.012500 0.034375
0 0.666406 0.126562 0.014063 0.034375
0 0.667188 0.185156 0.012500 0.026563
0 0.661719 0.167188 0.010938 0.028125
0 0.692969 0.167188 0.017188 0.046875
0 0.696875 0.139844 0.015625 0.035938
0 0.723438 0.153906 0.015625 0.039062
0 0.695312 0.215625 0.018750 0.043750
0 0.670313 0.229688 0.025000 0.059375
0 0.603906 0.301563 0.026563 0.062500
0 0.578125 0.335156 0.025000 0.060938
0 0.604688 0.370313 0.025000 0.062500
0 0.664844 0.402344 0.029688 0.064063
0 0.725000 0.258594 0.021875 0.064063
0 0.747656 0.231250 0.017188 0.050000
0 0.762500 0.198438 0.015625 0.037500
0 0.783594 0.208594 0.014063 0.042188
0 0.778906 0.182031 0.017188 0.039062
0 0.815625 0.193750 0.015625 0.046875
0 0.826563 0.227344 0.018750 0.045313
0 0.801563 0.264844 0.021875 0.054688
0 0.769531 0.289844 0.020313 0.054688
0 0.732031 0.402344 0.026563 0.064063
0 0.802344 0.453906 0.032813 0.076563
0 0.870313 0.505469 0.028125 0.082813
0 0.883594 0.418750 0.026563 0.075000
0 0.867188 0.339844 0.021875 0.057813
0 0.818750 0.307813 0.021875 0.059375
0 0.875781 0.233594 0.017188 0.039062
0 0.901563 0.225000 0.015625 0.031250
0 0.904688 0.260156 0.015625 0.042188
0 0.897656 0.281250 0.017188 0.050000
0 0.927344 0.346094 0.020313 0.048438
0 0.941406 0.410156 0.023438 0.067187
0 0.945312 0.372656 0.018750 0.045313
0 0.978125 0.367969 0.018750 0.051563
0 0.972656 0.309375 0.017188 0.050000
0 0.989063 0.268750 0.015625 0.031250
0 0.932813 0.266406 0.015625 0.039062
0 0.953125 0.242969 0.012500 0.032813
