0 0.233594 0.385938 0.060938 0.112500
0 0.538281 0.184375 0.020313 0.040625
0 0.582031 0.144531 0.017188 0.045313
0 0.598438 0.158594 0.015625 0.032813
0 0.644531 0.175000 0.023438 0.059375
0 0.668750 0.183594 0.012500 0.042188
0 0.684375 0.211719 0.025000 0.048438
0 0.726562 0.193750 0.018750 0.043750
0 0.777344 0.229688 0.023438 0.050000
0 0.832813 0.252344 0.018750 0.051563
0 0.750000 0.275000 0.021875 0.056250
0 0.762500 0.362500 0.028125 0.068750
0 0.807031 0.388281 0.032813 0.067187
0 0.916406 0.391406 0.032813 0.064063
