0 0.949219 0.233594 0.010938 0.035938
0 0.935938 0.257812 0.012500 0.037500
0 0.898438 0.273438 0.012500 0.046875
0 0.893750 0.216406 0.012500 0.039062
0 0.876563 0.228125 0.012500 0.040625
0 0.906250 0.235938 0.012500 0.043750
0 0.989063 0.253125 0.009375 0.037500
0 0.979688 0.292187 0.012500 0.037500
0 0.975781 0.326563 0.010938 0.043750
0 0.982031 0.353906 0.014063 0.042188
0 0.929688 0.336719 0.015625 0.054688
0 0.958594 0.368750 0.017188 0.065625
0 0.955469 0.432813 0.017188 0.075000
0 0.864844 0.335156 0.017188 0.057813
0 0.881250 0.423438 0.018750 0.078125
0 0.854688 0.497656 0.025000 0.085938
0 0.815625 0.182813 0.012500 0.037500
0 0.824219 0.215625 0.014063 0.040625
0 0.838281 0.205469 0.014063 0.039062
0 0.812500 0.241406 0.015625 0.045313
0 0.821094 0.300781 0.017188 0.057813
0 0.777344 0.180469 0.010938 0.032813
0 0.764063 0.188281 0.012500 0.032813
0 0.784375 0.199219 0.015625 0.039062
0 0.771875 0.275781 0.018750 0.057813
0 0.750000 0.222656 0.015625 0.051563
0 0.738281 0.213281 0.014063 0.035938
0 0.728125 0.253125 0.018750 0.053125
0 0.696094 0.205469 0.017188 0.045313
0 0.696875 0.135938 0.012500 0.037500
0 0.718750 0.151563 0.012500 0.040625
0 0.692188 0.153906 0.012500 0.039062
0 0.671875 0.224219 0.018750 0.051563
0 0.729688 0.396875 0.025000 0.071875
0 0.666406 0.399219 0.023438 0.070312
0 0.808594 0.457031 0.032813 0.085938
0 0.660156 0.125781 0.010938 0.032813
0 0.638281 0.123438 0.014063 0.034375
0 0.654688 0.144531 0.012500 0.035938
0 0.662500 0.177344 0.012500 0.035938
0 0.597656 0.118750 0.010938 0.037500
0 0.587500 0.132031 0.012500 0.032813
0 0.595313 0.156250 0.012500 0.034375
0 0.614063 0.149219 0.012500 0.032813
0 0.618750 0.170313 0.012500 0.037500
0 0.621875 0.195312 0.012500 0.046875
0 0.610156 0.296094 0.020313 0.057813
0 0.588281 0.192969 0.014063 0.045313
0 0.563281 0.132031 0.014063 0.032813
0 0.560156 0.151563 0.014063 0.031250
0 0.532813 0.157031 0.015625 0.032813
0 0.560156 0.210938 0.014063 0.040625
0 0.585938 0.331250 0.025000 0.059375
0 0.611719 0.363281 0.023438 0.057813
0 0.513281 0.057813 0.014063 0.028125
0 0.460938 0.153906 0.012500 0.035938
0 0.486719 0.162500 0.014063 0.043750
0 0.499219 0.149219 0.010938 0.032813
0 0.500781 0.202344 0.014063 0.045313
0 0.484375 0.232813 0.018750 0.053125
0 0.439844 0.194531 0.014063 0.042188
0 0.425000 0.172656 0.012500 0.039062
0 0.401563 0.232813 0.015625 0.046875
0 0.450000 0.294531 0.021875 0.057813
0 0.379688 0.178125 0.015625 0.037500
0 0.363281 0.204688 0.014063 0.043750
0 0.375000 0.261719 0.018750 0.054688
0 0.323438 0.206250 0.018750 0.043750
0 0.323438 0.235156 0.015625 0.039062
0 0.362500 0.245313 0.021875 0.037500
0 0.266406 0.245313 0.014063 0.043750
0 0.235156 0.257031 0.010938 0.042188
0 0.247656 0.261719 0.017188 0.042188
0 0.107031 0.550781 0.042188 0.107813
