0 0.028125 0.577344 0.053125 0.092188
0 0.032031 0.729688 0.060938 0.137500
0 0.183594 0.842188 0.114063 0.162500
0 0.094531 0.322656 0.057813 0.079688
0 0.740625 0.787500 0.115625 0.209375
0 0.690625 0.450000 0.065625 0.106250
0 0.454688 0.618750 0.062500 0.121875
0 0.417969 0.461719 0.045313 0.060938
0 0.342188 0.571094 0.053125 0.079688
0 0.375000 0.277344 0.037500 0.067187
0 0.514062 0.289062 0.037500 0.068750
0 0.589844 0.297656 0.032813 0.060938
0 0.660156 0.280469 0.029688 0.045313
0 0.719531 0.275781 0.029688 0.048438
0 0.787500 0.310156 0.050000 0.076563
0 0.775781 0.396094 0.064063 0.104688
0 0.839844 0.343750 0.057813 0.087500
0 0.950781 0.285938 0.035938 0.065625
