0 0.432813 0.206250 0.021875 0.046875
0 0.463281 0.207031 0.020313 0.045313
0 0.613281 0.115625 0.017188 0.037500
0 0.655469 0.125781 0.014063 0.032813
0 0.626563 0.146875 0.015625 0.028125
0 0.665625 0.146875 0.015625 0.025000
0 0.756250 0.150000 0.015625 0.031250
0 0.772656 0.153906 0.017188 0.032813
0 0.873438 0.190625 0.015625 0.034375
0 0.944531 0.195312 0.017188 0.037500
0 0.896094 0.223438 0.017188 0.040625
0 0.895313 0.253125 0.018750 0.040625
0 0.922656 0.260937 0.020313 0.046875
0 0.828906 0.262500 0.020313 0.053125
