0 0.196875 0.564844 0.150000 0.257812
0 0.125781 0.374219 0.123438 0.192188
0 0.207031 0.259375 0.089063 0.162500
0 0.295313 0.388281 0.093750 0.182813
0 0.481250 0.600000 0.140625 0.256250
0 0.550000 0.502344 0.112500 0.192188
0 0.650000 0.497656 0.109375 0.185938
0 0.810156 0.646875 0.120313 0.237500
0 0.826563 0.446094 0.109375 0.201563
0 0.675781 0.193750 0.082813 0.146875
0 0.738281 0.196875 0.054688 0.115625
0 0.742969 0.117188 0.045313 0.081250
0 0.864844 0.240625 0.082813 0.143750
0 0.478125 0.208594 0.071875 0.132812
0 0.544531 0.160938 0.054688 0.106250
0 0.580469 0.128906 0.048438 0.098438
0 0.635156 0.158594 0.054688 0.107813
0 0.971875 0.179688 0.050000 0.103125
0 0.297656 0.118750 0.048438 0.087500
0 0.379688 0.175000 0.065625 0.121875
0 0.438281 0.133594 0.051563 0.092188
0 0.175781 0.182031 0.073438 0.110938
0 0.164844 0.088281 0.051563 0.073438
