0 0.037500 0.523438 0.071875 0.165625
0 0.109375 0.426563 0.062500 0.125000
0 0.178125 0.532813 0.081250 0.175000
0 0.238281 0.435938 0.054688 0.106250
0 0.207813 0.375781 0.034375 0.073438
0 0.310938 0.389844 0.037500 0.073438
0 0.288281 0.378906 0.026563 0.073438
0 0.463281 0.260156 0.032813 0.070312
0 0.500781 0.374219 0.032813 0.076563
0 0.585156 0.377344 0.032813 0.076563
0 0.621094 0.382812 0.039062 0.087500
0 0.665625 0.442969 0.050000 0.120313
0 0.667969 0.372656 0.042188 0.073438
0 0.689063 0.618750 0.121875 0.231250
0 0.739844 0.486719 0.054688 0.135938
0 0.723438 0.391406 0.043750 0.092188
0 0.775000 0.430469 0.046875 0.095313
0 0.889844 0.505469 0.057813 0.135938
0 0.940625 0.564844 0.109375 0.245313
0 0.960156 0.402344 0.051563 0.114063
