0 0.031250 0.596875 0.050000 0.078125
0 0.055469 0.553125 0.032813 0.059375
0 0.022656 0.559375 0.039062 0.056250
0 0.108594 0.518750 0.029688 0.040625
0 0.173438 0.620313 0.059375 0.068750
0 0.166406 0.566406 0.045313 0.054688
0 0.157031 0.535156 0.032813 0.054688
0 0.231250 0.564063 0.034375 0.050000
0 0.235938 0.518750 0.028125 0.040625
0 0.221875 0.519531 0.021875 0.035938
0 0.280469 0.517969 0.023438 0.032813
0 0.317969 0.579688 0.045313 0.078125
0 0.310156 0.525781 0.023438 0.039062
0 0.369531 0.524219 0.029688 0.042188
0 0.350000 0.502344 0.018750 0.035938
0 0.386719 0.574219 0.039062 0.057813
0 0.433594 0.620313 0.064063 0.106250
0 0.514062 0.618750 0.043750 0.090625
0 0.596875 0.713281 0.084375 0.142187
0 0.610156 0.604688 0.054688 0.081250
0 0.678125 0.567969 0.031250 0.051563
0 0.732813 0.553906 0.031250 0.051563
0 0.747656 0.543750 0.023438 0.050000
0 0.800000 0.471094 0.021875 0.045313
0 0.818750 0.572656 0.040625 0.060938
0 0.914062 0.741406 0.096875 0.160938
0 0.949219 0.681250 0.067187 0.109375
0 0.953125 0.629688 0.059375 0.071875
0 0.936719 0.583594 0.039062 0.057813
0 0.939063 0.554688 0.037500 0.050000
0 0.625781 0.538281 0.023438 0.035938
0 0.586719 0.525000 0.029688 0.037500
0 0.532031 0.542188 0.026563 0.050000
0 0.494531 0.519531 0.026563 0.039062
0 0.438281 0.521094 0.026563 0.045313
0 0.405469 0.540625 0.026563 0.050000
