0 0.060938 0.388281 0.046875 0.089063
0 0.096875 0.400781 0.043750 0.098438
0 0.279688 0.281250 0.034375 0.071875
0 0.325781 0.182813 0.017188 0.046875
0 0.341406 0.193750 0.017188 0.046875
0 0.360938 0.194531 0.025000 0.048438
0 0.398438 0.162500 0.021875 0.040625
0 0.532813 0.124219 0.028125 0.060938
0 0.517188 0.254688 0.028125 0.050000
0 0.539062 0.267188 0.031250 0.059375
0 0.596875 0.267969 0.031250 0.064063
0 0.605469 0.144531 0.023438 0.051563
0 0.667969 0.115625 0.023438 0.053125
0 0.671094 0.220313 0.023438 0.056250
0 0.705469 0.150781 0.020313 0.051563
