0 0.082031 0.419531 0.057813 0.082813
0 0.168750 0.339844 0.081250 0.104688
0 0.257812 0.360938 0.062500 0.081250
0 0.339063 0.381250 0.046875 0.068750
0 0.364844 0.446875 0.064063 0.090625
0 0.335938 0.292187 0.040625 0.062500
0 0.378906 0.290625 0.029688 0.050000
0 0.421875 0.278906 0.034375 0.054688
0 0.458594 0.308594 0.048438 0.067187
0 0.515625 0.328906 0.037500 0.073438
0 0.542188 0.304688 0.037500 0.059375
0 0.519531 0.426563 0.051563 0.087500
0 0.560156 0.567969 0.057813 0.095313
0 0.632812 0.378906 0.046875 0.082813
0 0.616406 0.663281 0.054688 0.085938
0 0.716406 0.613281 0.057813 0.085938
0 0.740625 0.569531 0.043750 0.073438
0 0.786719 0.146875 0.060938 0.100000
