0 0.892969 0.485938 0.039062 0.087500
0 0.794531 0.567969 0.026563 0.045313
0 0.750000 0.566406 0.028125 0.042188
0 0.700000 0.558594 0.021875 0.039062
0 0.675000 0.560156 0.021875 0.042188
0 0.572656 0.544531 0.023438 0.035938
0 0.535938 0.538281 0.021875 0.035938
0 0.516406 0.583594 0.032813 0.051563
0 0.487500 0.532813 0.018750 0.031250
0 0.478125 0.509375 0.018750 0.034375
0 0.465625 0.542969 0.021875 0.039062
0 0.428906 0.578906 0.026563 0.035938
0 0.424219 0.550781 0.026563 0.035938
0 0.435938 0.518750 0.018750 0.028125
0 0.409375 0.525000 0.021875 0.034375
0 0.399219 0.492188 0.014063 0.025000
0 0.374219 0.588281 0.032813 0.060938
0 0.344531 0.564844 0.023438 0.045313
0 0.334375 0.592969 0.031250 0.045313
0 0.296875 0.553906 0.028125 0.048438
0 0.314063 0.501563 0.018750 0.031250
0 0.275000 0.525000 0.021875 0.034375
0 0.267188 0.504688 0.015625 0.031250
0 0.263281 0.610938 0.051563 0.071875
0 0.238281 0.569531 0.026563 0.042188
0 0.225781 0.547656 0.023438 0.035938
0 0.225000 0.514062 0.018750 0.037500
0 0.198438 0.517188 0.025000 0.037500
0 0.178906 0.517188 0.017188 0.031250
0 0.182813 0.501563 0.018750 0.031250
0 0.156250 0.503125 0.018750 0.028125
0 0.135156 0.498438 0.017188 0.037500
0 0.126562 0.561719 0.040625 0.064063
0 0.136719 0.557031 0.023438 0.054688
0 0.025000 0.667969 0.046875 0.098438
0 0.063281 0.560156 0.032813 0.054688
0 0.071094 0.533594 0.020313 0.039062
0 0.080469 0.521875 0.020313 0.034375
0 0.087500 0.500000 0.018750 0.034375
0 0.053906 0.496875 0.023438 0.034375
0 0.011719 0.532813 0.020313 0.050000
0 0.030469 0.535156 0.017188 0.035938
0 0.028906 0.496875 0.020313 0.034375
