0 0.186719 0.355469 0.117188 0.210938
0 0.098438 0.264844 0.037500 0.067187
0 0.255469 0.325781 0.035938 0.082813
0 0.273438 0.253906 0.025000 0.048438
0 0.303906 0.226562 0.026563 0.043750
0 0.324219 0.242969 0.026563 0.045313
0 0.330469 0.308594 0.042188 0.079688
0 0.376563 0.281250 0.037500 0.062500
0 0.381250 0.238281 0.031250 0.048438
0 0.416406 0.224219 0.026563 0.048438
0 0.428125 0.370313 0.050000 0.087500
0 0.382031 0.428906 0.064063 0.120313
0 0.428906 0.271875 0.026563 0.053125
0 0.456250 0.249219 0.025000 0.048438
0 0.558594 0.279688 0.032813 0.056250
0 0.578125 0.250000 0.031250 0.056250
0 0.605469 0.226562 0.026563 0.040625
0 0.648438 0.440625 0.071875 0.115625
0 0.671875 0.378906 0.046875 0.082813
0 0.697656 0.350000 0.045313 0.084375
0 0.707031 0.238281 0.029688 0.054688
0 0.819531 0.231250 0.029688 0.056250
0 0.838281 0.270313 0.032813 0.059375
0 0.835938 0.341406 0.043750 0.092188
0 0.875781 0.308594 0.039062 0.070312
0 0.860938 0.277344 0.031250 0.039062
0 0.953125 0.499219 0.081250 0.139063
0 0.976562 0.265625 0.028125 0.053125
0 0.950781 0.235938 0.026563 0.050000
