0 0.079688 0.447656 0.046875 0.101562
0 0.285156 0.250000 0.023438 0.028125
0 0.335938 0.214844 0.021875 0.039062
0 0.389063 0.201563 0.018750 0.034375
0 0.368750 0.220313 0.021875 0.043750
0 0.403906 0.232813 0.020313 0.037500
0 0.413281 0.199219 0.017188 0.032813
0 0.421875 0.157031 0.015625 0.032813
0 0.454688 0.144531 0.015625 0.026563
0 0.467969 0.156250 0.014063 0.034375
0 0.486719 0.157031 0.014063 0.029688
0 0.496094 0.163281 0.014063 0.032813
0 0.535938 0.160156 0.018750 0.039062
0 0.558594 0.186719 0.020313 0.039062
0 0.585156 0.108594 0.014063 0.029688
0 0.621094 0.119531 0.014063 0.029688
0 0.658594 0.110938 0.014063 0.025000
0 0.471875 0.191406 0.018750 0.039062
0 0.445312 0.214844 0.018750 0.035938
0 0.599219 0.228125 0.023438 0.037500
0 0.637500 0.224219 0.028125 0.051563
0 0.666406 0.240625 0.026563 0.050000
0 0.701563 0.195312 0.021875 0.040625
0 0.734375 0.150781 0.015625 0.035938
0 0.806250 0.289844 0.025000 0.067187
0 0.900000 0.332031 0.028125 0.064063
0 0.916406 0.281250 0.026563 0.050000
0 0.895313 0.240625 0.018750 0.043750
0 0.921875 0.237500 0.018750 0.034375
0 0.902344 0.201563 0.014063 0.037500
0 0.947656 0.200000 0.014063 0.031250
0 0.945312 0.164062 0.012500 0.031250
