0 0.093750 0.297656 0.053125 0.082813
0 0.327344 0.388281 0.051563 0.073438
0 0.298438 0.705469 0.090625 0.139063
0 0.543750 0.679688 0.100000 0.140625
0 0.936719 0.614844 0.082813 0.117188
0 0.852344 0.460156 0.070312 0.101562
0 0.728906 0.388281 0.045313 0.079688
0 0.601562 0.366406 0.046875 0.079688
0 0.604688 0.246875 0.028125 0.037500
0 0.533594 0.253125 0.029688 0.043750
0 0.482031 0.278906 0.035938 0.051563
0 0.473438 0.389844 0.059375 0.095313
0 0.412500 0.286719 0.028125 0.054688
0 0.400781 0.165625 0.026563 0.040625
0 0.462500 0.182813 0.025000 0.043750
0 0.704688 0.291406 0.028125 0.051563
0 0.828906 0.205469 0.017188 0.026563
0 0.966406 0.173438 0.017188 0.031250
0 0.963281 0.213281 0.023438 0.042188
