0 0.125000 0.536719 0.056250 0.110938
0 0.217969 0.275781 0.020313 0.042188
0 0.243750 0.282813 0.028125 0.053125
0 0.290625 0.234375 0.018750 0.037500
0 0.310156 0.240625 0.017188 0.040625
0 0.322656 0.211719 0.020313 0.048438
0 0.345313 0.219531 0.018750 0.045313
0 0.360938 0.207031 0.015625 0.042188
0 0.375781 0.199219 0.017188 0.042188
0 0.384375 0.255469 0.018750 0.051563
0 0.403125 0.187500 0.015625 0.031250
0 0.415625 0.229688 0.015625 0.037500
0 0.442969 0.192188 0.017188 0.034375
0 0.453125 0.167969 0.012500 0.026563
0 0.442969 0.306250 0.023438 0.050000
0 0.465625 0.167188 0.012500 0.031250
0 0.475000 0.163281 0.015625 0.035938
0 0.486719 0.175000 0.020313 0.040625
0 0.507812 0.208594 0.021875 0.042188
0 0.483594 0.242969 0.026563 0.045313
0 0.560156 0.216406 0.020313 0.042188
0 0.505469 0.156250 0.017188 0.037500
0 0.527344 0.171875 0.017188 0.046875
0 0.539844 0.162500 0.014063 0.040625
0 0.561719 0.143750 0.017188 0.034375
0 0.568750 0.162500 0.021875 0.040625
0 0.587500 0.142969 0.015625 0.029688
0 0.590625 0.175781 0.018750 0.042188
0 0.588281 0.203125 0.017188 0.040625
0 0.606250 0.214844 0.018750 0.042188
0 0.606250 0.133594 0.015625 0.029688
0 0.614063 0.157813 0.015625 0.031250
0 0.620313 0.179688 0.018750 0.037500
0 0.639844 0.132031 0.014063 0.035938
0 0.664062 0.154688 0.012500 0.034375
0 0.673438 0.146875 0.012500 0.031250
0 0.667188 0.182031 0.012500 0.035938
0 0.684375 0.183594 0.015625 0.032813
0 0.698438 0.141406 0.015625 0.032813
0 0.721094 0.159375 0.014063 0.034375
0 0.585938 0.328906 0.025000 0.042188
0 0.619531 0.353125 0.023438 0.050000
0 0.625000 0.285938 0.025000 0.059375
0 0.664062 0.396875 0.028125 0.078125
0 0.669531 0.244531 0.026563 0.051563
0 0.706250 0.213281 0.018750 0.045313
0 0.730469 0.255469 0.020313 0.039062
0 0.748438 0.223438 0.018750 0.040625
0 0.763281 0.196875 0.014063 0.034375
0 0.775781 0.183594 0.014063 0.032813
0 0.784375 0.206250 0.015625 0.037500
0 0.814844 0.191406 0.014063 0.032813
0 0.801563 0.237500 0.015625 0.037500
0 0.821875 0.223438 0.015625 0.040625
0 0.837500 0.210156 0.015625 0.035938
0 0.809375 0.296094 0.018750 0.057813
0 0.760156 0.285156 0.023438 0.048438
0 0.733594 0.386719 0.026563 0.064063
0 0.805469 0.432031 0.039062 0.076563
0 0.860938 0.500000 0.031250 0.084375
0 0.889063 0.384375 0.021875 0.068750
0 0.864844 0.334375 0.020313 0.050000
0 0.873438 0.299219 0.015625 0.045313
0 0.889063 0.292187 0.018750 0.043750
0 0.869531 0.230469 0.017188 0.035938
0 0.879688 0.218750 0.015625 0.037500
0 0.912500 0.229688 0.012500 0.040625
0 0.907813 0.253906 0.015625 0.035938
0 0.933594 0.268750 0.014063 0.037500
0 0.949219 0.241406 0.014063 0.039062
0 0.985938 0.257812 0.015625 0.040625
0 0.978906 0.301563 0.017188 0.034375
0 0.975000 0.318750 0.015625 0.040625
0 0.977344 0.350000 0.020313 0.046875
0 0.952344 0.371094 0.020313 0.064063
0 0.928906 0.320312 0.014063 0.050000
0 0.962500 0.450000 0.021875 0.065625
