0 0.348438 0.380469 0.137500 0.242188
0 0.451563 0.437500 0.096875 0.168750
0 0.690625 0.440625 0.093750 0.168750
0 0.567969 0.647656 0.189063 0.248438
0 0.519531 0.341406 0.067187 0.092188
0 0.514844 0.307031 0.051563 0.076563
0 0.469531 0.277344 0.045313 0.060938
0 0.446875 0.249219 0.025000 0.045313
0 0.403906 0.284375 0.042188 0.071875
0 0.426563 0.344531 0.046875 0.089063
0 0.259375 0.233594 0.034375 0.057813
0 0.235938 0.234375 0.034375 0.053125
0 0.106250 0.239063 0.043750 0.065625
0 0.036719 0.281250 0.045313 0.071875
