0 0.239063 0.382812 0.053125 0.106250
0 0.554688 0.185938 0.018750 0.043750
0 0.552344 0.285156 0.029688 0.064063
0 0.635938 0.191406 0.021875 0.045313
0 0.674219 0.185156 0.023438 0.045313
0 0.680469 0.205469 0.026563 0.048438
0 0.675000 0.245313 0.031250 0.056250
0 0.671094 0.310938 0.032813 0.068750
0 0.714844 0.199219 0.023438 0.051563
0 0.749219 0.206250 0.026563 0.056250
0 0.757031 0.235938 0.020313 0.050000
0 0.730469 0.264063 0.026563 0.056250
0 0.832813 0.360938 0.031250 0.062500
0 0.918750 0.382812 0.034375 0.081250
