0 0.447656 0.255469 0.032813 0.057813
0 0.535938 0.201563 0.015625 0.031250
0 0.601562 0.163281 0.018750 0.029688
0 0.618750 0.203906 0.018750 0.039062
0 0.666406 0.198438 0.010938 0.031250
0 0.678906 0.257812 0.023438 0.046875
0 0.680469 0.212500 0.017188 0.034375
0 0.707813 0.203906 0.015625 0.042188
0 0.747656 0.224219 0.020313 0.035938
0 0.780469 0.251563 0.020313 0.050000
0 0.822656 0.237500 0.020313 0.046875
0 0.801563 0.389063 0.031250 0.068750
0 0.914844 0.393750 0.029688 0.071875
0 0.742969 0.355469 0.029688 0.054688
0 0.734375 0.289062 0.025000 0.050000
