0 0.182813 0.461719 0.050000 0.085938
0 0.263281 0.262500 0.014063 0.025000
0 0.275000 0.266406 0.012500 0.029688
0 0.326563 0.244531 0.015625 0.035938
0 0.339844 0.249219 0.014063 0.026563
0 0.357031 0.257031 0.017188 0.029688
0 0.367969 0.289844 0.017188 0.039062
0 0.399219 0.292187 0.017188 0.043750
0 0.332813 0.211719 0.012500 0.023438
0 0.346875 0.211719 0.012500 0.029688
0 0.360938 0.225781 0.015625 0.026563
0 0.405469 0.217188 0.017188 0.034375
0 0.387500 0.192188 0.012500 0.025000
0 0.368750 0.190625 0.012500 0.028125
0 0.418750 0.190625 0.012500 0.028125
0 0.453906 0.189844 0.014063 0.026563
0 0.476562 0.228906 0.018750 0.039062
0 0.458594 0.219531 0.017188 0.029688
0 0.467188 0.149219 0.012500 0.020313
0 0.492188 0.130469 0.009375 0.023438
0 0.483594 0.171875 0.017188 0.025000
0 0.517969 0.182031 0.014063 0.029688
0 0.535938 0.206250 0.018750 0.040625
0 0.524219 0.160156 0.010938 0.023438
0 0.559375 0.164062 0.012500 0.025000
0 0.574219 0.145313 0.010938 0.018750
0 0.589063 0.164062 0.015625 0.028125
0 0.617969 0.147656 0.014063 0.026563
0 0.605469 0.138281 0.010938 0.026563
0 0.575000 0.116406 0.012500 0.023438
0 0.617969 0.114844 0.010938 0.020313
0 0.605469 0.116406 0.010938 0.017188
0 0.647656 0.138281 0.010938 0.026563
0 0.657031 0.117969 0.010938 0.023438
0 0.686719 0.123438 0.014063 0.031250
0 0.513281 0.300000 0.023438 0.043750
0 0.557813 0.296094 0.025000 0.048438
0 0.559375 0.248438 0.021875 0.040625
0 0.614063 0.348438 0.031250 0.050000
0 0.632812 0.244531 0.018750 0.042188
0 0.687500 0.253906 0.021875 0.042188
0 0.728125 0.294531 0.021875 0.042188
0 0.775781 0.277344 0.020313 0.048438
0 0.860938 0.305469 0.018750 0.048438
0 0.663281 0.197656 0.017188 0.029688
0 0.667969 0.177344 0.014063 0.023438
0 0.700781 0.145313 0.010938 0.021875
0 0.718750 0.150000 0.009375 0.021875
0 0.726562 0.171094 0.015625 0.032813
0 0.707031 0.195312 0.017188 0.028125
0 0.721875 0.220313 0.018750 0.034375
0 0.741406 0.200000 0.014063 0.034375
0 0.771094 0.228125 0.017188 0.034375
0 0.780469 0.203906 0.014063 0.039062
0 0.779688 0.161719 0.012500 0.026563
0 0.761719 0.139063 0.017188 0.034375
0 0.735938 0.116406 0.012500 0.023438
0 0.775781 0.117969 0.014063 0.026563
0 0.791406 0.135938 0.010938 0.025000
0 0.807813 0.169531 0.012500 0.029688
0 0.846875 0.208594 0.012500 0.039062
0 0.848438 0.151563 0.012500 0.025000
0 0.866406 0.150781 0.014063 0.035938
0 0.896094 0.171094 0.014063 0.035938
0 0.928125 0.254688 0.015625 0.046875
0 0.914844 0.220313 0.014063 0.031250
0 0.934375 0.225000 0.018750 0.034375
0 0.854688 0.196875 0.021875 0.037500
0 0.855469 0.267188 0.023438 0.046875
0 0.902344 0.156250 0.014063 0.031250
0 0.630469 0.203906 0.020313 0.042188
