0 0.166406 0.387500 0.051563 0.112500
0 0.380469 0.448438 0.067187 0.131250
0 0.364063 0.232813 0.025000 0.053125
0 0.410156 0.192188 0.020313 0.040625
0 0.428906 0.199219 0.020313 0.045313
0 0.453125 0.199219 0.021875 0.051563
0 0.471094 0.222656 0.020313 0.048438
0 0.446094 0.251563 0.023438 0.046875
0 0.450000 0.086719 0.015625 0.039062
0 0.592187 0.199219 0.021875 0.048438
0 0.642969 0.218750 0.023438 0.053125
0 0.597656 0.095313 0.014063 0.028125
0 0.642188 0.094531 0.012500 0.026563
0 0.668750 0.103906 0.015625 0.023438
