0 0.226562 0.678125 0.034375 0.059375
0 0.135156 0.616406 0.026563 0.042188
0 0.260156 0.648438 0.051563 0.065625
0 0.335156 0.689844 0.023438 0.035938
0 0.351562 0.703125 0.025000 0.037500
0 0.385156 0.692969 0.023438 0.042188
0 0.410156 0.676563 0.032813 0.050000
0 0.461719 0.654688 0.039062 0.053125
0 0.439844 0.676563 0.029688 0.050000
0 0.509375 0.686719 0.025000 0.035938
0 0.537500 0.685938 0.028125 0.053125
0 0.592969 0.679688 0.032813 0.050000
0 0.650781 0.658594 0.042188 0.060938
0 0.706250 0.688281 0.040625 0.060938
0 0.775000 0.679688 0.037500 0.056250
0 0.841406 0.692969 0.032813 0.057813
0 0.909375 0.689844 0.040625 0.064063
0 0.460156 0.908594 0.123438 0.114063
0 0.839844 0.919531 0.095313 0.123438
