0 0.060156 0.425000 0.039062 0.090625
0 0.088281 0.434375 0.048438 0.093750
0 0.316406 0.211719 0.020313 0.026563
0 0.347656 0.242188 0.017188 0.031250
0 0.385156 0.222656 0.020313 0.045313
0 0.400000 0.194531 0.015625 0.032813
0 0.464844 0.172656 0.020313 0.042188
0 0.498438 0.092188 0.009375 0.021875
0 0.525781 0.250781 0.029688 0.054688
0 0.567188 0.148438 0.025000 0.040625
0 0.587500 0.182031 0.025000 0.048438
0 0.603125 0.132812 0.021875 0.040625
0 0.632812 0.199219 0.025000 0.045313
0 0.588281 0.307031 0.032813 0.057813
0 0.646094 0.129688 0.017188 0.046875
0 0.657031 0.141406 0.017188 0.048438
0 0.682813 0.136719 0.018750 0.042188
