0 0.171094 0.467188 0.039062 0.087500
0 0.214844 0.350781 0.014063 0.026563
0 0.254688 0.350000 0.018750 0.040625
0 0.279688 0.370313 0.015625 0.031250
0 0.285156 0.308594 0.014063 0.029688
0 0.318750 0.378906 0.018750 0.045313
0 0.350000 0.328906 0.012500 0.029688
0 0.350000 0.296875 0.012500 0.025000
0 0.375000 0.331250 0.012500 0.031250
0 0.399219 0.340625 0.014063 0.031250
0 0.430469 0.346094 0.017188 0.035938
0 0.400000 0.298438 0.012500 0.028125
0 0.396094 0.248438 0.010938 0.031250
0 0.427344 0.308594 0.014063 0.029688
0 0.433594 0.266406 0.014063 0.020313
0 0.418750 0.252344 0.012500 0.023438
0 0.460156 0.267188 0.010938 0.021875
0 0.453125 0.241406 0.012500 0.017188
0 0.482031 0.269531 0.010938 0.026563
0 0.503906 0.296875 0.014063 0.028125
0 0.493750 0.258594 0.009375 0.023438
0 0.500000 0.242969 0.012500 0.023438
0 0.519531 0.252344 0.014063 0.029688
0 0.543750 0.225781 0.009375 0.023438
0 0.555469 0.244531 0.010938 0.026563
0 0.558594 0.205469 0.010938 0.023438
0 0.556250 0.277344 0.012500 0.026563
0 0.560937 0.266406 0.012500 0.017188
0 0.570312 0.252344 0.009375 0.023438
0 0.585156 0.238281 0.010938 0.023438
0 0.595313 0.210156 0.009375 0.026563
0 0.608594 0.210156 0.010938 0.023438
0 0.610156 0.236719 0.014063 0.023438
0 0.640625 0.224219 0.009375 0.023438
0 0.663281 0.228906 0.010938 0.026563
0 0.650000 0.233594 0.009375 0.026563
0 0.685156 0.254688 0.010938 0.028125
0 0.621094 0.261719 0.010938 0.026563
0 0.500000 0.328906 0.015625 0.029688
0 0.457031 0.316406 0.014063 0.029688
0 0.445312 0.412500 0.025000 0.056250
0 0.525000 0.409375 0.021875 0.050000
0 0.522656 0.369531 0.020313 0.035938
0 0.578906 0.324219 0.017188 0.039062
0 0.616406 0.296094 0.014063 0.029688
0 0.629688 0.337500 0.021875 0.034375
0 0.662500 0.364063 0.021875 0.037500
0 0.591406 0.426563 0.023438 0.056250
0 0.642188 0.438281 0.028125 0.054688
0 0.637500 0.389063 0.021875 0.046875
0 0.710938 0.394531 0.018750 0.042188
0 0.664062 0.326563 0.015625 0.037500
0 0.648438 0.278125 0.012500 0.034375
0 0.699219 0.287500 0.014063 0.028125
0 0.708594 0.271094 0.010938 0.032813
0 0.715625 0.249219 0.009375 0.026563
0 0.724219 0.235938 0.014063 0.025000
0 0.752344 0.240625 0.010938 0.025000
0 0.744531 0.281250 0.014063 0.034375
0 0.750000 0.264844 0.012500 0.029688
0 0.684375 0.509375 0.031250 0.068750
0 0.791406 0.528906 0.023438 0.064063
0 0.756250 0.431250 0.025000 0.053125
0 0.784375 0.363281 0.018750 0.042188
0 0.797656 0.332813 0.017188 0.037500
0 0.782813 0.299219 0.012500 0.029688
0 0.789844 0.276562 0.014063 0.028125
0 0.781250 0.247656 0.012500 0.029688
0 0.810156 0.257812 0.010938 0.025000
0 0.828125 0.280469 0.015625 0.032813
0 0.830469 0.260937 0.014063 0.031250
0 0.839844 0.253906 0.014063 0.035938
0 0.863281 0.284375 0.010938 0.031250
0 0.821094 0.317188 0.014063 0.031250
0 0.846875 0.357813 0.018750 0.040625
0 0.828125 0.391406 0.018750 0.051563
0 0.817969 0.446094 0.023438 0.045313
0 0.875781 0.460156 0.020313 0.060938
0 0.879688 0.395313 0.018750 0.050000
0 0.890625 0.359375 0.012500 0.037500
0 0.893750 0.335938 0.012500 0.031250
0 0.883594 0.317969 0.010938 0.032813
0 0.901563 0.307813 0.009375 0.028125
0 0.892969 0.291406 0.010938 0.026563
0 0.902344 0.272656 0.010938 0.026563
