0 0.519531 0.318750 0.060938 0.109375
0 0.642188 0.400000 0.021875 0.031250
0 0.241406 0.489844 0.070312 0.085938
0 0.195312 0.475781 0.059375 0.076563
0 0.150781 0.457031 0.048438 0.070312
0 0.292187 0.414062 0.021875 0.031250
0 0.327344 0.401563 0.020313 0.028125
0 0.346875 0.410938 0.021875 0.028125
0 0.377344 0.445312 0.026563 0.040625
0 0.425000 0.463281 0.028125 0.045313
0 0.470313 0.435938 0.018750 0.031250
0 0.457813 0.421094 0.012500 0.029688
0 0.442969 0.428906 0.017188 0.026563
0 0.431250 0.419531 0.015625 0.026563
0 0.442969 0.405469 0.014063 0.026563
0 0.438281 0.388281 0.014063 0.023438
0 0.420313 0.407031 0.015625 0.026563
0 0.417188 0.388281 0.012500 0.023438
0 0.409375 0.420313 0.018750 0.031250
0 0.384375 0.421875 0.018750 0.031250
0 0.387500 0.402344 0.015625 0.026563
0 0.395313 0.383594 0.015625 0.023438
0 0.384375 0.378125 0.012500 0.018750
0 0.396875 0.369531 0.015625 0.023438
0 0.368750 0.382031 0.018750 0.029688
0 0.350781 0.376563 0.014063 0.025000
0 0.346875 0.357031 0.015625 0.023438
0 0.331250 0.366406 0.012500 0.020313
0 0.331250 0.386719 0.015625 0.020313
0 0.303906 0.383594 0.014063 0.026563
0 0.317969 0.375000 0.017188 0.028125
0 0.312500 0.360156 0.009375 0.017188
0 0.327344 0.354688 0.014063 0.021875
0 0.307031 0.342188 0.010938 0.018750
0 0.300781 0.347656 0.010938 0.020313
0 0.293750 0.357031 0.012500 0.026563
0 0.275781 0.369531 0.014063 0.023438
0 0.285938 0.398438 0.018750 0.034375
0 0.292187 0.378125 0.015625 0.018750
0 0.259375 0.374219 0.018750 0.026563
0 0.253125 0.359375 0.012500 0.018750
0 0.264844 0.346094 0.010938 0.023438
0 0.278125 0.343750 0.012500 0.018750
0 0.271875 0.325000 0.012500 0.021875
0 0.254688 0.318750 0.012500 0.021875
0 0.256250 0.335938 0.012500 0.021875
0 0.234375 0.358594 0.012500 0.023438
0 0.226562 0.382031 0.015625 0.029688
0 0.242188 0.407813 0.025000 0.037500
0 0.221875 0.357813 0.015625 0.025000
0 0.214063 0.336719 0.015625 0.023438
0 0.234375 0.321094 0.012500 0.023438
0 0.210156 0.402344 0.020313 0.042188
0 0.187500 0.400781 0.025000 0.039062
0 0.152344 0.394531 0.023438 0.042188
0 0.134375 0.374219 0.018750 0.029688
0 0.100781 0.361719 0.017188 0.029688
0 0.078906 0.386719 0.032813 0.054688
0 0.060156 0.367188 0.020313 0.043750
0 0.039844 0.349219 0.020313 0.035938
0 0.055469 0.327344 0.014063 0.029688
0 0.070312 0.343750 0.015625 0.021875
0 0.069531 0.328906 0.010938 0.017188
0 0.064844 0.310938 0.014063 0.021875
0 0.079688 0.306250 0.012500 0.018750
0 0.103906 0.285156 0.014063 0.023438
0 0.121875 0.300781 0.012500 0.023438
0 0.145313 0.283594 0.012500 0.023438
0 0.176563 0.370313 0.018750 0.028125
0 0.192188 0.361719 0.012500 0.026563
0 0.199219 0.353906 0.010938 0.023438
0 0.199219 0.334375 0.010938 0.021875
0 0.190625 0.325000 0.012500 0.021875
0 0.184375 0.307813 0.012500 0.021875
0 0.175781 0.325781 0.010938 0.020313
0 0.145313 0.339844 0.015625 0.026563
0 0.160156 0.323438 0.010938 0.018750
0 0.168750 0.336719 0.009375 0.017188
0 0.156250 0.302344 0.012500 0.020313
0 0.165625 0.305469 0.009375 0.020313
0 0.116406 0.345313 0.020313 0.034375
0 0.118750 0.322656 0.012500 0.020313
0 0.103906 0.315625 0.017188 0.025000
0 0.133594 0.317188 0.014063 0.028125
