0 0.875781 0.368750 0.029688 0.059375
0 0.696875 0.425781 0.025000 0.042188
0 0.617188 0.369531 0.025000 0.045313
0 0.596094 0.368750 0.017188 0.043750
0 0.577344 0.363281 0.020313 0.039062
0 0.567969 0.380469 0.026563 0.048438
0 0.539844 0.382031 0.029688 0.060938
0 0.514062 0.385156 0.031250 0.051563
0 0.410938 0.392188 0.043750 0.075000
0 0.348438 0.406250 0.053125 0.090625
0 0.262500 0.381250 0.059375 0.100000
0 0.167969 0.400000 0.057813 0.106250
0 0.100000 0.375781 0.078125 0.154688
0 0.046875 0.267188 0.050000 0.103125
0 0.147656 0.278125 0.054688 0.087500
0 0.237500 0.287500 0.043750 0.087500
0 0.282813 0.282031 0.037500 0.073438
0 0.275781 0.216406 0.032813 0.060938
0 0.185938 0.232813 0.034375 0.075000
0 0.180469 0.182813 0.032813 0.053125
0 0.139063 0.182813 0.031250 0.059375
0 0.126562 0.234375 0.034375 0.071875
0 0.083594 0.168750 0.039062 0.071875
0 0.036719 0.190625 0.042188 0.071875
0 0.023438 0.146094 0.040625 0.064063
0 0.317188 0.246875 0.028125 0.053125
0 0.360938 0.257812 0.031250 0.053125
0 0.385938 0.273438 0.025000 0.050000
0 0.379688 0.235156 0.021875 0.039062
0 0.400000 0.239063 0.015625 0.040625
0 0.421875 0.289844 0.028125 0.064063
0 0.438281 0.279688 0.017188 0.050000
0 0.455469 0.275781 0.017188 0.035938
0 0.458594 0.310156 0.029688 0.054688
0 0.489844 0.309375 0.023438 0.053125
0 0.482813 0.285938 0.018750 0.040625
0 0.512500 0.317188 0.021875 0.046875
0 0.528906 0.315625 0.026563 0.056250
0 0.551563 0.318750 0.025000 0.050000
