0 0.080469 0.485156 0.042188 0.107813
0 0.166406 0.307813 0.023438 0.040625
0 0.196094 0.299219 0.029688 0.054688
0 0.240625 0.248438 0.021875 0.046875
0 0.278906 0.267188 0.017188 0.040625
0 0.296875 0.245313 0.021875 0.046875
0 0.282813 0.214844 0.018750 0.042188
0 0.325781 0.215625 0.020313 0.043750
0 0.348438 0.266406 0.015625 0.054688
0 0.339063 0.206250 0.021875 0.037500
0 0.366406 0.193750 0.020313 0.040625
0 0.373438 0.249219 0.018750 0.045313
0 0.409375 0.201563 0.018750 0.043750
0 0.410938 0.168750 0.015625 0.037500
0 0.428125 0.163281 0.015625 0.045313
0 0.417969 0.325781 0.032813 0.057813
0 0.450781 0.253906 0.023438 0.057813
0 0.466406 0.160938 0.014063 0.034375
0 0.472656 0.164062 0.017188 0.050000
0 0.471094 0.214844 0.020313 0.048438
0 0.500000 0.175781 0.021875 0.048438
0 0.507812 0.159375 0.018750 0.040625
0 0.514844 0.235156 0.020313 0.048438
0 0.544531 0.167969 0.020313 0.045313
0 0.537500 0.138281 0.015625 0.032813
0 0.567188 0.136719 0.015625 0.035938
0 0.557813 0.200781 0.015625 0.045313
0 0.567188 0.172656 0.015625 0.039062
0 0.584375 0.122656 0.015625 0.032813
0 0.594531 0.156250 0.017188 0.040625
0 0.590625 0.195312 0.015625 0.037500
0 0.610156 0.201563 0.017188 0.046875
0 0.619531 0.129688 0.014063 0.040625
0 0.635156 0.153125 0.014063 0.043750
0 0.646094 0.126562 0.014063 0.040625
0 0.680469 0.132812 0.014063 0.034375
0 0.675781 0.164062 0.017188 0.040625
0 0.705469 0.158594 0.014063 0.035938
0 0.647656 0.182031 0.014063 0.039062
0 0.643750 0.267969 0.025000 0.064063
0 0.700000 0.214844 0.015625 0.045313
0 0.723438 0.224219 0.018750 0.045313
0 0.733594 0.234375 0.014063 0.053125
0 0.716406 0.270313 0.020313 0.050000
0 0.744531 0.299219 0.020313 0.051563
0 0.750781 0.207031 0.014063 0.042188
0 0.767969 0.189063 0.014063 0.040625
0 0.775000 0.214844 0.021875 0.042188
0 0.805469 0.191406 0.017188 0.032813
0 0.811719 0.230469 0.017188 0.042188
0 0.825781 0.218750 0.014063 0.040625
0 0.786719 0.265625 0.020313 0.056250
0 0.811719 0.310938 0.020313 0.062500
0 0.605469 0.298438 0.026563 0.059375
0 0.560156 0.350781 0.029688 0.057813
0 0.589844 0.385938 0.029688 0.065625
0 0.649219 0.417969 0.032813 0.060938
0 0.721875 0.411719 0.034375 0.070312
0 0.788281 0.484375 0.032813 0.093750
0 0.864844 0.236719 0.014063 0.042188
0 0.888281 0.280469 0.014063 0.045313
0 0.882031 0.250781 0.014063 0.032813
0 0.905469 0.242188 0.014063 0.040625
0 0.900000 0.266406 0.015625 0.042188
0 0.934375 0.280469 0.012500 0.048438
0 0.865625 0.327344 0.018750 0.051563
0 0.856250 0.353125 0.018750 0.050000
0 0.878125 0.453125 0.021875 0.068750
0 0.858594 0.524219 0.026563 0.092188
0 0.957813 0.482813 0.021875 0.078125
0 0.950000 0.406250 0.021875 0.068750
0 0.939844 0.346875 0.020313 0.059375
0 0.954688 0.253906 0.015625 0.042188
0 0.989063 0.297656 0.015625 0.051563
0 0.979688 0.324219 0.012500 0.048438
0 0.970313 0.335156 0.015625 0.054688
0 0.974219 0.380469 0.020313 0.057813
