0 0.053906 0.352344 0.039062 0.060938
0 0.130469 0.360156 0.045313 0.067187
0 0.207813 0.258594 0.040625 0.051563
0 0.264063 0.350781 0.056250 0.079688
0 0.364844 0.344531 0.045313 0.089063
0 0.356250 0.268750 0.043750 0.053125
0 0.352344 0.194531 0.039062 0.051563
0 0.482813 0.239063 0.053125 0.068750
0 0.473438 0.165625 0.040625 0.056250
0 0.563281 0.154688 0.042188 0.062500
0 0.628906 0.250781 0.054688 0.076563
0 0.777344 0.121875 0.064063 0.084375
0 0.934375 0.180469 0.062500 0.110938
0 0.835938 0.410938 0.100000 0.146875
