0 0.075781 0.508594 0.051563 0.117188
0 0.258594 0.282031 0.017188 0.032813
0 0.276562 0.280469 0.015625 0.039062
0 0.304688 0.259375 0.015625 0.040625
0 0.314844 0.235938 0.014063 0.028125
0 0.342188 0.217188 0.018750 0.034375
0 0.375781 0.215625 0.014063 0.031250
0 0.382031 0.204688 0.020313 0.034375
0 0.410156 0.172656 0.017188 0.026563
0 0.451563 0.147656 0.009375 0.026563
0 0.483594 0.132031 0.014063 0.026563
0 0.479688 0.148438 0.018750 0.025000
0 0.432031 0.194531 0.014063 0.026563
0 0.439844 0.239844 0.020313 0.035938
0 0.464844 0.196094 0.014063 0.032813
0 0.493750 0.190625 0.015625 0.025000
0 0.464063 0.235156 0.018750 0.035938
0 0.533594 0.139063 0.014063 0.037500
0 0.561719 0.117969 0.017188 0.026563
0 0.554688 0.135156 0.012500 0.026563
0 0.540625 0.204688 0.021875 0.037500
0 0.574219 0.164844 0.020313 0.035938
0 0.585156 0.131250 0.023438 0.028125
0 0.600781 0.100000 0.017188 0.031250
0 0.629688 0.100000 0.015625 0.028125
0 0.621094 0.135156 0.017188 0.039062
0 0.607031 0.207813 0.017188 0.034375
0 0.561719 0.292187 0.023438 0.053125
0 0.479688 0.306250 0.025000 0.056250
0 0.603906 0.268750 0.026563 0.053125
0 0.649219 0.116406 0.014063 0.026563
0 0.673438 0.112500 0.012500 0.028125
0 0.685938 0.108594 0.012500 0.026563
0 0.651563 0.171875 0.018750 0.037500
0 0.684375 0.185156 0.015625 0.045313
0 0.660156 0.260156 0.020313 0.054688
0 0.607031 0.340625 0.029688 0.068750
0 0.669531 0.338281 0.026563 0.064063
0 0.710156 0.139063 0.020313 0.043750
0 0.732813 0.123438 0.015625 0.043750
0 0.706250 0.216406 0.021875 0.045313
0 0.717969 0.278906 0.029688 0.048438
0 0.732031 0.196094 0.017188 0.042188
0 0.755469 0.100000 0.014063 0.021875
0 0.754688 0.240625 0.021875 0.050000
0 0.782031 0.121875 0.010938 0.025000
0 0.780469 0.160938 0.017188 0.034375
0 0.782813 0.288281 0.018750 0.054688
0 0.813281 0.242969 0.020313 0.051563
0 0.794531 0.125000 0.010938 0.031250
0 0.800000 0.180469 0.018750 0.045313
0 0.812500 0.130469 0.009375 0.023438
0 0.831250 0.136719 0.012500 0.029688
0 0.850000 0.186719 0.021875 0.042188
0 0.871875 0.125000 0.012500 0.031250
0 0.868750 0.223438 0.012500 0.031250
0 0.903906 0.133594 0.010938 0.032813
0 0.892969 0.200781 0.017188 0.032813
0 0.928125 0.167969 0.015625 0.032813
0 0.928906 0.158594 0.014063 0.032813
0 0.927344 0.195312 0.017188 0.031250
0 0.929688 0.268750 0.021875 0.046875
0 0.863281 0.160938 0.017188 0.031250
0 0.815625 0.169531 0.015625 0.032813
0 0.741406 0.160156 0.017188 0.042188
0 0.667969 0.203906 0.020313 0.051563
0 0.410156 0.217188 0.017188 0.034375
0 0.435938 0.275781 0.018750 0.042188
0 0.339063 0.265625 0.018750 0.037500
0 0.386719 0.217969 0.014063 0.035938
0 0.682813 0.144531 0.018750 0.032813
0 0.767969 0.131250 0.017188 0.031250
