0 0.040625 0.612500 0.078125 0.128125
0 0.162500 0.693750 0.121875 0.184375
0 0.138281 0.550781 0.064063 0.079688
0 0.161719 0.503125 0.048438 0.068750
0 0.291406 0.270313 0.035938 0.050000
0 0.237500 0.617188 0.071875 0.112500
0 0.289062 0.550781 0.056250 0.085938
0 0.314063 0.508594 0.059375 0.076563
0 0.585938 0.489844 0.046875 0.064063
0 0.642188 0.544531 0.053125 0.092188
0 0.719531 0.576562 0.070312 0.112500
0 0.761719 0.541406 0.048438 0.079688
0 0.717188 0.492969 0.043750 0.070312
0 0.857031 0.683594 0.107813 0.157813
0 0.912500 0.579688 0.071875 0.109375
0 0.941406 0.482031 0.057813 0.079688
