0 0.035938 0.572656 0.062500 0.139063
0 0.151563 0.642969 0.081250 0.151563
0 0.126562 0.497656 0.040625 0.079688
0 0.234375 0.546875 0.056250 0.112500
0 0.280469 0.503125 0.032813 0.078125
0 0.326563 0.542188 0.053125 0.121875
0 0.345313 0.512500 0.031250 0.078125
0 0.312500 0.706250 0.100000 0.178125
0 0.415625 0.507031 0.043750 0.101562
0 0.451563 0.621875 0.059375 0.128125
0 0.471875 0.535156 0.046875 0.098438
0 0.535156 0.797656 0.135938 0.257812
0 0.611719 0.660938 0.079688 0.165625
0 0.552344 0.489844 0.042188 0.085938
0 0.675781 0.585156 0.051563 0.110938
0 0.686719 0.535156 0.042188 0.092188
0 0.757812 0.493750 0.040625 0.087500
0 0.809375 0.532031 0.046875 0.110938
0 0.856250 0.610938 0.075000 0.162500
0 0.917969 0.713281 0.123438 0.201563
0 0.892969 0.511719 0.048438 0.107813
