0 0.178125 0.317188 0.043750 0.081250
0 0.221094 0.326563 0.054688 0.081250
0 0.326563 0.289062 0.037500 0.065625
0 0.366406 0.310938 0.042188 0.068750
0 0.395313 0.414844 0.059375 0.104688
0 0.470313 0.455469 0.078125 0.129688
0 0.442188 0.300781 0.037500 0.048438
0 0.498438 0.299219 0.037500 0.060938
0 0.527344 0.272656 0.032813 0.057813
0 0.556250 0.358594 0.053125 0.089063
0 0.593750 0.281250 0.031250 0.056250
0 0.616406 0.266406 0.026563 0.051563
0 0.664844 0.278906 0.029688 0.051563
0 0.692188 0.335938 0.040625 0.068750
0 0.650000 0.400781 0.056250 0.101562
0 0.668750 0.514062 0.078125 0.140625
0 0.848438 0.440625 0.059375 0.125000
0 0.796094 0.365625 0.039062 0.081250
0 0.769531 0.317188 0.029688 0.071875
0 0.842969 0.321094 0.029688 0.057813
0 0.858594 0.352344 0.029688 0.060938
0 0.908594 0.410938 0.048438 0.081250
0 0.914062 0.328125 0.034375 0.068750
0 0.978125 0.350000 0.037500 0.071875
0 0.896875 0.590625 0.090625 0.190625
