0 0.037500 0.532813 0.037500 0.065625
0 0.113281 0.539062 0.032813 0.062500
0 0.117969 0.760156 0.098438 0.173438
0 0.117188 0.648438 0.053125 0.093750
0 0.271094 0.651563 0.067187 0.128125
0 0.275000 0.532813 0.043750 0.078125
0 0.343750 0.596875 0.046875 0.081250
0 0.372656 0.564063 0.035938 0.059375
0 0.405469 0.524219 0.032813 0.054688
0 0.317969 0.546875 0.032813 0.056250
0 0.560937 0.440625 0.031250 0.053125
0 0.567188 0.584375 0.034375 0.053125
0 0.577344 0.557031 0.032813 0.060938
0 0.632031 0.623438 0.057813 0.103125
0 0.653906 0.554688 0.026563 0.065625
0 0.667188 0.574219 0.031250 0.054688
0 0.697656 0.567188 0.035938 0.065625
0 0.733594 0.655469 0.070312 0.135938
0 0.784375 0.603125 0.040625 0.075000
0 0.880469 0.539062 0.045313 0.050000
0 0.921875 0.699219 0.084375 0.132812
0 0.971875 0.569531 0.034375 0.060938
0 0.960156 0.547656 0.029688 0.067187
