0 0.171094 0.506250 0.039062 0.071875
0 0.253125 0.272656 0.012500 0.026563
0 0.274219 0.278125 0.017188 0.031250
0 0.299219 0.275000 0.017188 0.037500
0 0.312500 0.242969 0.012500 0.026563
0 0.357031 0.225000 0.017188 0.034375
0 0.375781 0.200781 0.014063 0.035938
0 0.392188 0.196875 0.015625 0.031250
0 0.392969 0.228125 0.014063 0.028125
0 0.419531 0.202344 0.014063 0.032813
0 0.449219 0.176563 0.014063 0.025000
0 0.468750 0.152344 0.012500 0.026563
0 0.437500 0.241406 0.021875 0.035938
0 0.393750 0.289062 0.021875 0.043750
0 0.377344 0.285156 0.017188 0.039062
0 0.353125 0.306250 0.025000 0.043750
0 0.303906 0.313281 0.020313 0.032813
0 0.460156 0.201563 0.017188 0.037500
0 0.479688 0.239844 0.018750 0.039062
0 0.484375 0.169531 0.012500 0.035938
0 0.490625 0.146875 0.012500 0.021875
0 0.636719 0.308594 0.026563 0.051563
0 0.687500 0.121875 0.012500 0.028125
0 0.625781 0.127344 0.014063 0.026563
0 0.605469 0.129688 0.014063 0.028125
0 0.574219 0.126562 0.014063 0.025000
0 0.571094 0.153125 0.014063 0.028125
0 0.607031 0.155469 0.014063 0.026563
0 0.628906 0.150781 0.014063 0.026563
0 0.645313 0.145313 0.018750 0.037500
0 0.580469 0.182031 0.017188 0.032813
0 0.535938 0.172656 0.021875 0.023438
0 0.514062 0.205469 0.018750 0.029688
0 0.748438 0.125000 0.012500 0.031250
0 0.721875 0.157031 0.015625 0.029688
0 0.700000 0.159375 0.015625 0.037500
0 0.652344 0.209375 0.017188 0.037500
0 0.682031 0.213281 0.017188 0.042188
0 0.615625 0.242188 0.025000 0.050000
0 0.570312 0.251563 0.021875 0.043750
0 0.585156 0.290625 0.026563 0.056250
0 0.521094 0.312500 0.026563 0.046875
0 0.688281 0.270313 0.026563 0.056250
0 0.714063 0.226562 0.018750 0.053125
0 0.745313 0.203125 0.021875 0.043750
0 0.766406 0.145313 0.014063 0.031250
0 0.779688 0.139063 0.015625 0.034375
0 0.783594 0.165625 0.014063 0.034375
0 0.800000 0.164062 0.015625 0.031250
0 0.816406 0.182031 0.017188 0.032813
0 0.846875 0.158594 0.012500 0.029688
0 0.860156 0.171094 0.014063 0.032813
0 0.858594 0.199219 0.017188 0.032813
0 0.851562 0.226562 0.018750 0.050000
0 0.910156 0.166406 0.014063 0.032813
0 0.901563 0.189063 0.018750 0.037500
0 0.939063 0.282813 0.018750 0.053125
0 0.942969 0.267969 0.020313 0.045313
0 0.854688 0.285156 0.021875 0.045313
0 0.854688 0.339063 0.021875 0.056250
0 0.785156 0.299219 0.026563 0.051563
0 0.770313 0.241406 0.018750 0.045313
0 0.786719 0.214063 0.017188 0.040625
0 0.733594 0.282813 0.023438 0.046875
