0 0.228906 0.596875 0.157813 0.228125
0 0.075000 0.810938 0.137500 0.259375
0 0.053906 0.367969 0.067187 0.089063
0 0.182031 0.281250 0.064063 0.112500
0 0.209375 0.357031 0.043750 0.073438
0 0.249219 0.339063 0.032813 0.050000
0 0.278125 0.325000 0.037500 0.062500
0 0.380469 0.455469 0.073438 0.126562
0 0.422656 0.478906 0.095313 0.135938
0 0.407813 0.386719 0.053125 0.073438
0 0.442969 0.339844 0.048438 0.067187
0 0.404688 0.335938 0.037500 0.050000
0 0.408594 0.312500 0.035938 0.059375
0 0.592187 0.314063 0.031250 0.062500
0 0.658594 0.314063 0.048438 0.087500
0 0.676563 0.321875 0.043750 0.090625
0 0.689844 0.251563 0.045313 0.071875
0 0.745313 0.346875 0.059375 0.071875
0 0.821094 0.308594 0.067187 0.114063
0 0.785938 0.250781 0.034375 0.060938
0 0.877344 0.303906 0.035938 0.060938
0 0.764844 0.321094 0.048438 0.070312
