0 0.044531 0.179688 0.067187 0.103125
0 0.124219 0.169531 0.060938 0.085938
0 0.168750 0.214063 0.068750 0.109375
0 0.211719 0.338281 0.142187 0.195312
0 0.252344 0.258594 0.067187 0.095313
0 0.240625 0.189844 0.059375 0.079688
0 0.207813 0.157031 0.053125 0.079688
0 0.289844 0.175781 0.051563 0.079688
0 0.374219 0.316406 0.123438 0.220313
0 0.512500 0.275000 0.090625 0.162500
0 0.463281 0.253906 0.064063 0.107813
0 0.407031 0.223438 0.051563 0.071875
0 0.341406 0.174219 0.045313 0.064063
0 0.410156 0.167188 0.039062 0.059375
0 0.528906 0.160938 0.054688 0.084375
0 0.607031 0.150000 0.051563 0.084375
0 0.637500 0.188281 0.068750 0.104688
0 0.715625 0.270313 0.087500 0.150000
0 0.768750 0.375000 0.156250 0.287500
0 0.712500 0.178906 0.034375 0.076563
0 0.749219 0.200781 0.060938 0.079688
0 0.816406 0.196094 0.057813 0.098438
0 0.825000 0.151563 0.043750 0.075000
0 0.950781 0.246875 0.089063 0.156250
0 0.934375 0.164844 0.071875 0.132812
