0 0.065625 0.433594 0.046875 0.079688
0 0.099219 0.426563 0.045313 0.096875
0 0.161719 0.315625 0.026563 0.056250
0 0.319531 0.221875 0.020313 0.034375
0 0.334375 0.234375 0.021875 0.046875
0 0.352344 0.228906 0.023438 0.048438
0 0.389063 0.202344 0.021875 0.039062
0 0.629688 0.064063 0.012500 0.028125
0 0.571875 0.133594 0.021875 0.039062
0 0.628125 0.132031 0.018750 0.042188
0 0.675781 0.101562 0.017188 0.040625
0 0.513281 0.282813 0.023438 0.043750
0 0.541406 0.297656 0.029688 0.051563
0 0.551563 0.357031 0.037500 0.079688
0 0.589844 0.360156 0.045313 0.082813
0 0.611719 0.310938 0.029688 0.065625
0 0.617969 0.192969 0.017188 0.039062
0 0.646094 0.191406 0.014063 0.032813
0 0.674219 0.257031 0.020313 0.048438
0 0.704688 0.185156 0.018750 0.039062
0 0.713281 0.082031 0.014063 0.032813
