0 0.880469 0.157813 0.010938 0.031250
0 0.842969 0.155469 0.010938 0.029688
0 0.910938 0.174219 0.012500 0.029688
0 0.939063 0.171875 0.012500 0.031250
0 0.893750 0.197656 0.015625 0.035938
0 0.864063 0.191406 0.012500 0.032813
0 0.851562 0.193750 0.015625 0.037500
0 0.885938 0.246094 0.015625 0.045313
0 0.876563 0.285938 0.015625 0.056250
0 0.907031 0.321094 0.020313 0.054688
0 0.921094 0.248438 0.014063 0.040625
0 0.930469 0.239063 0.014063 0.040625
0 0.937500 0.217969 0.012500 0.032813
0 0.933594 0.285938 0.020313 0.046875
0 0.905469 0.418750 0.029688 0.075000
0 0.821094 0.355469 0.029688 0.067187
0 0.850000 0.307031 0.021875 0.054688
0 0.790625 0.290625 0.021875 0.056250
0 0.793750 0.207813 0.015625 0.040625
0 0.809375 0.248438 0.015625 0.040625
0 0.835156 0.240625 0.014063 0.040625
0 0.813281 0.171094 0.010938 0.032813
0 0.815625 0.193750 0.015625 0.040625
0 0.828906 0.176563 0.014063 0.034375
0 0.712500 0.163281 0.012500 0.032813
0 0.739063 0.176563 0.012500 0.034375
0 0.757812 0.128125 0.012500 0.028125
0 0.754688 0.152344 0.012500 0.035938
0 0.781250 0.144531 0.012500 0.023438
0 0.774219 0.182813 0.014063 0.037500
0 0.710156 0.195312 0.017188 0.040625
0 0.710156 0.241406 0.020313 0.051563
0 0.732813 0.341406 0.028125 0.067187
0 0.689063 0.332813 0.025000 0.065625
0 0.632812 0.224219 0.018750 0.045313
0 0.639063 0.248438 0.018750 0.043750
0 0.670313 0.278125 0.018750 0.046875
0 0.664062 0.192969 0.015625 0.039062
0 0.672656 0.221875 0.017188 0.040625
0 0.703125 0.125781 0.009375 0.023438
0 0.682031 0.114844 0.010938 0.023438
0 0.646875 0.105469 0.009375 0.020313
0 0.641406 0.121094 0.010938 0.023438
0 0.661719 0.112500 0.010938 0.018750
0 0.667188 0.125000 0.009375 0.021875
0 0.648438 0.144531 0.012500 0.032813
0 0.629688 0.143750 0.009375 0.031250
0 0.632812 0.155469 0.012500 0.032813
0 0.610938 0.107813 0.012500 0.025000
0 0.585938 0.115625 0.012500 0.028125
0 0.603906 0.125000 0.010938 0.034375
0 0.579688 0.142187 0.012500 0.028125
0 0.556250 0.121094 0.009375 0.020313
0 0.600781 0.145313 0.014063 0.031250
0 0.581250 0.178125 0.012500 0.034375
0 0.553125 0.165625 0.012500 0.034375
0 0.561719 0.187500 0.017188 0.037500
0 0.543750 0.138281 0.012500 0.029688
0 0.530469 0.155469 0.014063 0.029688
0 0.507812 0.135938 0.012500 0.025000
0 0.501563 0.159375 0.012500 0.031250
0 0.428125 0.152344 0.012500 0.029688
0 0.460938 0.152344 0.012500 0.029688
0 0.478125 0.182031 0.012500 0.039062
0 0.476562 0.161719 0.012500 0.029688
0 0.420313 0.188281 0.015625 0.039062
0 0.421875 0.203906 0.012500 0.035938
0 0.440625 0.196094 0.015625 0.032813
0 0.444531 0.227344 0.020313 0.039062
0 0.478906 0.232813 0.020313 0.043750
0 0.471094 0.137500 0.010938 0.021875
0 0.496875 0.128906 0.009375 0.023438
0 0.191406 0.397656 0.042188 0.089063
0 0.320312 0.232813 0.015625 0.034375
0 0.328125 0.208594 0.012500 0.029688
0 0.353125 0.197656 0.012500 0.029688
0 0.533594 0.285156 0.020313 0.048438
0 0.581250 0.235156 0.018750 0.042188
0 0.596875 0.275000 0.025000 0.059375
0 0.596875 0.314844 0.028125 0.067187
