0 0.056250 0.406250 0.056250 0.090625
0 0.092969 0.379688 0.042188 0.100000
0 0.148438 0.378906 0.043750 0.079688
0 0.182031 0.350781 0.029688 0.057813
0 0.241406 0.373438 0.045313 0.081250
0 0.282031 0.353906 0.029688 0.064063
0 0.318750 0.348438 0.028125 0.053125
0 0.350781 0.328906 0.020313 0.042188
0 0.364844 0.346875 0.026563 0.056250
0 0.385938 0.346094 0.025000 0.057813
0 0.405469 0.331250 0.023438 0.050000
0 0.442969 0.339063 0.035938 0.071875
0 0.476562 0.336719 0.021875 0.039062
0 0.494531 0.321875 0.020313 0.050000
0 0.507812 0.346875 0.025000 0.056250
0 0.512500 0.314063 0.021875 0.050000
0 0.530469 0.334375 0.020313 0.040625
0 0.547656 0.394531 0.057813 0.104688
0 0.542188 0.322656 0.021875 0.039062
0 0.578906 0.338281 0.032813 0.067187
0 0.606250 0.320312 0.021875 0.046875
0 0.630469 0.329688 0.023438 0.046875
0 0.647656 0.291406 0.017188 0.039062
0 0.683594 0.277344 0.020313 0.035938
0 0.698438 0.269531 0.025000 0.045313
0 0.712500 0.334375 0.031250 0.068750
0 0.669531 0.382812 0.054688 0.121875
0 0.615625 0.457031 0.087500 0.151563
0 0.636719 0.632812 0.135938 0.262500
0 0.405469 0.458594 0.085938 0.145313
0 0.200000 0.485938 0.121875 0.215625
0 0.731250 0.386719 0.043750 0.085938
0 0.733594 0.323438 0.020313 0.040625
0 0.794531 0.487500 0.092188 0.168750
0 0.810938 0.399219 0.062500 0.089063
0 0.810938 0.332813 0.031250 0.065625
0 0.847656 0.363281 0.023438 0.060938
0 0.878125 0.357031 0.046875 0.107813
0 0.910938 0.356250 0.028125 0.075000
0 0.925781 0.364844 0.026563 0.064063
