0 0.727344 0.306250 0.032813 0.065625
0 0.725781 0.514844 0.035938 0.076563
0 0.797656 0.830469 0.089063 0.160938
0 0.853906 0.696875 0.064063 0.150000
0 0.940625 0.616406 0.053125 0.135938
0 0.964844 0.567188 0.039062 0.090625
0 0.645313 0.944531 0.096875 0.107813
0 0.520313 0.616406 0.062500 0.101562
0 0.600781 0.549219 0.045313 0.076563
0 0.625781 0.529687 0.032813 0.081250
0 0.645313 0.484375 0.031250 0.059375
0 0.569531 0.500000 0.035938 0.062500
0 0.592187 0.484375 0.025000 0.059375
0 0.499219 0.532031 0.042188 0.076563
0 0.529687 0.521094 0.040625 0.070312
0 0.522656 0.464844 0.035938 0.054688
0 0.446094 0.482031 0.035938 0.054688
0 0.464844 0.453125 0.029688 0.059375
0 0.427344 0.436719 0.029688 0.054688
0 0.396094 0.459375 0.035938 0.053125
0 0.409375 0.517188 0.040625 0.068750
0 0.391406 0.585938 0.051563 0.093750
0 0.348438 0.496094 0.043750 0.076563
0 0.396875 0.327344 0.021875 0.045313
0 0.313281 0.472656 0.039062 0.076563
0 0.271875 0.560937 0.059375 0.100000
0 0.309375 0.689844 0.075000 0.157813
0 0.241406 0.625000 0.067187 0.112500
0 0.218750 0.572656 0.050000 0.076563
0 0.228125 0.469531 0.043750 0.076563
0 0.278906 0.475781 0.042188 0.082813
0 0.241406 0.426563 0.029688 0.056250
0 0.223438 0.410938 0.031250 0.059375
0 0.185938 0.426563 0.040625 0.068750
0 0.138281 0.425000 0.035938 0.065625
0 0.155469 0.586719 0.060938 0.132812
0 0.133594 0.746094 0.076563 0.164062
0 0.103906 0.555469 0.060938 0.104688
0 0.076563 0.508594 0.046875 0.079688
0 0.083594 0.443750 0.035938 0.056250
0 0.057813 0.425000 0.031250 0.059375
0 0.024219 0.570312 0.045313 0.121875
