0 0.159375 0.237500 0.018750 0.028125
0 0.040625 0.314844 0.028125 0.035938
0 0.014844 0.326563 0.023438 0.028125
0 0.034375 0.376563 0.025000 0.046875
0 0.055469 0.382031 0.020313 0.035938
0 0.081250 0.385938 0.025000 0.043750
0 0.110938 0.377344 0.018750 0.035938
0 0.133594 0.370313 0.029688 0.034375
0 0.099219 0.318750 0.017188 0.028125
0 0.677344 0.503125 0.126562 0.165625
0 0.815625 0.499219 0.084375 0.120313
0 0.920313 0.479688 0.109375 0.153125
0 0.889844 0.383594 0.054688 0.079688
0 0.960938 0.370313 0.050000 0.071875
0 0.764063 0.389844 0.056250 0.082813
0 0.746875 0.354688 0.050000 0.071875
0 0.648438 0.416406 0.065625 0.085938
0 0.585938 0.394531 0.046875 0.076563
0 0.527344 0.450000 0.070312 0.109375
0 0.486719 0.416406 0.057813 0.089063
0 0.397656 0.439844 0.060938 0.079688
0 0.389063 0.510938 0.084375 0.112500
0 0.285938 0.469531 0.053125 0.076563
0 0.185156 0.429688 0.048438 0.059375
0 0.219531 0.398438 0.035938 0.050000
0 0.260156 0.388281 0.023438 0.032813
0 0.309375 0.400000 0.046875 0.062500
0 0.273438 0.344531 0.028125 0.039062
0 0.239844 0.333594 0.023438 0.035938
0 0.224219 0.314844 0.017188 0.023438
0 0.211719 0.348438 0.026563 0.040625
0 0.172656 0.357813 0.023438 0.028125
0 0.152344 0.348438 0.017188 0.028125
0 0.135938 0.330469 0.018750 0.023438
0 0.264063 0.302344 0.025000 0.035938
0 0.290625 0.312500 0.025000 0.028125
0 0.314844 0.346094 0.029688 0.035938
0 0.337500 0.332813 0.021875 0.031250
0 0.374219 0.366406 0.032813 0.051563
0 0.397656 0.382031 0.042188 0.045313
0 0.383594 0.304688 0.020313 0.031250
0 0.410156 0.332031 0.023438 0.032813
0 0.532031 0.352344 0.042188 0.054688
0 0.486719 0.353906 0.026563 0.029688
0 0.440625 0.347656 0.021875 0.032813
0 0.439844 0.297656 0.023438 0.020313
0 0.424219 0.289844 0.017188 0.026563
0 0.491406 0.303906 0.017188 0.023438
0 0.488281 0.283594 0.020313 0.023438
0 0.467188 0.296875 0.015625 0.025000
0 0.539062 0.314844 0.021875 0.023438
0 0.519531 0.278125 0.017188 0.018750
