0 0.964844 0.480469 0.067187 0.107813
0 0.880469 0.524219 0.079688 0.120313
0 0.817969 0.738281 0.151563 0.242188
0 0.765625 0.514844 0.071875 0.129688
0 0.681250 0.465625 0.053125 0.093750
0 0.747656 0.315625 0.029688 0.056250
0 0.567969 0.580469 0.064063 0.123438
0 0.554688 0.471875 0.056250 0.103125
0 0.363281 0.629688 0.098438 0.175000
0 0.432031 0.482813 0.045313 0.068750
0 0.385938 0.482813 0.031250 0.053125
0 0.337500 0.465625 0.040625 0.062500
0 0.297656 0.533594 0.064063 0.107813
0 0.267188 0.471875 0.040625 0.059375
0 0.279688 0.428125 0.028125 0.056250
0 0.225781 0.501563 0.054688 0.068750
0 0.221875 0.458594 0.037500 0.054688
0 0.173438 0.507812 0.040625 0.059375
0 0.096094 0.546875 0.060938 0.103125
0 0.055469 0.517969 0.045313 0.064063
0 0.024219 0.539062 0.045313 0.112500
