0 0.582031 0.461719 0.032813 0.064063
0 0.568750 0.697656 0.090625 0.179688
0 0.529687 0.903125 0.171875 0.187500
0 0.708594 0.620313 0.073438 0.128125
0 0.817969 0.689063 0.114063 0.178125
0 0.864063 0.543750 0.056250 0.100000
0 0.961719 0.592187 0.067187 0.125000
0 0.546875 0.539062 0.056250 0.075000
0 0.413281 0.504688 0.060938 0.087500
0 0.320312 0.603906 0.078125 0.110938
0 0.209375 0.853906 0.143750 0.239063
0 0.051563 0.583594 0.081250 0.160938
0 0.142187 0.536719 0.071875 0.107813
0 0.246094 0.476562 0.048438 0.062500
