0 0.553906 0.455469 0.023438 0.051563
0 0.460938 0.782031 0.109375 0.217188
0 0.240625 0.854688 0.193750 0.265625
0 0.197656 0.706250 0.085938 0.125000
0 0.152344 0.671094 0.057813 0.107813
0 0.029688 0.614063 0.050000 0.118750
0 0.060938 0.600000 0.037500 0.081250
0 0.090625 0.582813 0.021875 0.046875
0 0.217188 0.595313 0.028125 0.065625
0 0.246094 0.667969 0.035938 0.070312
0 0.261719 0.631250 0.035938 0.062500
0 0.257031 0.589063 0.029688 0.059375
0 0.308594 0.615625 0.026563 0.062500
0 0.335938 0.654688 0.040625 0.065625
0 0.342188 0.625000 0.028125 0.059375
0 0.368750 0.623438 0.021875 0.046875
0 0.384375 0.639844 0.021875 0.051563
0 0.397656 0.710156 0.051563 0.110938
0 0.420313 0.630469 0.028125 0.070312
0 0.445312 0.634375 0.034375 0.078125
0 0.470313 0.630469 0.025000 0.070312
0 0.491406 0.631250 0.023438 0.062500
0 0.510938 0.644531 0.021875 0.051563
0 0.541406 0.691406 0.048438 0.117188
0 0.553906 0.658594 0.035938 0.095313
0 0.571094 0.639844 0.029688 0.073438
0 0.137500 0.604688 0.021875 0.046875
0 0.141406 0.582813 0.032813 0.062500
0 0.742188 0.648438 0.028125 0.059375
0 0.779688 0.641406 0.025000 0.076563
0 0.811719 0.657031 0.035938 0.092188
0 0.838281 0.677344 0.035938 0.073438
0 0.918750 0.677344 0.050000 0.110938
0 0.895313 0.653906 0.031250 0.070312
0 0.963281 0.664844 0.039062 0.092188
