0 0.226562 0.397656 0.046875 0.095313
0 0.282813 0.225000 0.015625 0.043750
0 0.312500 0.213281 0.018750 0.032813
0 0.317188 0.232813 0.018750 0.040625
0 0.333594 0.181250 0.014063 0.034375
0 0.364844 0.186719 0.017188 0.042188
0 0.376563 0.175000 0.012500 0.028125
0 0.397656 0.162500 0.020313 0.025000
0 0.389063 0.201563 0.018750 0.037500
0 0.356250 0.246875 0.018750 0.043750
0 0.407031 0.231250 0.020313 0.037500
0 0.419531 0.249219 0.023438 0.045313
0 0.417188 0.182813 0.018750 0.031250
0 0.423438 0.157813 0.012500 0.028125
0 0.445312 0.191406 0.018750 0.035938
0 0.446094 0.147656 0.010938 0.029688
0 0.464844 0.134375 0.014063 0.028125
0 0.467969 0.157813 0.014063 0.031250
0 0.479688 0.196875 0.018750 0.043750
0 0.479688 0.178125 0.015625 0.031250
0 0.495313 0.146875 0.012500 0.031250
0 0.500000 0.118750 0.009375 0.025000
0 0.510938 0.130469 0.021875 0.029688
0 0.520313 0.171094 0.015625 0.029688
0 0.531250 0.147656 0.015625 0.032813
0 0.546875 0.150781 0.015625 0.032813
0 0.544531 0.126562 0.014063 0.031250
0 0.564063 0.142969 0.012500 0.035938
0 0.572656 0.115625 0.014063 0.028125
0 0.600781 0.114063 0.014063 0.028125
0 0.605469 0.127344 0.017188 0.032813
0 0.619531 0.132812 0.014063 0.034375
0 0.627344 0.114844 0.014063 0.039062
0 0.640625 0.111719 0.012500 0.029688
0 0.650781 0.116406 0.014063 0.035938
0 0.675781 0.121875 0.014063 0.034375
0 0.681250 0.107031 0.012500 0.026563
0 0.701563 0.106250 0.015625 0.028125
0 0.672656 0.174219 0.017188 0.035938
0 0.640625 0.152344 0.018750 0.035938
0 0.578906 0.166406 0.020313 0.035938
0 0.555469 0.185156 0.020313 0.035938
0 0.746094 0.125781 0.014063 0.035938
0 0.731250 0.146094 0.015625 0.032813
0 0.734375 0.174219 0.018750 0.035938
0 0.749219 0.192969 0.020313 0.039062
0 0.707813 0.186719 0.018750 0.032813
0 0.717969 0.242188 0.023438 0.046875
0 0.661719 0.240625 0.020313 0.043750
0 0.672656 0.271875 0.020313 0.053125
0 0.614844 0.246094 0.023438 0.057813
0 0.613281 0.211719 0.020313 0.035938
0 0.558594 0.233594 0.029688 0.054688
0 0.657813 0.345313 0.031250 0.068750
0 0.742969 0.376563 0.032813 0.065625
0 0.755469 0.246094 0.020313 0.051563
0 0.793750 0.286719 0.021875 0.054688
0 0.835156 0.257812 0.020313 0.046875
0 0.843750 0.217969 0.018750 0.042188
0 0.816406 0.185938 0.014063 0.037500
0 0.797656 0.203125 0.020313 0.037500
0 0.785938 0.163281 0.012500 0.032813
0 0.775781 0.144531 0.014063 0.023438
0 0.778125 0.130469 0.012500 0.029688
0 0.806250 0.142969 0.012500 0.032813
0 0.820312 0.138281 0.012500 0.032813
0 0.839063 0.166406 0.018750 0.042188
0 0.868750 0.165625 0.012500 0.043750
0 0.885938 0.234375 0.018750 0.053125
0 0.917188 0.249219 0.015625 0.054688
0 0.935938 0.210938 0.015625 0.043750
0 0.952344 0.227344 0.014063 0.039062
0 0.902344 0.198438 0.014063 0.031250
0 0.905469 0.153125 0.010938 0.028125
0 0.916406 0.335156 0.023438 0.057813
