0 0.119531 0.567969 0.157813 0.210938
0 0.053906 0.411719 0.076563 0.101562
0 0.194531 0.450781 0.092188 0.107813
0 0.227344 0.367188 0.070312 0.078125
0 0.346094 0.260937 0.054688 0.068750
0 0.380469 0.408594 0.076563 0.092188
0 0.471875 0.582813 0.137500 0.212500
0 0.489844 0.356250 0.051563 0.065625
0 0.490625 0.317188 0.043750 0.059375
0 0.426563 0.342188 0.043750 0.065625
0 0.540625 0.347656 0.046875 0.073438
0 0.583594 0.316406 0.035938 0.057813
0 0.617188 0.398438 0.081250 0.115625
0 0.631250 0.350000 0.050000 0.078125
0 0.666406 0.333594 0.051563 0.057813
0 0.775781 0.189063 0.054688 0.065625
0 0.948438 0.312500 0.040625 0.053125
