0 0.015625 0.527344 0.021875 0.079688
0 0.232031 0.275000 0.017188 0.053125
0 0.253125 0.271094 0.015625 0.045313
0 0.271875 0.255469 0.018750 0.042188
0 0.323438 0.240625 0.012500 0.037500
0 0.353125 0.243750 0.012500 0.037500
0 0.388281 0.260156 0.017188 0.057813
0 0.443750 0.327344 0.021875 0.045313
0 0.367188 0.217969 0.015625 0.039062
0 0.379688 0.198438 0.009375 0.031250
0 0.411719 0.255469 0.017188 0.032813
0 0.422656 0.186719 0.014063 0.042188
0 0.444531 0.203125 0.017188 0.040625
0 0.489844 0.254688 0.020313 0.043750
0 0.512500 0.215625 0.018750 0.040625
0 0.487500 0.171094 0.009375 0.045313
0 0.503906 0.155469 0.014063 0.042188
0 0.529687 0.176563 0.018750 0.043750
0 0.546094 0.168750 0.014063 0.040625
0 0.562500 0.160156 0.012500 0.039062
0 0.565625 0.230469 0.018750 0.051563
0 0.589063 0.204688 0.012500 0.028125
0 0.608594 0.203125 0.017188 0.034375
0 0.622656 0.182813 0.010938 0.037500
0 0.592187 0.139844 0.015625 0.035938
0 0.611719 0.123438 0.017188 0.037500
0 0.640625 0.129688 0.018750 0.040625
0 0.664844 0.157031 0.010938 0.032813
0 0.669531 0.190625 0.014063 0.021875
0 0.670313 0.241406 0.025000 0.042188
0 0.582031 0.338281 0.014063 0.042188
0 0.608594 0.380469 0.017188 0.064063
0 0.665625 0.407031 0.021875 0.054688
0 0.725781 0.423438 0.023438 0.065625
0 0.804688 0.471094 0.025000 0.079688
0 0.865625 0.510938 0.021875 0.081250
0 0.881250 0.422656 0.021875 0.060938
0 0.954688 0.454688 0.028125 0.071875
0 0.951563 0.382031 0.015625 0.051563
0 0.932031 0.357031 0.023438 0.042188
0 0.872656 0.341406 0.026563 0.057813
0 0.821875 0.313281 0.018750 0.051563
0 0.775000 0.289062 0.018750 0.043750
0 0.802344 0.264844 0.014063 0.045313
0 0.829688 0.232813 0.018750 0.037500
0 0.751563 0.236719 0.015625 0.045313
0 0.726562 0.278906 0.021875 0.057813
0 0.703125 0.218750 0.018750 0.053125
0 0.697656 0.165625 0.014063 0.040625
0 0.725000 0.156250 0.009375 0.043750
0 0.702344 0.134375 0.010938 0.021875
0 0.769531 0.202344 0.014063 0.039062
0 0.789062 0.204688 0.015625 0.037500
0 0.807031 0.192969 0.010938 0.051563
0 0.821875 0.197656 0.009375 0.048438
0 0.878906 0.245313 0.014063 0.037500
0 0.911719 0.237500 0.014063 0.018750
0 0.910156 0.264844 0.014063 0.032813
0 0.896875 0.285938 0.015625 0.034375
0 0.937500 0.272656 0.015625 0.035938
0 0.952344 0.246094 0.010938 0.035938
0 0.993750 0.275000 0.012500 0.034375
0 0.974219 0.323438 0.020313 0.037500
0 0.986719 0.375000 0.020313 0.050000
0 0.614844 0.305469 0.020313 0.051563
