0 0.050000 0.370313 0.025000 0.046875
0 0.264063 0.247656 0.015625 0.035938
0 0.273438 0.261719 0.018750 0.035938
0 0.326563 0.242969 0.015625 0.035938
0 0.351562 0.261719 0.021875 0.042188
0 0.342188 0.247656 0.018750 0.032813
0 0.325781 0.210938 0.014063 0.031250
0 0.343750 0.207813 0.012500 0.034375
0 0.355469 0.225000 0.014063 0.034375
0 0.357813 0.192188 0.015625 0.034375
0 0.381250 0.188281 0.018750 0.035938
0 0.400781 0.214063 0.017188 0.037500
0 0.387500 0.257031 0.021875 0.042188
0 0.407031 0.258594 0.023438 0.048438
0 0.420313 0.187500 0.015625 0.037500
0 0.448438 0.189844 0.015625 0.035938
0 0.455469 0.227344 0.017188 0.042188
0 0.468750 0.230469 0.021875 0.045313
0 0.484375 0.194531 0.021875 0.039062
0 0.475781 0.164062 0.017188 0.037500
0 0.459375 0.151563 0.015625 0.031250
0 0.485156 0.132812 0.010938 0.025000
0 0.493750 0.153125 0.015625 0.028125
0 0.510938 0.160938 0.015625 0.034375
0 0.512500 0.189063 0.018750 0.037500
0 0.534375 0.186719 0.018750 0.045313
0 0.551563 0.157813 0.015625 0.031250
0 0.565625 0.147656 0.012500 0.026563
0 0.578906 0.161719 0.017188 0.039062
0 0.559375 0.120313 0.015625 0.028125
0 0.502344 0.289062 0.026563 0.056250
0 0.553906 0.235938 0.023438 0.056250
0 0.584375 0.284375 0.028125 0.059375
0 0.600000 0.277344 0.025000 0.051563
0 0.589063 0.145313 0.015625 0.031250
0 0.603906 0.132031 0.014063 0.026563
0 0.599219 0.120313 0.010938 0.021875
0 0.609375 0.114063 0.012500 0.025000
0 0.619531 0.143750 0.014063 0.025000
0 0.640625 0.137500 0.015625 0.031250
0 0.644531 0.116406 0.014063 0.026563
0 0.677344 0.110156 0.017188 0.029688
0 0.682031 0.144531 0.014063 0.032813
0 0.647656 0.178906 0.020313 0.032813
0 0.650000 0.199219 0.021875 0.039062
0 0.617969 0.206250 0.020313 0.040625
0 0.675781 0.251563 0.023438 0.046875
0 0.631250 0.303125 0.034375 0.065625
0 0.717188 0.291406 0.025000 0.064063
0 0.707813 0.226562 0.018750 0.050000
0 0.702344 0.176563 0.017188 0.037500
0 0.718750 0.167188 0.018750 0.040625
0 0.705469 0.141406 0.017188 0.039062
0 0.735938 0.118750 0.015625 0.034375
0 0.732031 0.200000 0.020313 0.046875
0 0.757031 0.234375 0.023438 0.053125
0 0.771094 0.259375 0.026563 0.053125
0 0.767188 0.203125 0.021875 0.046875
0 0.744531 0.174219 0.017188 0.035938
0 0.764063 0.159375 0.018750 0.040625
0 0.763281 0.125781 0.017188 0.026563
0 0.778906 0.136719 0.017188 0.039062
0 0.797656 0.162500 0.017188 0.043750
0 0.834375 0.205469 0.021875 0.054688
0 0.846875 0.150000 0.015625 0.037500
0 0.833594 0.153125 0.014063 0.034375
0 0.885156 0.168750 0.017188 0.034375
0 0.891406 0.152344 0.014063 0.029688
0 0.902344 0.186719 0.014063 0.032813
0 0.889844 0.209375 0.017188 0.043750
0 0.844531 0.271094 0.023438 0.048438
0 0.848438 0.317188 0.025000 0.068750
0 0.916406 0.256250 0.017188 0.050000
0 0.915625 0.217188 0.018750 0.037500
