0 0.055469 0.390625 0.026563 0.059375
0 0.246094 0.279688 0.020313 0.031250
0 0.292969 0.276562 0.017188 0.046875
0 0.298438 0.241406 0.021875 0.042188
0 0.360938 0.257031 0.021875 0.035938
0 0.397656 0.264844 0.017188 0.039062
0 0.382812 0.225781 0.018750 0.032813
0 0.372656 0.192969 0.020313 0.035938
0 0.396875 0.196094 0.015625 0.032813
0 0.406250 0.178906 0.018750 0.039062
0 0.420313 0.174219 0.015625 0.039062
0 0.429688 0.166406 0.018750 0.032813
0 0.443750 0.224219 0.025000 0.045313
0 0.476562 0.217969 0.021875 0.042188
0 0.449219 0.185156 0.020313 0.042188
0 0.468750 0.183594 0.015625 0.035938
0 0.482031 0.164062 0.014063 0.034375
0 0.471875 0.142187 0.012500 0.034375
0 0.487500 0.147656 0.012500 0.029688
0 0.491406 0.196094 0.020313 0.039062
0 0.528125 0.195312 0.018750 0.040625
0 0.514062 0.160938 0.015625 0.031250
0 0.504688 0.143750 0.015625 0.028125
0 0.521094 0.137500 0.010938 0.025000
0 0.541406 0.174219 0.014063 0.032813
0 0.562500 0.171094 0.021875 0.035938
0 0.547656 0.130469 0.014063 0.032813
0 0.562500 0.120313 0.018750 0.034375
0 0.585938 0.138281 0.015625 0.032813
0 0.584375 0.114844 0.015625 0.023438
0 0.595313 0.101562 0.012500 0.028125
0 0.609375 0.138281 0.018750 0.035938
0 0.615625 0.104688 0.012500 0.021875
0 0.621875 0.130469 0.015625 0.035938
0 0.641406 0.103125 0.017188 0.031250
0 0.641406 0.125781 0.010938 0.032813
0 0.660156 0.133594 0.014063 0.032813
0 0.651563 0.167188 0.018750 0.040625
0 0.666406 0.109375 0.014063 0.031250
0 0.700000 0.100000 0.015625 0.031250
0 0.508594 0.292187 0.026563 0.062500
0 0.564063 0.297656 0.028125 0.054688
0 0.578125 0.235156 0.025000 0.045313
0 0.619531 0.255469 0.029688 0.054688
0 0.631250 0.293750 0.028125 0.056250
0 0.695312 0.310156 0.040625 0.079688
0 0.742188 0.342188 0.034375 0.078125
0 0.734375 0.257031 0.025000 0.054688
0 0.700000 0.226562 0.031250 0.050000
0 0.677344 0.176563 0.017188 0.037500
0 0.657813 0.211719 0.025000 0.042188
0 0.627344 0.200781 0.020313 0.045313
0 0.705469 0.173438 0.017188 0.046875
0 0.721875 0.164844 0.018750 0.035938
0 0.726562 0.197656 0.021875 0.051563
0 0.752344 0.214844 0.023438 0.048438
0 0.778906 0.203906 0.020313 0.042188
0 0.777344 0.164062 0.017188 0.037500
0 0.748438 0.142969 0.015625 0.035938
0 0.763281 0.131250 0.014063 0.037500
0 0.735156 0.109375 0.017188 0.040625
0 0.786719 0.272656 0.023438 0.054688
0 0.807031 0.341406 0.035938 0.073438
0 0.839063 0.283594 0.025000 0.057813
0 0.894531 0.356250 0.039062 0.071875
0 0.912500 0.293750 0.021875 0.062500
0 0.910156 0.264063 0.020313 0.046875
0 0.926563 0.246094 0.015625 0.042188
0 0.917188 0.217188 0.018750 0.050000
0 0.866406 0.258594 0.023438 0.048438
0 0.811719 0.239063 0.023438 0.053125
0 0.821094 0.186719 0.023438 0.045313
0 0.876563 0.206250 0.018750 0.040625
0 0.885156 0.173438 0.014063 0.034375
0 0.896094 0.143750 0.014063 0.031250
0 0.925781 0.161719 0.010938 0.023438
0 0.855469 0.139844 0.014063 0.029688
0 0.859375 0.177344 0.015625 0.042188
0 0.812500 0.143750 0.018750 0.040625
0 0.829688 0.135938 0.015625 0.037500
0 0.839063 0.139063 0.012500 0.028125
