0 0.928906 0.401563 0.045313 0.084375
0 0.971094 0.319531 0.032813 0.051563
0 0.871875 0.325781 0.031250 0.042188
0 0.821094 0.449219 0.054688 0.076563
0 0.639844 0.505469 0.060938 0.095313
0 0.627344 0.435156 0.042188 0.064063
0 0.675000 0.391406 0.031250 0.060938
0 0.635156 0.350781 0.023438 0.045313
0 0.584375 0.410938 0.031250 0.043750
0 0.585938 0.362500 0.018750 0.040625
0 0.729688 0.371875 0.025000 0.043750
0 0.753125 0.354688 0.018750 0.028125
0 0.766406 0.330469 0.020313 0.035938
0 0.714063 0.348438 0.018750 0.034375
0 0.707813 0.324219 0.028125 0.035938
0 0.683594 0.355469 0.020313 0.045313
0 0.513281 0.280469 0.017188 0.026563
0 0.400000 0.396875 0.021875 0.031250
0 0.468750 0.296094 0.015625 0.023438
0 0.450781 0.296094 0.017188 0.020313
0 0.421875 0.311719 0.018750 0.020313
0 0.425781 0.280469 0.014063 0.017188
0 0.399219 0.292969 0.014063 0.017188
0 0.375781 0.287500 0.014063 0.021875
0 0.375000 0.312500 0.015625 0.028125
0 0.360156 0.330469 0.020313 0.023438
0 0.346094 0.300781 0.020313 0.029688
0 0.330469 0.266406 0.014063 0.020313
0 0.300781 0.266406 0.017188 0.020313
0 0.311719 0.311719 0.023438 0.032813
0 0.279688 0.322656 0.021875 0.026563
0 0.272656 0.271094 0.014063 0.026563
0 0.237500 0.285938 0.018750 0.028125
0 0.205469 0.292187 0.017188 0.025000
0 0.205469 0.252344 0.020313 0.026563
0 0.172656 0.259375 0.020313 0.021875
0 0.101562 0.259375 0.021875 0.034375
0 0.143750 0.272656 0.018750 0.032813
0 0.079688 0.221875 0.015625 0.021875
0 0.025781 0.229688 0.020313 0.031250
0 0.042188 0.282813 0.018750 0.028125
0 0.011719 0.293750 0.020313 0.034375
0 0.128125 0.623438 0.090625 0.128125
0 0.218750 0.460938 0.037500 0.053125
0 0.277344 0.446094 0.032813 0.060938
0 0.307813 0.446875 0.046875 0.078125
0 0.348438 0.486719 0.031250 0.051563
0 0.341406 0.385938 0.020313 0.034375
0 0.274219 0.367969 0.020313 0.035938
0 0.232813 0.332813 0.028125 0.037500
0 0.164844 0.428125 0.029688 0.050000
0 0.139844 0.373438 0.029688 0.043750
0 0.122656 0.299219 0.023438 0.029688
0 0.093750 0.317188 0.025000 0.043750
0 0.115625 0.414062 0.021875 0.037500
0 0.058594 0.441406 0.045313 0.054688
0 0.058594 0.498438 0.054688 0.062500
0 0.028906 0.616406 0.051563 0.142187
0 0.012500 0.420313 0.021875 0.062500
0 0.017969 0.378906 0.026563 0.045313
0 0.024219 0.353125 0.032813 0.043750
