1 0.458594 0.156250 0.048438 0.112500
1 0.511719 0.213281 0.032813 0.095313
1 0.544531 0.184375 0.048438 0.137500
1 0.589063 0.452344 0.068750 0.185938
1 0.605469 0.193750 0.039062 0.118750
1 0.646875 0.169531 0.062500 0.151563
1 0.732813 0.064063 0.062500 0.121875
1 0.781250 0.096875 0.046875 0.118750
1 0.860938 0.358594 0.090625 0.210938
1 0.869531 0.125000 0.045313 0.143750
1 0.947656 0.106250 0.107813 0.209375
1 0.409375 0.389844 0.025000 0.070312
1 0.350781 0.081250 0.045313 0.121875
1 0.246875 0.191406 0.046875 0.114063
1 0.157031 0.206250 0.048438 0.112500
1 0.093750 0.164062 0.053125 0.112500
