0 0.873438 0.440625 0.050000 0.103125
0 0.571875 0.577344 0.046875 0.092188
0 0.510938 0.542969 0.056250 0.107813
0 0.414062 0.581250 0.062500 0.112500
0 0.421875 0.526563 0.053125 0.096875
0 0.326563 0.593750 0.062500 0.118750
0 0.344531 0.547656 0.045313 0.095313
0 0.250781 0.550000 0.054688 0.093750
0 0.273438 0.546875 0.037500 0.103125
0 0.196094 0.526563 0.048438 0.103125
0 0.149219 0.595313 0.054688 0.100000
0 0.136719 0.519531 0.048438 0.082813
0 0.083594 0.657813 0.070312 0.137500
0 0.089063 0.551563 0.059375 0.103125
0 0.022656 0.665625 0.042188 0.153125
0 0.011719 0.529687 0.020313 0.109375
0 0.025000 0.510938 0.037500 0.093750
