0 0.432813 0.128125 0.012500 0.028125
0 0.528125 0.189844 0.018750 0.035938
0 0.527344 0.282031 0.020313 0.051563
0 0.619531 0.204688 0.017188 0.043750
0 0.676563 0.131250 0.018750 0.034375
0 0.735938 0.148438 0.015625 0.034375
0 0.669531 0.247656 0.023438 0.048438
0 0.739063 0.284375 0.028125 0.056250
0 0.743750 0.328125 0.028125 0.056250
0 0.775781 0.241406 0.020313 0.057813
0 0.813281 0.250781 0.020313 0.054688
0 0.846094 0.256250 0.023438 0.046875
0 0.804688 0.389844 0.025000 0.067187
0 0.903125 0.424219 0.025000 0.060938
