0 0.140625 0.457813 0.071875 0.087500
0 0.257031 0.464063 0.042188 0.059375
0 0.258594 0.390625 0.039062 0.050000
0 0.389063 0.629688 0.087500 0.128125
0 0.444531 0.500000 0.048438 0.081250
0 0.446094 0.440625 0.035938 0.059375
0 0.439844 0.396094 0.029688 0.045313
0 0.518750 0.423438 0.053125 0.065625
0 0.529687 0.367969 0.037500 0.060938
0 0.560937 0.489844 0.050000 0.082813
0 0.623438 0.617188 0.090625 0.134375
0 0.625000 0.295313 0.028125 0.034375
0 0.810938 0.383594 0.040625 0.054688
0 0.894531 0.380469 0.039062 0.057813
