0 0.163281 0.446094 0.051563 0.101562
0 0.278906 0.243750 0.017188 0.031250
0 0.296875 0.266406 0.021875 0.035938
0 0.342188 0.268750 0.021875 0.037500
0 0.371875 0.302344 0.021875 0.039062
0 0.373438 0.219531 0.021875 0.039062
0 0.400781 0.215625 0.014063 0.031250
0 0.386719 0.182031 0.014063 0.029688
0 0.407031 0.188281 0.014063 0.035938
0 0.425000 0.164062 0.015625 0.028125
0 0.433594 0.178906 0.014063 0.029688
0 0.446875 0.185938 0.015625 0.028125
0 0.453906 0.222656 0.020313 0.042188
0 0.483594 0.217188 0.020313 0.037500
0 0.477344 0.183594 0.014063 0.029688
0 0.453125 0.146094 0.012500 0.026563
0 0.479688 0.150000 0.015625 0.028125
0 0.491406 0.194531 0.017188 0.035938
0 0.525000 0.168750 0.015625 0.037500
0 0.502344 0.128906 0.010938 0.023438
0 0.546094 0.191406 0.017188 0.035938
0 0.585156 0.107031 0.014063 0.026563
0 0.585156 0.142969 0.017188 0.035938
0 0.592187 0.163281 0.015625 0.032813
0 0.560156 0.127344 0.010938 0.026563
0 0.611719 0.147656 0.017188 0.035938
0 0.617188 0.098438 0.012500 0.031250
0 0.630469 0.110938 0.010938 0.025000
0 0.646875 0.135938 0.012500 0.025000
0 0.666406 0.103125 0.014063 0.034375
0 0.697656 0.107813 0.014063 0.028125
0 0.657031 0.172656 0.017188 0.042188
0 0.660156 0.212500 0.020313 0.043750
0 0.625000 0.206250 0.021875 0.043750
0 0.613281 0.253125 0.026563 0.059375
0 0.566406 0.247656 0.020313 0.048438
0 0.485156 0.330469 0.035938 0.064063
0 0.542969 0.317969 0.032813 0.060938
0 0.607813 0.317969 0.031250 0.064063
0 0.689844 0.179688 0.020313 0.046875
0 0.712500 0.260156 0.028125 0.057813
0 0.697656 0.312500 0.032813 0.056250
0 0.744531 0.328125 0.032813 0.068750
0 0.770313 0.267188 0.025000 0.053125
0 0.763281 0.207031 0.020313 0.042188
0 0.726562 0.192188 0.021875 0.046875
0 0.742969 0.144531 0.020313 0.039062
0 0.733594 0.112500 0.014063 0.031250
0 0.763281 0.128125 0.014063 0.034375
0 0.782813 0.139063 0.015625 0.034375
0 0.811719 0.149219 0.017188 0.035938
0 0.821875 0.126562 0.015625 0.034375
0 0.835156 0.146094 0.014063 0.032813
0 0.844531 0.172656 0.017188 0.039062
0 0.828906 0.189844 0.020313 0.048438
0 0.804688 0.246094 0.021875 0.054688
0 0.806250 0.375000 0.031250 0.078125
0 0.836719 0.313281 0.029688 0.067187
0 0.853125 0.250000 0.021875 0.050000
0 0.862500 0.210938 0.018750 0.040625
0 0.854688 0.143750 0.015625 0.028125
0 0.870313 0.132812 0.012500 0.031250
0 0.885156 0.145313 0.014063 0.034375
0 0.891406 0.173438 0.017188 0.040625
0 0.913281 0.201563 0.014063 0.037500
0 0.921094 0.155469 0.014063 0.035938
0 0.903125 0.217188 0.018750 0.050000
0 0.910156 0.255469 0.023438 0.045313
0 0.909375 0.298438 0.025000 0.056250
0 0.893750 0.351562 0.031250 0.075000
