0 0.068750 0.595313 0.046875 0.075000
0 0.113281 0.561719 0.035938 0.057813
0 0.139844 0.558594 0.029688 0.051563
0 0.200000 0.548438 0.031250 0.046875
0 0.232813 0.541406 0.028125 0.042188
0 0.271094 0.538281 0.029688 0.045313
0 0.292187 0.524219 0.021875 0.035938
0 0.354688 0.518750 0.015625 0.031250
0 0.408594 0.523438 0.017188 0.037500
0 0.467969 0.522656 0.023438 0.039062
0 0.519531 0.525781 0.020313 0.032813
0 0.574219 0.517969 0.020313 0.039062
0 0.635938 0.520313 0.015625 0.037500
0 0.692188 0.523438 0.018750 0.043750
0 0.724219 0.547656 0.029688 0.054688
0 0.747656 0.537500 0.023438 0.056250
0 0.795313 0.550781 0.034375 0.064063
0 0.853906 0.556250 0.039062 0.068750
0 0.900781 0.578906 0.048438 0.070312
