0 0.171875 0.484375 0.043750 0.065625
0 0.295313 0.265625 0.021875 0.040625
0 0.310156 0.224219 0.017188 0.026563
0 0.335938 0.227344 0.018750 0.029688
0 0.361719 0.217969 0.017188 0.026563
0 0.371875 0.246875 0.018750 0.034375
0 0.328125 0.268750 0.021875 0.034375
0 0.398438 0.251563 0.021875 0.037500
0 0.394531 0.283594 0.026563 0.051563
0 0.386719 0.221875 0.017188 0.031250
0 0.403906 0.221094 0.017188 0.039062
0 0.414844 0.196875 0.017188 0.037500
0 0.440625 0.167188 0.012500 0.031250
0 0.451563 0.175000 0.015625 0.025000
0 0.460156 0.140625 0.014063 0.031250
0 0.478125 0.145313 0.012500 0.025000
0 0.486719 0.140625 0.014063 0.031250
0 0.515625 0.133594 0.012500 0.026563
0 0.533594 0.129688 0.010938 0.025000
0 0.571875 0.113281 0.012500 0.026563
0 0.595313 0.107813 0.015625 0.028125
0 0.567969 0.135156 0.017188 0.035938
0 0.525781 0.158594 0.017188 0.029688
0 0.539062 0.177344 0.025000 0.029688
0 0.510938 0.189063 0.021875 0.037500
0 0.450781 0.216406 0.023438 0.039062
0 0.475781 0.245313 0.026563 0.040625
0 0.589844 0.162500 0.020313 0.037500
0 0.614063 0.142187 0.018750 0.037500
0 0.621094 0.107813 0.010938 0.021875
0 0.628125 0.092188 0.012500 0.021875
0 0.646875 0.097656 0.015625 0.020313
0 0.651563 0.128906 0.018750 0.023438
0 0.674219 0.095313 0.014063 0.018750
0 0.678906 0.121094 0.017188 0.035938
0 0.696875 0.100781 0.012500 0.017188
0 0.756250 0.109375 0.015625 0.028125
0 0.797656 0.108594 0.010938 0.026563
0 0.818750 0.119531 0.012500 0.029688
0 0.844531 0.130469 0.014063 0.029688
0 0.849219 0.122656 0.010938 0.026563
0 0.881250 0.132812 0.012500 0.028125
0 0.874219 0.147656 0.014063 0.032813
0 0.862500 0.157031 0.018750 0.039062
0 0.827344 0.160938 0.017188 0.034375
0 0.787500 0.153906 0.015625 0.039062
0 0.807813 0.178906 0.018750 0.035938
0 0.728906 0.130469 0.017188 0.029688
0 0.748438 0.142969 0.018750 0.032813
0 0.736719 0.175781 0.020313 0.032813
0 0.694531 0.157813 0.017188 0.025000
0 0.694531 0.186719 0.017188 0.039062
0 0.709375 0.217188 0.021875 0.050000
0 0.676563 0.221875 0.021875 0.034375
0 0.668750 0.260937 0.025000 0.043750
0 0.628125 0.206250 0.018750 0.043750
0 0.614844 0.244531 0.026563 0.048438
0 0.570312 0.249219 0.025000 0.039062
0 0.540625 0.298438 0.031250 0.056250
0 0.615625 0.325000 0.031250 0.053125
0 0.757812 0.227344 0.025000 0.057813
0 0.784375 0.200000 0.015625 0.037500
0 0.775000 0.286719 0.028125 0.051563
0 0.825000 0.253125 0.021875 0.043750
0 0.841406 0.211719 0.017188 0.029688
0 0.914844 0.135938 0.014063 0.028125
0 0.908594 0.150000 0.017188 0.034375
0 0.940625 0.154688 0.015625 0.028125
0 0.900781 0.182031 0.017188 0.032813
0 0.881250 0.214063 0.015625 0.034375
0 0.929688 0.229688 0.018750 0.043750
0 0.941406 0.203906 0.017188 0.032813
0 0.894531 0.251563 0.023438 0.040625
0 0.859375 0.287500 0.028125 0.043750
0 0.914844 0.328906 0.023438 0.054688
0 0.819531 0.359375 0.035938 0.065625
0 0.886719 0.415625 0.035938 0.071875
