0 0.139844 0.542188 0.045313 0.078125
0 0.232031 0.354688 0.017188 0.034375
0 0.288281 0.332031 0.017188 0.032813
0 0.253125 0.403125 0.018750 0.034375
0 0.290625 0.384375 0.018750 0.040625
0 0.342188 0.375781 0.018750 0.042188
0 0.359375 0.342969 0.015625 0.029688
0 0.357031 0.316406 0.010938 0.026563
0 0.398438 0.281250 0.012500 0.031250
0 0.414062 0.289844 0.015625 0.026563
0 0.414844 0.349219 0.020313 0.035938
0 0.450000 0.353125 0.018750 0.043750
0 0.442969 0.296875 0.017188 0.028125
0 0.469531 0.287500 0.014063 0.034375
0 0.492188 0.288281 0.015625 0.039062
0 0.472656 0.325000 0.014063 0.034375
0 0.510156 0.342969 0.023438 0.039062
0 0.533594 0.297656 0.014063 0.029688
0 0.527344 0.267188 0.020313 0.021875
0 0.554688 0.267188 0.012500 0.028125
0 0.566406 0.298438 0.017188 0.034375
0 0.576562 0.231250 0.012500 0.025000
0 0.586719 0.282031 0.017188 0.032813
0 0.611719 0.277344 0.020313 0.026563
0 0.623438 0.232813 0.012500 0.028125
0 0.649219 0.271094 0.014063 0.026563
0 0.683594 0.224219 0.014063 0.020313
0 0.698438 0.239844 0.012500 0.029688
0 0.489844 0.417969 0.026563 0.060938
0 0.548438 0.371875 0.021875 0.050000
0 0.537500 0.442969 0.025000 0.064063
0 0.613281 0.344531 0.020313 0.045313
0 0.631250 0.383594 0.021875 0.057813
0 0.607031 0.472656 0.026563 0.076563
0 0.647656 0.488281 0.029688 0.070312
0 0.658594 0.356250 0.017188 0.046875
0 0.646875 0.314844 0.018750 0.035938
0 0.684375 0.290625 0.018750 0.034375
0 0.707031 0.307031 0.017188 0.042188
0 0.721094 0.267188 0.014063 0.037500
0 0.703906 0.371875 0.023438 0.053125
0 0.671875 0.392969 0.028125 0.051563
0 0.735938 0.419531 0.031250 0.057813
0 0.720313 0.527344 0.040625 0.076563
0 0.753125 0.250781 0.012500 0.017188
0 0.757031 0.282813 0.020313 0.028125
0 0.800000 0.256250 0.012500 0.021875
0 0.801563 0.278906 0.012500 0.029688
0 0.793750 0.300781 0.015625 0.035938
0 0.826563 0.257812 0.012500 0.021875
0 0.838281 0.292969 0.020313 0.032813
0 0.789844 0.447656 0.023438 0.060938
0 0.828906 0.379688 0.020313 0.050000
0 0.843750 0.357031 0.018750 0.042188
0 0.860938 0.338281 0.015625 0.035938
0 0.874219 0.295313 0.017188 0.037500
0 0.897656 0.273438 0.014063 0.040625
0 0.889063 0.353906 0.018750 0.045313
0 0.875781 0.410938 0.023438 0.056250
0 0.853906 0.469531 0.032813 0.057813
0 0.856250 0.528906 0.034375 0.067187
0 0.929688 0.473438 0.031250 0.065625
0 0.910938 0.339844 0.018750 0.039062
0 0.914062 0.297656 0.012500 0.032813
0 0.931250 0.339063 0.015625 0.037500
0 0.944531 0.389063 0.020313 0.046875
0 0.957031 0.300781 0.014063 0.026563
0 0.384375 0.362500 0.018750 0.037500
0 0.835938 0.328125 0.018750 0.037500
0 0.950781 0.327344 0.014063 0.029688
