0 0.296875 0.421875 0.065625 0.115625
0 0.348438 0.425781 0.046875 0.085938
0 0.399219 0.431250 0.039062 0.059375
0 0.460156 0.417969 0.057813 0.089063
0 0.507031 0.421875 0.048438 0.087500
0 0.247656 0.437500 0.023438 0.043750
0 0.218750 0.425781 0.034375 0.054688
0 0.167188 0.438281 0.034375 0.073438
0 0.186719 0.435938 0.026563 0.046875
0 0.135156 0.439063 0.026563 0.046875
0 0.075000 0.452344 0.037500 0.067187
0 0.046875 0.451563 0.034375 0.071875
0 0.728906 0.442969 0.032813 0.054688
0 0.772656 0.443750 0.032813 0.043750
0 0.820312 0.423438 0.037500 0.068750
0 0.857031 0.450781 0.029688 0.054688
0 0.888281 0.459375 0.045313 0.093750
0 0.945312 0.477344 0.056250 0.089063
0 0.911719 0.451563 0.029688 0.056250
