0 0.060156 0.337500 0.029688 0.034375
0 0.046094 0.364063 0.039062 0.040625
0 0.040625 0.441406 0.075000 0.073438
0 0.166406 0.395313 0.042188 0.037500
0 0.186719 0.352344 0.039062 0.032813
0 0.242969 0.400781 0.051563 0.042188
0 0.257031 0.380469 0.035938 0.035938
0 0.381250 0.414062 0.059375 0.053125
0 0.367969 0.389063 0.045313 0.031250
0 0.505469 0.393750 0.051563 0.050000
0 0.281250 0.526563 0.093750 0.084375
0 0.335156 0.717188 0.173438 0.140625
0 0.597656 0.600781 0.129688 0.114063
0 0.663281 0.483594 0.085938 0.067187
0 0.714844 0.405469 0.057813 0.039062
