0 0.071094 0.557031 0.120313 0.229688
0 0.140625 0.502344 0.071875 0.154688
0 0.193750 0.397656 0.053125 0.085938
0 0.263281 0.411719 0.064063 0.120313
0 0.337500 0.407031 0.037500 0.073438
0 0.374219 0.407813 0.060938 0.106250
0 0.457813 0.549219 0.090625 0.148438
0 0.535156 0.689844 0.157813 0.257812
0 0.735156 0.509375 0.098438 0.171875
0 0.921875 0.566406 0.150000 0.317188
0 0.741406 0.439063 0.082813 0.112500
0 0.678906 0.439844 0.054688 0.117188
0 0.646875 0.418750 0.056250 0.093750
0 0.775781 0.389844 0.054688 0.079688
0 0.718750 0.263281 0.025000 0.045313
0 0.644531 0.264844 0.020313 0.035938
0 0.564844 0.263281 0.020313 0.042188
0 0.493750 0.271875 0.025000 0.040625
0 0.403906 0.264063 0.026563 0.046875
0 0.321875 0.278906 0.021875 0.039062
0 0.514062 0.489063 0.071875 0.112500
0 0.558594 0.408594 0.048438 0.098438
0 0.500781 0.432813 0.051563 0.078125
0 0.505469 0.380469 0.042188 0.064063
