0 0.503125 0.888281 0.121875 0.192188
0 0.724219 0.750000 0.079688 0.153125
0 0.867188 0.700781 0.068750 0.117188
0 0.767188 0.673438 0.062500 0.093750
0 0.600781 0.710156 0.060938 0.101562
0 0.535156 0.685156 0.060938 0.104688
0 0.425781 0.769531 0.073438 0.120313
0 0.393750 0.638281 0.068750 0.095313
0 0.292969 0.715625 0.095313 0.128125
0 0.311719 0.932813 0.145313 0.131250
0 0.210938 0.870313 0.115625 0.153125
0 0.038281 0.814844 0.067187 0.232813
0 0.068750 0.667188 0.065625 0.112500
0 0.219531 0.665625 0.060938 0.084375
