0 0.205469 0.420313 0.035938 0.084375
0 0.266406 0.263281 0.014063 0.029688
0 0.282813 0.262500 0.012500 0.031250
0 0.309375 0.227344 0.012500 0.029688
0 0.320312 0.278906 0.015625 0.039062
0 0.332031 0.226562 0.014063 0.034375
0 0.364063 0.249219 0.015625 0.039062
0 0.375781 0.260156 0.017188 0.042188
0 0.394531 0.278125 0.020313 0.050000
0 0.396875 0.195312 0.012500 0.025000
0 0.405469 0.176563 0.014063 0.031250
0 0.423438 0.181250 0.012500 0.028125
0 0.419531 0.228906 0.017188 0.035938
0 0.450000 0.219531 0.015625 0.032813
0 0.477344 0.224219 0.017188 0.042188
0 0.448438 0.155469 0.012500 0.026563
0 0.455469 0.170313 0.010938 0.025000
0 0.510938 0.182813 0.012500 0.034375
0 0.503906 0.131250 0.007812 0.018750
0 0.521094 0.132812 0.010938 0.025000
0 0.542188 0.194531 0.015625 0.032813
0 0.537500 0.177344 0.015625 0.035938
0 0.549219 0.148438 0.010938 0.028125
0 0.559375 0.167188 0.015625 0.040625
0 0.592969 0.103906 0.010938 0.023438
0 0.573438 0.142187 0.012500 0.025000
0 0.567969 0.236719 0.017188 0.042188
0 0.577344 0.162500 0.014063 0.028125
0 0.520313 0.285156 0.018750 0.048438
0 0.550781 0.303906 0.026563 0.054688
0 0.599219 0.260156 0.020313 0.054688
0 0.606250 0.145313 0.012500 0.028125
0 0.612500 0.208594 0.015625 0.042188
0 0.632812 0.121875 0.012500 0.025000
0 0.617969 0.126562 0.010938 0.021875
0 0.639063 0.174219 0.015625 0.039062
0 0.671094 0.109375 0.010938 0.025000
0 0.654688 0.225000 0.018750 0.043750
0 0.653125 0.264844 0.021875 0.048438
0 0.686719 0.311719 0.026563 0.057813
0 0.703125 0.279688 0.021875 0.056250
0 0.675781 0.169531 0.014063 0.035938
0 0.700000 0.227344 0.021875 0.042188
0 0.691406 0.191406 0.017188 0.032813
0 0.741406 0.221875 0.017188 0.034375
0 0.778906 0.271094 0.023438 0.060938
0 0.728125 0.161719 0.012500 0.032813
0 0.749219 0.178125 0.014063 0.034375
0 0.737500 0.190625 0.015625 0.031250
0 0.758594 0.140625 0.014063 0.028125
0 0.778125 0.149219 0.012500 0.029688
0 0.791406 0.136719 0.010938 0.029688
0 0.825781 0.142969 0.010938 0.029688
0 0.795313 0.181250 0.015625 0.034375
0 0.777344 0.193750 0.017188 0.037500
0 0.811719 0.231250 0.017188 0.046875
0 0.832813 0.207813 0.015625 0.043750
0 0.862500 0.148438 0.009375 0.028125
0 0.878906 0.202344 0.014063 0.032813
0 0.869531 0.216406 0.017188 0.042188
0 0.856250 0.243750 0.018750 0.043750
0 0.866406 0.303125 0.020313 0.056250
0 0.897656 0.255469 0.017188 0.042188
0 0.752344 0.325781 0.026563 0.064063
