0 0.413281 0.209375 0.020313 0.037500
0 0.445312 0.235938 0.018750 0.031250
0 0.464063 0.171875 0.015625 0.028125
0 0.483594 0.176563 0.014063 0.031250
0 0.480469 0.133594 0.017188 0.026563
0 0.546875 0.178906 0.012500 0.026563
0 0.562500 0.187500 0.012500 0.031250
0 0.637500 0.336719 0.018750 0.045313
0 0.618750 0.284375 0.021875 0.037500
0 0.634375 0.226562 0.021875 0.034375
0 0.680469 0.223438 0.020313 0.031250
0 0.695312 0.295313 0.025000 0.040625
0 0.739844 0.235156 0.017188 0.042188
0 0.676563 0.176563 0.018750 0.034375
0 0.638281 0.132812 0.014063 0.034375
0 0.942969 0.243750 0.017188 0.040625
