0 0.122656 0.536719 0.045313 0.085938
0 0.220313 0.340625 0.015625 0.034375
0 0.250000 0.360156 0.021875 0.045313
0 0.275781 0.380469 0.023438 0.048438
0 0.275781 0.316406 0.017188 0.032813
0 0.332031 0.356250 0.023438 0.043750
0 0.350781 0.334375 0.017188 0.034375
0 0.349219 0.298438 0.017188 0.034375
0 0.406250 0.334375 0.021875 0.043750
0 0.387500 0.260156 0.018750 0.035938
0 0.409375 0.271094 0.015625 0.029688
0 0.427344 0.259375 0.014063 0.025000
0 0.443750 0.267188 0.015625 0.037500
0 0.446875 0.341406 0.021875 0.051563
0 0.403906 0.302344 0.020313 0.029688
0 0.467969 0.317188 0.020313 0.037500
0 0.466406 0.267188 0.017188 0.028125
0 0.469531 0.239063 0.017188 0.034375
0 0.509375 0.262500 0.015625 0.025000
0 0.503906 0.334375 0.023438 0.043750
0 0.527344 0.275781 0.017188 0.035938
0 0.550000 0.255469 0.015625 0.035938
0 0.535938 0.253906 0.015625 0.035938
0 0.557031 0.280469 0.020313 0.035938
0 0.522656 0.248438 0.014063 0.031250
0 0.563281 0.221094 0.014063 0.029688
0 0.575000 0.218750 0.015625 0.031250
0 0.608594 0.208594 0.014063 0.029688
0 0.611719 0.224219 0.010938 0.029688
0 0.633594 0.217969 0.014063 0.026563
0 0.646094 0.224219 0.014063 0.029688
0 0.640625 0.250781 0.015625 0.026563
0 0.607813 0.252344 0.015625 0.026563
0 0.584375 0.260156 0.015625 0.032813
0 0.576562 0.243750 0.012500 0.031250
0 0.609375 0.328906 0.021875 0.054688
0 0.682031 0.208594 0.014063 0.029688
0 0.694531 0.220313 0.014063 0.034375
0 0.685156 0.234375 0.014063 0.031250
0 0.680469 0.274219 0.017188 0.035938
0 0.641406 0.300781 0.020313 0.039062
0 0.687500 0.313281 0.018750 0.045313
0 0.713281 0.302344 0.020313 0.042188
0 0.717188 0.250000 0.015625 0.034375
0 0.749219 0.252344 0.014063 0.039062
0 0.755469 0.237500 0.017188 0.034375
0 0.795313 0.234375 0.015625 0.031250
0 0.788281 0.260156 0.014063 0.026563
0 0.798438 0.263281 0.015625 0.042188
0 0.785938 0.285938 0.018750 0.037500
0 0.826563 0.298438 0.018750 0.040625
0 0.824219 0.247656 0.017188 0.032813
0 0.835156 0.275000 0.017188 0.037500
0 0.861719 0.259375 0.010938 0.031250
0 0.871094 0.264844 0.010938 0.032813
0 0.876563 0.275781 0.015625 0.035938
0 0.896875 0.257031 0.012500 0.039062
0 0.915625 0.300781 0.012500 0.029688
0 0.958594 0.285156 0.017188 0.029688
0 0.952344 0.309375 0.010938 0.031250
0 0.949219 0.343750 0.020313 0.040625
0 0.906250 0.323438 0.015625 0.034375
0 0.859375 0.328906 0.015625 0.039062
0 0.886719 0.339063 0.017188 0.043750
0 0.950781 0.408594 0.020313 0.048438
0 0.926563 0.454688 0.025000 0.059375
0 0.867969 0.411719 0.020313 0.054688
0 0.827344 0.362500 0.020313 0.053125
0 0.833594 0.333594 0.017188 0.042188
0 0.854688 0.475781 0.025000 0.060938
0 0.780469 0.437500 0.029688 0.062500
0 0.731250 0.403906 0.025000 0.051563
0 0.703125 0.364844 0.021875 0.051563
0 0.655469 0.346094 0.020313 0.048438
0 0.666406 0.364063 0.026563 0.050000
0 0.618750 0.377344 0.028125 0.054688
0 0.542969 0.360156 0.023438 0.054688
0 0.480469 0.410938 0.026563 0.062500
0 0.521875 0.448438 0.034375 0.062500
0 0.592969 0.457813 0.029688 0.065625
0 0.642188 0.472656 0.037500 0.067187
0 0.711719 0.550781 0.035938 0.085938
0 0.821094 0.594531 0.035938 0.076563
