0 0.217969 0.270313 0.154688 0.350000
0 0.454688 0.106250 0.065625 0.171875
0 0.550781 0.039062 0.045313 0.075000
0 0.592187 0.314063 0.096875 0.250000
0 0.697656 0.154688 0.076563 0.175000
0 0.679688 0.054688 0.043750 0.100000
0 0.810156 0.235938 0.104688 0.212500
0 0.798438 0.121875 0.059375 0.121875
0 0.782031 0.050000 0.045313 0.096875
0 0.827344 0.045313 0.039062 0.087500
0 0.904688 0.095313 0.050000 0.112500
0 0.924219 0.060938 0.032813 0.075000
0 0.416406 0.039062 0.057813 0.075000
0 0.249219 0.082813 0.095313 0.162500
