0 0.210938 0.471094 0.043750 0.079688
0 0.307813 0.238281 0.018750 0.042188
0 0.325000 0.182031 0.012500 0.023438
0 0.339844 0.210938 0.010938 0.031250
0 0.411719 0.164062 0.010938 0.018750
0 0.426563 0.174219 0.012500 0.023438
0 0.438281 0.228906 0.020313 0.029688
0 0.450781 0.180469 0.020313 0.029688
0 0.453125 0.146875 0.012500 0.028125
0 0.496094 0.211719 0.020313 0.032813
0 0.489844 0.328906 0.023438 0.032813
0 0.560156 0.313281 0.023438 0.054688
0 0.599219 0.324219 0.023438 0.054688
0 0.636719 0.348438 0.026563 0.050000
0 0.643750 0.247656 0.018750 0.035938
0 0.582031 0.247656 0.020313 0.042188
0 0.661719 0.310156 0.020313 0.035938
0 0.701563 0.257031 0.021875 0.035938
0 0.682031 0.214063 0.017188 0.034375
0 0.627344 0.204688 0.017188 0.034375
0 0.660938 0.183594 0.015625 0.035938
0 0.585938 0.177344 0.015625 0.026563
0 0.521875 0.175781 0.021875 0.032813
0 0.500781 0.161719 0.017188 0.029688
0 0.477344 0.147656 0.014063 0.026563
0 0.524219 0.103125 0.010938 0.028125
0 0.585938 0.112500 0.012500 0.031250
0 0.567188 0.146875 0.015625 0.034375
0 0.626563 0.142187 0.012500 0.031250
0 0.601562 0.122656 0.015625 0.026563
0 0.607813 0.060156 0.012500 0.023438
0 0.656250 0.106250 0.012500 0.021875
0 0.684375 0.102344 0.012500 0.023438
0 0.700000 0.121094 0.012500 0.020313
0 0.668750 0.121875 0.009375 0.025000
0 0.636719 0.119531 0.014063 0.026563
0 0.524219 0.135938 0.017188 0.025000
0 0.539062 0.139844 0.012500 0.023438
0 0.776563 0.138281 0.012500 0.023438
0 0.757031 0.158594 0.010938 0.032813
0 0.775000 0.190625 0.012500 0.031250
0 0.773438 0.271094 0.021875 0.045313
0 0.812500 0.255469 0.018750 0.032813
0 0.805469 0.216406 0.014063 0.039062
0 0.821875 0.221094 0.015625 0.042188
0 0.806250 0.184375 0.018750 0.025000
0 0.917969 0.168750 0.014063 0.031250
0 0.938281 0.201563 0.010938 0.031250
0 0.893750 0.195312 0.018750 0.025000
0 0.866406 0.210938 0.020313 0.031250
0 0.848438 0.206250 0.012500 0.043750
0 0.872656 0.293750 0.020313 0.043750
0 0.893750 0.232813 0.015625 0.046875
0 0.917188 0.253906 0.015625 0.042188
0 0.914062 0.364063 0.025000 0.050000
0 0.853906 0.371875 0.020313 0.046875
0 0.794531 0.397656 0.029688 0.051563
0 0.887500 0.445312 0.031250 0.065625
0 0.738281 0.181250 0.017188 0.037500
0 0.617188 0.105469 0.012500 0.026563
0 0.833594 0.196094 0.014063 0.035938
0 0.828125 0.175000 0.015625 0.031250
0 0.878125 0.160156 0.012500 0.032813
0 0.868750 0.185156 0.012500 0.032813
0 0.547656 0.171094 0.017188 0.032813
0 0.710938 0.173438 0.015625 0.025000
