1 0.663281 0.395313 0.154688 0.300000
1 0.810938 0.388281 0.103125 0.264063
1 0.917188 0.375000 0.146875 0.306250
1 0.892188 0.297656 0.115625 0.264063
1 0.810156 0.075781 0.101562 0.148438
1 0.621094 0.174219 0.114063 0.267188
1 0.708594 0.152344 0.079688 0.198438
1 0.927344 0.100781 0.098438 0.148438
1 0.578906 0.089063 0.089063 0.165625
1 0.475781 0.221094 0.095313 0.195312
1 0.288281 0.073438 0.079688 0.143750
1 0.360156 0.060156 0.079688 0.117188
1 0.068750 0.065625 0.081250 0.128125
0 0.283594 0.332813 0.110938 0.250000
0 0.374219 0.233594 0.104688 0.210938
0 0.055469 0.489063 0.107813 0.221875
0 0.463281 0.535156 0.135938 0.251563
