0 0.848438 0.439063 0.031250 0.040625
0 0.694531 0.452344 0.039062 0.054688
0 0.719531 0.447656 0.029688 0.048438
0 0.644531 0.465625 0.032813 0.050000
0 0.613281 0.444531 0.032813 0.042188
0 0.572656 0.425781 0.026563 0.042188
0 0.530469 0.427344 0.026563 0.035938
0 0.500781 0.448438 0.029688 0.028125
0 0.435156 0.465625 0.032813 0.040625
0 0.403906 0.423438 0.032813 0.034375
0 0.367188 0.447656 0.025000 0.039062
0 0.348438 0.421094 0.031250 0.035938
0 0.292187 0.430469 0.031250 0.045313
0 0.253125 0.446094 0.034375 0.051563
0 0.211719 0.485938 0.060938 0.087500
0 0.221875 0.415625 0.031250 0.034375
0 0.228125 0.432813 0.025000 0.034375
0 0.172656 0.431250 0.039062 0.050000
0 0.137500 0.457031 0.037500 0.054688
0 0.110156 0.494531 0.051563 0.064063
0 0.100781 0.441406 0.032813 0.048438
