0 0.206250 0.363281 0.043750 0.095313
0 0.257031 0.289062 0.017188 0.037500
0 0.288281 0.271094 0.014063 0.035938
0 0.297656 0.264063 0.020313 0.040625
0 0.309375 0.236719 0.018750 0.035938
0 0.326563 0.265625 0.015625 0.031250
0 0.340625 0.278906 0.018750 0.045313
0 0.371875 0.216406 0.018750 0.035938
0 0.382031 0.223438 0.014063 0.037500
0 0.385938 0.202344 0.018750 0.032813
0 0.403906 0.234375 0.020313 0.043750
0 0.423438 0.282813 0.025000 0.046875
0 0.408594 0.175781 0.017188 0.026563
0 0.432031 0.202344 0.017188 0.035938
0 0.443750 0.228125 0.018750 0.037500
0 0.468750 0.235156 0.025000 0.045313
0 0.453906 0.182031 0.017188 0.039062
0 0.460938 0.157031 0.012500 0.029688
0 0.467969 0.160938 0.017188 0.034375
0 0.481250 0.178125 0.015625 0.028125
0 0.534375 0.198438 0.021875 0.034375
0 0.521875 0.169531 0.015625 0.032813
0 0.514062 0.153125 0.015625 0.028125
0 0.485938 0.132031 0.015625 0.029688
0 0.531250 0.128906 0.015625 0.026563
0 0.549219 0.142187 0.014063 0.031250
0 0.553906 0.127344 0.010938 0.026563
0 0.561719 0.120313 0.014063 0.028125
0 0.589844 0.122656 0.017188 0.032813
0 0.560937 0.173438 0.018750 0.037500
0 0.576562 0.158594 0.015625 0.032813
0 0.608594 0.129688 0.014063 0.025000
0 0.604688 0.101562 0.012500 0.028125
0 0.621875 0.143750 0.015625 0.034375
0 0.624219 0.103906 0.014063 0.026563
0 0.649219 0.103906 0.014063 0.026563
0 0.648438 0.122656 0.015625 0.026563
0 0.663281 0.121875 0.014063 0.034375
0 0.688281 0.105469 0.014063 0.035938
0 0.541406 0.312500 0.029688 0.059375
0 0.493750 0.301563 0.031250 0.062500
0 0.575781 0.241406 0.023438 0.045313
0 0.604688 0.216406 0.021875 0.048438
0 0.611719 0.264844 0.026563 0.051563
0 0.589844 0.368750 0.032813 0.075000
0 0.673438 0.338281 0.031250 0.076563
0 0.662500 0.264844 0.025000 0.051563
0 0.657031 0.217188 0.023438 0.050000
0 0.643750 0.184375 0.018750 0.034375
0 0.679688 0.167188 0.018750 0.040625
0 0.703125 0.183594 0.018750 0.045313
0 0.688281 0.228125 0.029688 0.056250
0 0.703906 0.142187 0.017188 0.037500
0 0.738281 0.147656 0.020313 0.035938
0 0.737500 0.113281 0.015625 0.032813
0 0.727344 0.200781 0.020313 0.039062
0 0.744531 0.237500 0.023438 0.053125
0 0.753125 0.186719 0.018750 0.039062
0 0.756250 0.137500 0.015625 0.031250
0 0.776563 0.124219 0.015625 0.032813
0 0.791406 0.137500 0.017188 0.031250
0 0.809375 0.120313 0.012500 0.028125
0 0.799219 0.178906 0.017188 0.042188
0 0.820312 0.239063 0.018750 0.050000
0 0.778906 0.294531 0.026563 0.064063
0 0.725781 0.310938 0.029688 0.056250
0 0.915625 0.296875 0.031250 0.062500
0 0.866406 0.229688 0.020313 0.059375
0 0.839844 0.193750 0.020313 0.046875
0 0.832031 0.147656 0.017188 0.039062
0 0.857031 0.153906 0.014063 0.039062
0 0.871875 0.179688 0.015625 0.037500
0 0.886719 0.203906 0.014063 0.042188
0 0.895313 0.171875 0.018750 0.040625
0 0.888281 0.132812 0.017188 0.034375
0 0.919531 0.208594 0.023438 0.045313
0 0.922656 0.176563 0.017188 0.031250
0 0.920313 0.153906 0.015625 0.023438
