0 0.129688 0.542969 0.068750 0.120313
0 0.200781 0.553906 0.054688 0.079688
0 0.175000 0.510938 0.037500 0.053125
0 0.200781 0.490625 0.026563 0.046875
0 0.167188 0.479688 0.021875 0.028125
0 0.187500 0.477344 0.018750 0.032813
0 0.226562 0.477344 0.021875 0.032813
0 0.271094 0.478906 0.020313 0.032813
0 0.307813 0.492969 0.025000 0.045313
0 0.305469 0.543750 0.051563 0.071875
0 0.351562 0.542969 0.071875 0.120313
0 0.334375 0.468750 0.021875 0.031250
0 0.351562 0.482813 0.015625 0.031250
0 0.368750 0.476562 0.015625 0.028125
0 0.376563 0.471094 0.015625 0.023438
0 0.393750 0.505469 0.025000 0.045313
0 0.420313 0.481250 0.018750 0.031250
0 0.434375 0.470313 0.015625 0.028125
0 0.454688 0.476562 0.018750 0.037500
0 0.475781 0.513281 0.032813 0.051563
0 0.498438 0.553125 0.053125 0.093750
0 0.492188 0.480469 0.021875 0.032813
0 0.507812 0.469531 0.012500 0.035938
0 0.528906 0.487500 0.023438 0.040625
0 0.552344 0.533594 0.035938 0.076563
0 0.581250 0.489063 0.034375 0.046875
0 0.568750 0.474219 0.018750 0.032813
0 0.641406 0.483594 0.023438 0.048438
0 0.694531 0.516406 0.054688 0.085938
0 0.779688 0.482031 0.031250 0.048438
0 0.858594 0.484375 0.039062 0.062500
0 0.885156 0.545312 0.048438 0.078125
0 0.957031 0.519531 0.039062 0.070312
0 0.977344 0.511719 0.032813 0.067187
