0 0.427344 0.227344 0.023438 0.045313
0 0.462500 0.243750 0.021875 0.040625
0 0.550781 0.125000 0.020313 0.040625
0 0.575781 0.127344 0.017188 0.045313
0 0.610938 0.167969 0.021875 0.054688
0 0.614844 0.200781 0.017188 0.039062
0 0.620313 0.289844 0.046875 0.089063
0 0.670313 0.210156 0.021875 0.045313
0 0.714844 0.275000 0.020313 0.046875
0 0.796875 0.286719 0.034375 0.073438
0 0.824219 0.253906 0.032813 0.054688
0 0.805469 0.234375 0.023438 0.053125
0 0.853906 0.175781 0.017188 0.045313
0 0.865625 0.269531 0.021875 0.048438
0 0.957031 0.257812 0.026563 0.071875
