0 0.120313 0.514844 0.040625 0.073438
0 0.211719 0.326563 0.017188 0.031250
0 0.239063 0.350000 0.018750 0.040625
0 0.264844 0.373438 0.020313 0.037500
0 0.268750 0.299219 0.015625 0.029688
0 0.302344 0.317188 0.017188 0.028125
0 0.317188 0.350781 0.018750 0.032813
0 0.336719 0.321875 0.017188 0.031250
0 0.338281 0.284375 0.017188 0.031250
0 0.364063 0.335938 0.018750 0.034375
0 0.394531 0.320312 0.020313 0.034375
0 0.391406 0.288281 0.017188 0.032813
0 0.375781 0.250781 0.014063 0.026563
0 0.412500 0.248438 0.012500 0.025000
0 0.430469 0.250000 0.014063 0.025000
0 0.437500 0.330469 0.021875 0.035938
0 0.416406 0.304688 0.017188 0.031250
0 0.457813 0.295313 0.015625 0.021875
0 0.464844 0.250781 0.014063 0.023438
0 0.453906 0.231250 0.010938 0.021875
0 0.456250 0.223438 0.012500 0.018750
0 0.495313 0.252344 0.015625 0.026563
0 0.500000 0.238281 0.012500 0.020313
0 0.545312 0.213281 0.012500 0.023438
0 0.559375 0.207813 0.015625 0.021875
0 0.531250 0.258594 0.015625 0.029688
0 0.545312 0.271875 0.015625 0.031250
0 0.565625 0.255469 0.015625 0.029688
0 0.589844 0.238281 0.014063 0.026563
0 0.591406 0.208594 0.014063 0.023438
0 0.596875 0.196094 0.012500 0.023438
0 0.617188 0.201563 0.012500 0.025000
0 0.628125 0.212500 0.012500 0.025000
0 0.626563 0.229688 0.012500 0.025000
0 0.662500 0.197656 0.012500 0.023438
0 0.664062 0.217969 0.012500 0.023438
0 0.674219 0.212500 0.010938 0.021875
0 0.488281 0.317188 0.017188 0.031250
0 0.467188 0.389844 0.025000 0.048438
0 0.534375 0.401563 0.025000 0.046875
0 0.526563 0.344531 0.021875 0.039062
0 0.572656 0.445312 0.032813 0.065625
0 0.625781 0.456250 0.032813 0.065625
0 0.607031 0.349219 0.020313 0.039062
0 0.590625 0.315625 0.018750 0.034375
0 0.623438 0.290625 0.015625 0.028125
0 0.645313 0.349219 0.021875 0.042188
0 0.662500 0.262500 0.015625 0.028125
0 0.667188 0.299219 0.021875 0.039062
0 0.696094 0.236719 0.014063 0.032813
0 0.695312 0.285156 0.018750 0.032813
0 0.683594 0.345313 0.023438 0.050000
0 0.714844 0.385938 0.026563 0.046875
0 0.691406 0.528125 0.032813 0.065625
0 0.795313 0.553125 0.031250 0.071875
0 0.834375 0.457813 0.028125 0.056250
0 0.778906 0.407813 0.026563 0.043750
0 0.920313 0.457031 0.028125 0.054688
0 0.844531 0.400781 0.023438 0.045313
0 0.927344 0.391406 0.020313 0.039062
0 0.912500 0.310156 0.015625 0.029688
0 0.929688 0.297656 0.015625 0.029688
0 0.929688 0.260156 0.012500 0.026563
0 0.890625 0.267188 0.015625 0.031250
0 0.883594 0.306250 0.014063 0.034375
0 0.866406 0.325781 0.017188 0.035938
0 0.840625 0.300000 0.015625 0.031250
0 0.849219 0.260156 0.017188 0.032813
0 0.873438 0.244531 0.012500 0.023438
0 0.838281 0.245313 0.014063 0.021875
0 0.809375 0.260156 0.012500 0.023438
0 0.803125 0.228906 0.012500 0.026563
0 0.787500 0.285156 0.021875 0.035938
0 0.770313 0.276562 0.018750 0.037500
0 0.777344 0.252344 0.014063 0.029688
0 0.773438 0.226562 0.015625 0.028125
0 0.728906 0.244531 0.014063 0.032813
0 0.728125 0.228125 0.012500 0.021875
0 0.738281 0.225781 0.010938 0.023438
0 0.803125 0.349219 0.018750 0.035938
0 0.803906 0.325781 0.017188 0.026563
