0 0.195312 0.409375 0.050000 0.093750
0 0.257812 0.271875 0.015625 0.031250
0 0.288281 0.275000 0.023438 0.037500
0 0.316406 0.285156 0.020313 0.045313
0 0.392188 0.267969 0.018750 0.035938
0 0.366406 0.194531 0.014063 0.029688
0 0.410156 0.200781 0.023438 0.035938
0 0.413281 0.168750 0.017188 0.028125
0 0.442188 0.157813 0.009375 0.021875
0 0.442969 0.234375 0.017188 0.028125
0 0.388281 0.221875 0.020313 0.037500
0 0.485938 0.213281 0.025000 0.039062
0 0.465625 0.169531 0.015625 0.032813
0 0.442969 0.205469 0.023438 0.029688
0 0.487500 0.159375 0.021875 0.043750
0 0.500781 0.135938 0.007812 0.015625
0 0.507812 0.200781 0.018750 0.042188
0 0.523438 0.166406 0.015625 0.039062
0 0.542969 0.175781 0.010938 0.029688
0 0.490625 0.346094 0.028125 0.039062
0 0.563281 0.254688 0.020313 0.050000
0 0.553125 0.120313 0.012500 0.025000
0 0.592187 0.109375 0.009375 0.021875
0 0.585156 0.121875 0.007812 0.021875
0 0.570312 0.177344 0.018750 0.032813
0 0.604688 0.156250 0.015625 0.034375
0 0.628906 0.108594 0.017188 0.026563
0 0.617969 0.317188 0.029688 0.050000
0 0.627344 0.239063 0.020313 0.043750
0 0.654688 0.188281 0.025000 0.045313
0 0.667969 0.118750 0.010938 0.025000
0 0.639844 0.142969 0.020313 0.032813
0 0.692188 0.114844 0.015625 0.032813
0 0.682813 0.328125 0.028125 0.059375
0 0.660938 0.221094 0.018750 0.035938
0 0.682813 0.188281 0.021875 0.045313
0 0.700781 0.191406 0.023438 0.054688
0 0.689844 0.247656 0.020313 0.054688
0 0.714844 0.250781 0.023438 0.057813
0 0.721094 0.189063 0.020313 0.050000
0 0.747656 0.116406 0.010938 0.029688
0 0.771094 0.128906 0.014063 0.032813
0 0.777344 0.151563 0.023438 0.040625
0 0.764063 0.207813 0.021875 0.040625
0 0.748438 0.234375 0.021875 0.053125
0 0.748438 0.327344 0.031250 0.057813
0 0.788281 0.290625 0.020313 0.059375
0 0.800781 0.250000 0.020313 0.053125
0 0.782031 0.384375 0.039062 0.081250
0 0.839063 0.393750 0.043750 0.081250
0 0.828125 0.146875 0.018750 0.037500
0 0.823438 0.214844 0.018750 0.042188
0 0.845313 0.165625 0.018750 0.056250
0 0.864844 0.137500 0.014063 0.025000
0 0.874219 0.209375 0.017188 0.043750
0 0.871094 0.270313 0.020313 0.050000
0 0.893750 0.282031 0.018750 0.048438
0 0.884375 0.328906 0.021875 0.057813
0 0.915625 0.306250 0.025000 0.059375
0 0.917188 0.239844 0.015625 0.039062
0 0.915625 0.216406 0.015625 0.032813
0 0.925000 0.160938 0.012500 0.021875
0 0.893750 0.158594 0.018750 0.032813
0 0.892188 0.183594 0.021875 0.045313
0 0.754688 0.159375 0.025000 0.043750
0 0.513281 0.156250 0.014063 0.028125
