0 0.050781 0.753125 0.057813 0.093750
0 0.046875 0.683594 0.046875 0.067187
0 0.055469 0.634375 0.032813 0.050000
0 0.111719 0.642188 0.048438 0.075000
0 0.186719 0.748438 0.064063 0.096875
0 0.164844 0.710156 0.042188 0.067187
0 0.158594 0.675000 0.032813 0.056250
0 0.253125 0.677344 0.037500 0.073438
0 0.276562 0.725000 0.050000 0.090625
0 0.317969 0.788281 0.060938 0.095313
0 0.297656 0.652344 0.029688 0.070312
0 0.322656 0.657813 0.032813 0.062500
0 0.356250 0.685156 0.040625 0.082813
0 0.400000 0.707031 0.050000 0.092188
0 0.454688 0.721094 0.040625 0.076563
0 0.462500 0.655469 0.034375 0.070312
0 0.506250 0.695312 0.034375 0.062500
0 0.555469 0.692188 0.032813 0.056250
0 0.264844 0.537500 0.029688 0.059375
0 0.671875 0.814063 0.059375 0.109375
0 0.714063 0.764844 0.050000 0.095313
0 0.733594 0.696875 0.032813 0.059375
0 0.752344 0.700000 0.032813 0.071875
0 0.825000 0.791406 0.053125 0.101562
0 0.833594 0.745313 0.042188 0.068750
0 0.842188 0.712500 0.034375 0.053125
0 0.864063 0.707813 0.031250 0.056250
