0 0.914062 0.171094 0.012500 0.035938
0 0.940625 0.172656 0.012500 0.032813
0 0.885938 0.157813 0.012500 0.031250
0 0.894531 0.180469 0.014063 0.035938
0 0.941406 0.202344 0.014063 0.032813
0 0.934375 0.235156 0.015625 0.039062
0 0.935938 0.253125 0.015625 0.040625
0 0.931250 0.282031 0.015625 0.042188
0 0.928906 0.335156 0.020313 0.054688
0 0.853906 0.300781 0.020313 0.057813
0 0.835156 0.357813 0.023438 0.071875
0 0.871094 0.287500 0.020313 0.046875
0 0.878906 0.242969 0.017188 0.042188
0 0.879688 0.209375 0.018750 0.040625
0 0.875000 0.167188 0.012500 0.034375
0 0.867969 0.175000 0.014063 0.034375
0 0.846094 0.150781 0.014063 0.029688
0 0.832031 0.165625 0.014063 0.034375
0 0.842969 0.211719 0.017188 0.042188
0 0.797656 0.200000 0.014063 0.034375
0 0.785156 0.140625 0.010938 0.031250
0 0.775000 0.187500 0.015625 0.040625
0 0.813281 0.271875 0.017188 0.050000
0 0.847656 0.195312 0.014063 0.040625
0 0.758594 0.128125 0.014063 0.031250
0 0.760156 0.146875 0.014063 0.037500
0 0.742969 0.169531 0.014063 0.039062
0 0.779688 0.266406 0.025000 0.051563
0 0.815625 0.201563 0.015625 0.040625
0 0.757031 0.338281 0.026563 0.073438
0 0.680469 0.333594 0.029688 0.064063
0 0.722656 0.239063 0.017188 0.046875
0 0.727344 0.141406 0.014063 0.039062
0 0.711719 0.161719 0.017188 0.035938
0 0.628125 0.295313 0.025000 0.062500
0 0.637500 0.245313 0.018750 0.043750
0 0.644531 0.198438 0.017188 0.043750
0 0.678125 0.210156 0.018750 0.051563
0 0.671094 0.260156 0.020313 0.054688
0 0.662500 0.177344 0.018750 0.042188
0 0.656250 0.138281 0.012500 0.026563
0 0.690625 0.124219 0.012500 0.029688
0 0.709375 0.124219 0.009375 0.026563
0 0.653125 0.107813 0.009375 0.031250
0 0.665625 0.113281 0.009375 0.023438
0 0.678125 0.120313 0.009375 0.025000
0 0.615625 0.103906 0.012500 0.029688
0 0.630469 0.122656 0.010938 0.023438
0 0.628125 0.152344 0.012500 0.035938
0 0.592187 0.109375 0.009375 0.025000
0 0.601562 0.141406 0.015625 0.032813
0 0.589063 0.164844 0.012500 0.035938
0 0.595313 0.250000 0.021875 0.056250
0 0.586719 0.279688 0.026563 0.053125
0 0.530469 0.267188 0.023438 0.059375
0 0.556250 0.180469 0.012500 0.035938
0 0.564844 0.160938 0.014063 0.040625
0 0.552344 0.122656 0.014063 0.026563
0 0.539062 0.152344 0.012500 0.035938
0 0.537500 0.136719 0.012500 0.032813
0 0.507031 0.144531 0.014063 0.032813
0 0.521094 0.127344 0.010938 0.026563
0 0.528125 0.128906 0.009375 0.029688
0 0.494531 0.143750 0.010938 0.031250
0 0.495313 0.214063 0.018750 0.043750
0 0.525781 0.160938 0.010938 0.037500
0 0.443750 0.154688 0.012500 0.028125
0 0.467188 0.171875 0.015625 0.037500
0 0.478125 0.189063 0.015625 0.037500
0 0.450781 0.207813 0.020313 0.050000
0 0.413281 0.200000 0.017188 0.037500
0 0.334375 0.183594 0.012500 0.032813
0 0.351562 0.202344 0.015625 0.035938
0 0.316406 0.226562 0.017188 0.040625
0 0.111719 0.442969 0.045313 0.101562
0 0.700781 0.213281 0.017188 0.039062
