0 0.158594 0.537500 0.042188 0.084375
0 0.218750 0.363281 0.025000 0.045313
0 0.264063 0.344531 0.021875 0.042188
0 0.286719 0.306250 0.017188 0.034375
0 0.294531 0.359375 0.020313 0.043750
0 0.332813 0.371094 0.025000 0.045313
0 0.344531 0.338281 0.020313 0.042188
0 0.353906 0.300000 0.017188 0.031250
0 0.384375 0.278125 0.015625 0.031250
0 0.402344 0.297656 0.017188 0.032813
0 0.376563 0.333594 0.018750 0.039062
0 0.402344 0.346094 0.023438 0.051563
0 0.407813 0.267188 0.018750 0.031250
0 0.422656 0.251563 0.014063 0.028125
0 0.433594 0.277344 0.014063 0.032813
0 0.432813 0.309375 0.018750 0.040625
0 0.462500 0.335938 0.021875 0.043750
0 0.464844 0.303906 0.020313 0.035938
0 0.457031 0.276562 0.014063 0.031250
0 0.449219 0.251563 0.017188 0.025000
0 0.466406 0.229688 0.014063 0.025000
0 0.494531 0.265625 0.020313 0.034375
0 0.507812 0.241406 0.012500 0.023438
0 0.513281 0.252344 0.014063 0.023438
0 0.519531 0.272656 0.014063 0.032813
0 0.528906 0.253125 0.017188 0.034375
0 0.550781 0.280469 0.020313 0.035938
0 0.565625 0.244531 0.015625 0.032813
0 0.553906 0.220313 0.010938 0.028125
0 0.567188 0.218750 0.015625 0.028125
0 0.585156 0.225781 0.014063 0.029688
0 0.604688 0.207813 0.012500 0.031250
0 0.617969 0.214844 0.014063 0.023438
0 0.499219 0.333594 0.020313 0.045313
0 0.457813 0.411719 0.028125 0.051563
0 0.531250 0.405469 0.028125 0.054688
0 0.531250 0.365625 0.021875 0.040625
0 0.588281 0.364844 0.023438 0.054688
0 0.586719 0.324219 0.023438 0.042188
0 0.571094 0.446094 0.029688 0.073438
0 0.624219 0.487500 0.035938 0.078125
0 0.694531 0.503906 0.042188 0.082813
0 0.653906 0.371094 0.026563 0.057813
0 0.635156 0.344531 0.017188 0.042188
0 0.621875 0.302344 0.018750 0.042188
0 0.627344 0.256250 0.017188 0.034375
0 0.589844 0.256250 0.010938 0.028125
0 0.648438 0.237500 0.015625 0.025000
0 0.656250 0.212500 0.009375 0.025000
0 0.668750 0.225781 0.012500 0.029688
0 0.657813 0.279688 0.015625 0.040625
0 0.692969 0.302344 0.023438 0.042188
0 0.694531 0.252344 0.014063 0.032813
0 0.668750 0.321094 0.018750 0.042188
0 0.678906 0.349219 0.020313 0.048438
0 0.720313 0.263281 0.015625 0.042188
0 0.731250 0.247656 0.009375 0.023438
0 0.726562 0.239063 0.012500 0.028125
0 0.742188 0.305469 0.018750 0.042188
0 0.746875 0.268750 0.015625 0.031250
0 0.757031 0.292969 0.014063 0.029688
0 0.767969 0.249219 0.014063 0.029688
0 0.796094 0.249219 0.014063 0.032813
0 0.800000 0.303906 0.015625 0.039062
0 0.801563 0.270313 0.015625 0.025000
0 0.825000 0.264844 0.012500 0.032813
0 0.839063 0.265625 0.012500 0.028125
0 0.832813 0.288281 0.015625 0.032813
0 0.832813 0.323438 0.021875 0.040625
0 0.792969 0.363281 0.020313 0.042188
0 0.807031 0.349219 0.017188 0.042188
0 0.722656 0.406250 0.026563 0.062500
0 0.760938 0.449219 0.028125 0.060938
0 0.825781 0.450781 0.032813 0.054688
0 0.841406 0.380469 0.020313 0.054688
0 0.857031 0.368750 0.020313 0.053125
0 0.871875 0.327344 0.015625 0.035938
0 0.877344 0.279688 0.014063 0.040625
0 0.857031 0.259375 0.014063 0.037500
0 0.897656 0.317188 0.014063 0.034375
0 0.909375 0.285156 0.012500 0.029688
0 0.913281 0.303906 0.014063 0.023438
0 0.909375 0.321875 0.012500 0.034375
0 0.905469 0.361719 0.023438 0.042188
0 0.899219 0.411719 0.026563 0.054688
0 0.900000 0.476562 0.034375 0.075000
0 0.791406 0.539062 0.032813 0.078125
