0 0.241406 0.545312 0.117188 0.187500
0 0.307031 0.426563 0.060938 0.112500
0 0.378906 0.468750 0.079688 0.140625
0 0.488281 0.720313 0.148438 0.262500
0 0.526563 0.520313 0.096875 0.175000
0 0.588281 0.382812 0.048438 0.100000
0 0.628125 0.340625 0.043750 0.084375
0 0.651563 0.317188 0.046875 0.087500
0 0.726562 0.359375 0.050000 0.084375
0 0.723438 0.464063 0.065625 0.112500
0 0.844531 0.398438 0.048438 0.087500
0 0.903906 0.418750 0.057813 0.109375
0 0.529687 0.320312 0.043750 0.081250
0 0.501563 0.362500 0.056250 0.096875
0 0.467188 0.323438 0.034375 0.068750
0 0.421875 0.323438 0.043750 0.075000
0 0.328125 0.195312 0.031250 0.056250
0 0.210156 0.365625 0.054688 0.090625
0 0.174219 0.346875 0.054688 0.084375
0 0.129688 0.262500 0.034375 0.046875
0 0.085156 0.318750 0.042188 0.065625
0 0.028906 0.387500 0.054688 0.109375
0 0.054688 0.837500 0.100000 0.321875
