0 0.067969 0.398438 0.032813 0.065625
0 0.250000 0.290625 0.009375 0.037500
0 0.272656 0.268750 0.020313 0.028125
0 0.300000 0.260156 0.015625 0.035938
0 0.358594 0.262500 0.017188 0.037500
0 0.332813 0.207813 0.009375 0.021875
0 0.344531 0.222656 0.014063 0.035938
0 0.372656 0.215625 0.010938 0.031250
0 0.394531 0.215625 0.017188 0.031250
0 0.428906 0.264844 0.017188 0.042188
0 0.421875 0.214063 0.015625 0.028125
0 0.485938 0.303125 0.018750 0.050000
0 0.547656 0.302344 0.020313 0.048438
0 0.599219 0.332813 0.020313 0.056250
0 0.666406 0.347656 0.023438 0.060938
0 0.656250 0.256250 0.018750 0.050000
0 0.709375 0.292969 0.028125 0.051563
0 0.775000 0.287500 0.025000 0.053125
0 0.565625 0.243750 0.018750 0.037500
0 0.602344 0.251563 0.020313 0.043750
0 0.487500 0.227344 0.018750 0.032813
0 0.460938 0.172656 0.015625 0.029688
0 0.424219 0.181250 0.014063 0.028125
0 0.443750 0.201563 0.015625 0.031250
0 0.690625 0.207813 0.025000 0.046875
0 0.658594 0.209375 0.020313 0.028125
0 0.617188 0.220313 0.018750 0.043750
0 0.497656 0.197656 0.017188 0.032813
0 0.475000 0.172656 0.015625 0.029688
0 0.528906 0.196875 0.020313 0.031250
0 0.549219 0.156250 0.014063 0.031250
0 0.568750 0.177344 0.018750 0.029688
0 0.611719 0.146094 0.014063 0.026563
0 0.452344 0.150000 0.010938 0.025000
0 0.482031 0.134375 0.010938 0.018750
0 0.750000 0.215625 0.018750 0.046875
0 0.798438 0.243750 0.018750 0.050000
0 0.863281 0.232813 0.014063 0.037500
0 0.728906 0.196875 0.014063 0.037500
0 0.652344 0.174219 0.020313 0.035938
0 0.514062 0.162500 0.015625 0.018750
0 0.526563 0.130469 0.009375 0.026563
0 0.560156 0.110938 0.010938 0.025000
0 0.587500 0.100781 0.012500 0.023438
0 0.584375 0.123438 0.012500 0.028125
0 0.614844 0.110938 0.007812 0.018750
0 0.632812 0.124219 0.012500 0.023438
0 0.647656 0.102344 0.010938 0.026563
0 0.671875 0.117969 0.015625 0.032813
0 0.674219 0.151563 0.014063 0.028125
0 0.693750 0.099219 0.012500 0.029688
0 0.700781 0.146094 0.020313 0.032813
0 0.729688 0.123438 0.009375 0.031250
0 0.722656 0.156250 0.020313 0.031250
0 0.744531 0.136719 0.014063 0.026563
0 0.747656 0.107031 0.014063 0.023438
0 0.759375 0.132031 0.012500 0.029688
0 0.767188 0.163281 0.015625 0.035938
0 0.775781 0.125000 0.014063 0.025000
0 0.793750 0.167969 0.018750 0.039062
0 0.792969 0.130469 0.017188 0.026563
0 0.806250 0.123438 0.012500 0.021875
0 0.831250 0.141406 0.015625 0.032813
0 0.813281 0.171094 0.014063 0.029688
0 0.840625 0.194531 0.015625 0.032813
0 0.859375 0.132812 0.012500 0.025000
0 0.850000 0.162500 0.015625 0.037500
0 0.889844 0.131250 0.010938 0.028125
0 0.883594 0.167188 0.014063 0.037500
0 0.889844 0.210938 0.017188 0.037500
0 0.920313 0.201563 0.015625 0.031250
0 0.913281 0.171094 0.010938 0.032813
0 0.921875 0.159375 0.009375 0.028125
0 0.459375 0.196875 0.015625 0.037500
0 0.457031 0.214844 0.014063 0.039062
