0 0.020313 0.478906 0.028125 0.042188
0 0.025000 0.446875 0.015625 0.031250
0 0.039062 0.440625 0.018750 0.028125
0 0.042188 0.471875 0.025000 0.037500
0 0.066406 0.446094 0.020313 0.032813
0 0.086719 0.429688 0.020313 0.031250
0 0.101562 0.441406 0.018750 0.029688
0 0.120313 0.460156 0.034375 0.048438
0 0.104688 0.426563 0.021875 0.025000
0 0.128906 0.425000 0.017188 0.028125
0 0.144531 0.430469 0.020313 0.032813
0 0.144531 0.458594 0.020313 0.035938
0 0.174219 0.466406 0.026563 0.039062
0 0.180469 0.422656 0.020313 0.029688
0 0.196875 0.403906 0.015625 0.029688
0 0.221875 0.423438 0.015625 0.031250
0 0.204688 0.452344 0.025000 0.039062
0 0.232031 0.485156 0.035938 0.048438
0 0.246875 0.457031 0.021875 0.035938
0 0.235938 0.403906 0.015625 0.029688
0 0.272656 0.426563 0.023438 0.034375
0 0.272656 0.453906 0.023438 0.042188
0 0.271875 0.407031 0.015625 0.032813
0 0.303906 0.428906 0.020313 0.035938
0 0.321875 0.458594 0.025000 0.048438
0 0.305469 0.389063 0.017188 0.031250
0 0.317188 0.379688 0.009375 0.028125
0 0.327344 0.396875 0.017188 0.028125
0 0.334375 0.426563 0.021875 0.034375
0 0.355469 0.453125 0.026563 0.043750
0 0.350781 0.384375 0.014063 0.028125
0 0.362500 0.384375 0.015625 0.031250
0 0.382812 0.407031 0.015625 0.029688
0 0.375781 0.388281 0.010938 0.020313
0 0.390625 0.378906 0.015625 0.026563
0 0.416406 0.372656 0.010938 0.023438
0 0.435156 0.378125 0.014063 0.025000
0 0.429688 0.400000 0.015625 0.028125
0 0.441406 0.403906 0.017188 0.035938
0 0.429688 0.480469 0.034375 0.048438
0 0.463281 0.496875 0.035938 0.059375
0 0.477344 0.472656 0.029688 0.039062
0 0.467188 0.447656 0.025000 0.045313
0 0.459375 0.397656 0.018750 0.032813
0 0.460156 0.377344 0.010938 0.023438
0 0.450000 0.375000 0.015625 0.028125
0 0.500781 0.364844 0.010938 0.020313
0 0.503125 0.392188 0.018750 0.037500
0 0.510156 0.407031 0.020313 0.032813
0 0.520313 0.389063 0.015625 0.028125
0 0.582813 0.379688 0.018750 0.028125
0 0.589063 0.363281 0.012500 0.020313
0 0.592969 0.403906 0.014063 0.029688
0 0.553125 0.461719 0.021875 0.039062
0 0.496875 0.446875 0.028125 0.028125
0 0.495313 0.471094 0.021875 0.042188
0 0.592969 0.452344 0.023438 0.048438
0 0.608594 0.463281 0.026563 0.054688
0 0.667969 0.503906 0.054688 0.082813
0 0.642969 0.436719 0.026563 0.051563
0 0.627344 0.390625 0.020313 0.034375
0 0.625781 0.363281 0.014063 0.026563
0 0.666406 0.417969 0.020313 0.039062
0 0.680469 0.430469 0.020313 0.035938
0 0.695312 0.389844 0.018750 0.035938
0 0.727344 0.414844 0.023438 0.042188
0 0.740625 0.492188 0.040625 0.081250
0 0.753906 0.407813 0.017188 0.040625
0 0.773438 0.394531 0.018750 0.035938
0 0.779688 0.375781 0.018750 0.023438
0 0.793750 0.365625 0.015625 0.025000
0 0.799219 0.392969 0.017188 0.035938
0 0.817969 0.382812 0.020313 0.031250
0 0.836719 0.375781 0.014063 0.026563
0 0.852344 0.371875 0.017188 0.028125
0 0.790625 0.464063 0.034375 0.056250
0 0.837500 0.470313 0.037500 0.062500
0 0.860156 0.433594 0.029688 0.048438
0 0.901563 0.402344 0.031250 0.048438
0 0.942969 0.385938 0.020313 0.037500
0 0.982813 0.428906 0.025000 0.045313
0 0.979688 0.367188 0.018750 0.037500
0 0.992188 0.382031 0.015625 0.032813
0 0.939844 0.457813 0.026563 0.043750
0 0.951563 0.567969 0.065625 0.126562
