0 0.201563 0.437500 0.053125 0.100000
0 0.265625 0.263281 0.021875 0.032813
0 0.296875 0.263281 0.021875 0.039062
0 0.305469 0.249219 0.017188 0.026563
0 0.325000 0.272656 0.021875 0.035938
0 0.360938 0.257031 0.025000 0.042188
0 0.389063 0.260937 0.021875 0.040625
0 0.414844 0.257031 0.023438 0.042188
0 0.341406 0.209375 0.020313 0.031250
0 0.367969 0.214844 0.017188 0.032813
0 0.389844 0.225000 0.017188 0.034375
0 0.378906 0.182031 0.017188 0.032813
0 0.410938 0.178125 0.015625 0.028125
0 0.417969 0.194531 0.017188 0.032813
0 0.439063 0.196094 0.015625 0.032813
0 0.450000 0.223438 0.021875 0.040625
0 0.479688 0.225000 0.021875 0.037500
0 0.450000 0.156250 0.015625 0.028125
0 0.475781 0.168750 0.017188 0.031250
0 0.489063 0.191406 0.015625 0.035938
0 0.495313 0.135938 0.012500 0.025000
0 0.513281 0.195312 0.014063 0.037500
0 0.528125 0.158594 0.015625 0.026563
0 0.530469 0.203125 0.017188 0.040625
0 0.551563 0.246094 0.021875 0.054688
0 0.496094 0.296094 0.023438 0.051563
0 0.543750 0.315625 0.031250 0.059375
0 0.555469 0.156250 0.014063 0.031250
0 0.572656 0.167969 0.017188 0.035938
0 0.570312 0.146094 0.012500 0.023438
0 0.567188 0.125000 0.015625 0.025000
0 0.505469 0.146094 0.014063 0.023438
0 0.591406 0.149219 0.014063 0.029688
0 0.591406 0.120313 0.014063 0.028125
0 0.610938 0.155469 0.015625 0.032813
0 0.616406 0.120313 0.014063 0.031250
0 0.621875 0.114844 0.012500 0.032813
0 0.642188 0.115625 0.012500 0.028125
0 0.645313 0.139844 0.015625 0.032813
0 0.670313 0.123438 0.015625 0.028125
0 0.700000 0.148438 0.015625 0.031250
0 0.700000 0.178906 0.015625 0.039062
0 0.707031 0.211719 0.020313 0.045313
0 0.664844 0.213281 0.023438 0.048438
0 0.667969 0.180469 0.020313 0.042188
0 0.620313 0.198438 0.018750 0.040625
0 0.628906 0.243750 0.023438 0.053125
0 0.683594 0.250000 0.023438 0.046875
0 0.620313 0.325781 0.034375 0.054688
0 0.722656 0.292969 0.026563 0.054688
0 0.713281 0.152344 0.017188 0.032813
0 0.747656 0.115625 0.010938 0.028125
0 0.766406 0.125000 0.014063 0.028125
0 0.757812 0.138281 0.015625 0.029688
0 0.736719 0.163281 0.017188 0.032813
0 0.733594 0.191406 0.023438 0.042188
0 0.759375 0.237500 0.025000 0.059375
0 0.775000 0.281250 0.025000 0.053125
0 0.771094 0.163281 0.017188 0.035938
0 0.782813 0.196094 0.018750 0.042188
0 0.789844 0.148438 0.014063 0.031250
0 0.810156 0.168750 0.017188 0.031250
0 0.835938 0.149219 0.012500 0.032813
0 0.857813 0.158594 0.015625 0.032813
0 0.843750 0.174219 0.018750 0.039062
0 0.828906 0.210156 0.020313 0.042188
0 0.860938 0.261719 0.021875 0.057813
0 0.848438 0.314844 0.025000 0.064063
0 0.919531 0.267188 0.017188 0.053125
0 0.920313 0.239063 0.018750 0.040625
0 0.894531 0.206250 0.017188 0.040625
0 0.882812 0.164844 0.012500 0.032813
0 0.894531 0.155469 0.014063 0.032813
0 0.907031 0.186719 0.014063 0.035938
