0 0.071875 0.558594 0.059375 0.114063
0 0.256250 0.238281 0.025000 0.054688
0 0.600000 0.117188 0.018750 0.037500
0 0.581250 0.125000 0.018750 0.040625
0 0.559375 0.125781 0.021875 0.045313
0 0.554688 0.147656 0.015625 0.035938
0 0.532813 0.146875 0.015625 0.046875
0 0.496094 0.134375 0.017188 0.050000
0 0.444531 0.154688 0.017188 0.040625
0 0.459375 0.148438 0.018750 0.037500
0 0.478125 0.160156 0.015625 0.042188
0 0.632812 0.114844 0.015625 0.051563
0 0.650781 0.126562 0.017188 0.037500
0 0.375000 0.176563 0.015625 0.040625
0 0.315625 0.195312 0.018750 0.040625
0 0.308594 0.230469 0.017188 0.051563
0 0.337500 0.218750 0.025000 0.046875
0 0.354688 0.203906 0.015625 0.048438
0 0.394531 0.178906 0.017188 0.035938
0 0.432813 0.181250 0.015625 0.037500
0 0.371094 0.255469 0.017188 0.048438
0 0.403125 0.222656 0.015625 0.035938
0 0.503125 0.191406 0.018750 0.042188
0 0.478125 0.223438 0.018750 0.050000
0 0.552344 0.194531 0.017188 0.035938
0 0.571094 0.193750 0.017188 0.043750
0 0.695312 0.124219 0.015625 0.032813
0 0.687500 0.140625 0.021875 0.053125
0 0.716406 0.148438 0.014063 0.037500
0 0.439063 0.296875 0.028125 0.059375
0 0.556250 0.324219 0.018750 0.051563
0 0.617188 0.186719 0.018750 0.048438
0 0.659375 0.170313 0.012500 0.028125
0 0.782031 0.159375 0.014063 0.040625
0 0.750781 0.181250 0.014063 0.037500
0 0.714844 0.203125 0.017188 0.046875
0 0.661719 0.242188 0.023438 0.053125
0 0.617188 0.274219 0.021875 0.054688
0 0.610938 0.357813 0.021875 0.056250
0 0.661719 0.389844 0.026563 0.054688
0 0.724219 0.385938 0.026563 0.065625
0 0.716406 0.267969 0.026563 0.060938
0 0.814063 0.180469 0.018750 0.042188
0 0.782813 0.203906 0.018750 0.035938
0 0.746094 0.228125 0.026563 0.046875
0 0.737500 0.195312 0.018750 0.040625
0 0.767188 0.272656 0.018750 0.042188
0 0.789844 0.257812 0.020313 0.046875
0 0.829688 0.207813 0.021875 0.046875
0 0.815625 0.282031 0.018750 0.048438
0 0.873438 0.222656 0.012500 0.039062
0 0.906250 0.218750 0.012500 0.043750
0 0.864844 0.325781 0.020313 0.057813
0 0.951563 0.226562 0.012500 0.040625
0 0.990625 0.252344 0.012500 0.042188
0 0.924219 0.305469 0.017188 0.057813
0 0.957031 0.353906 0.020313 0.051563
0 0.978125 0.285156 0.015625 0.035938
0 0.957031 0.420313 0.017188 0.059375
0 0.886719 0.377344 0.023438 0.054688
0 0.866406 0.499219 0.029688 0.085938
0 0.785938 0.424219 0.028125 0.079688
0 0.903125 0.264844 0.018750 0.045313
0 0.935938 0.257812 0.018750 0.046875
