0 0.202344 0.460938 0.045313 0.106250
0 0.257031 0.441406 0.045313 0.098438
0 0.323438 0.282813 0.021875 0.040625
0 0.379688 0.260156 0.021875 0.045313
0 0.421094 0.240625 0.023438 0.031250
0 0.455469 0.226562 0.023438 0.040625
0 0.462500 0.191406 0.021875 0.035938
0 0.481250 0.200781 0.021875 0.029688
0 0.470313 0.156250 0.012500 0.021875
0 0.475781 0.158594 0.014063 0.026563
0 0.490625 0.094531 0.018750 0.029688
0 0.503906 0.156250 0.014063 0.028125
0 0.540625 0.143750 0.018750 0.031250
0 0.548438 0.198438 0.021875 0.040625
0 0.559375 0.158594 0.015625 0.032813
0 0.592187 0.152344 0.018750 0.035938
0 0.530469 0.175000 0.020313 0.031250
0 0.439844 0.281250 0.026563 0.053125
0 0.485156 0.328906 0.029688 0.051563
0 0.664062 0.264844 0.021875 0.048438
0 0.700781 0.156250 0.017188 0.043750
0 0.722656 0.147656 0.014063 0.035938
0 0.741406 0.160156 0.017188 0.032813
0 0.760156 0.139063 0.017188 0.034375
0 0.769531 0.183594 0.017188 0.042188
0 0.811719 0.189844 0.020313 0.045313
0 0.826563 0.135938 0.012500 0.040625
0 0.882031 0.214844 0.017188 0.048438
0 0.774219 0.292187 0.023438 0.053125
0 0.728906 0.288281 0.026563 0.057813
