0 0.345313 0.542188 0.065625 0.131250
0 0.328906 0.198438 0.020313 0.034375
0 0.350000 0.196875 0.015625 0.034375
0 0.371094 0.187500 0.017188 0.028125
0 0.413281 0.174219 0.017188 0.032813
0 0.441406 0.175781 0.017188 0.029688
0 0.456250 0.233594 0.025000 0.032813
0 0.467188 0.177344 0.015625 0.026563
0 0.442188 0.150781 0.015625 0.029688
0 0.446094 0.140625 0.017188 0.025000
0 0.475781 0.156250 0.014063 0.031250
0 0.469531 0.143750 0.010938 0.028125
0 0.482031 0.142969 0.017188 0.023438
0 0.502344 0.132031 0.014063 0.023438
0 0.528125 0.127344 0.015625 0.023438
0 0.539844 0.142187 0.017188 0.031250
0 0.492188 0.187500 0.015625 0.040625
0 0.502344 0.189844 0.017188 0.039062
0 0.549219 0.197656 0.020313 0.039062
0 0.570312 0.135156 0.015625 0.029688
0 0.580469 0.126562 0.014063 0.031250
0 0.582813 0.139063 0.015625 0.028125
0 0.587500 0.166406 0.018750 0.029688
0 0.577344 0.183594 0.017188 0.035938
0 0.624219 0.169531 0.020313 0.035938
0 0.599219 0.135156 0.017188 0.032813
0 0.614844 0.104688 0.014063 0.028125
0 0.628906 0.120313 0.014063 0.028125
0 0.651563 0.136719 0.015625 0.032813
0 0.686719 0.147656 0.010938 0.023438
0 0.689844 0.112500 0.010938 0.028125
0 0.709375 0.121094 0.009375 0.029688
0 0.726562 0.140625 0.012500 0.031250
0 0.742969 0.146094 0.014063 0.026563
0 0.700781 0.178125 0.017188 0.037500
0 0.721094 0.179688 0.017188 0.043750
0 0.736719 0.179688 0.014063 0.037500
0 0.635938 0.210156 0.021875 0.051563
0 0.571094 0.235156 0.026563 0.051563
0 0.667969 0.224219 0.020313 0.054688
0 0.665625 0.198438 0.021875 0.043750
0 0.717969 0.237500 0.020313 0.050000
0 0.764844 0.132812 0.010938 0.025000
0 0.780469 0.150000 0.014063 0.031250
0 0.811719 0.155469 0.014063 0.026563
0 0.823438 0.135938 0.012500 0.025000
0 0.825000 0.167969 0.015625 0.032813
0 0.775781 0.182031 0.020313 0.039062
0 0.810156 0.199219 0.017188 0.039062
0 0.792969 0.167969 0.017188 0.032813
0 0.792188 0.235938 0.018750 0.046875
0 0.854688 0.194531 0.015625 0.042188
0 0.858594 0.143750 0.010938 0.028125
0 0.888281 0.164062 0.010938 0.028125
0 0.907813 0.167969 0.012500 0.032813
0 0.945312 0.171094 0.015625 0.026563
0 0.942969 0.206250 0.010938 0.028125
0 0.939844 0.229688 0.017188 0.034375
0 0.896875 0.204688 0.012500 0.031250
0 0.888281 0.230469 0.017188 0.039062
0 0.922656 0.264844 0.020313 0.042188
0 0.876563 0.269531 0.021875 0.051563
