0 0.784375 0.414062 0.043750 0.118750
0 0.783594 0.290625 0.023438 0.056250
0 0.910938 0.400000 0.037500 0.096875
0 0.984375 0.277344 0.031250 0.070312
0 0.904688 0.324219 0.021875 0.060938
0 0.882812 0.241406 0.015625 0.042188
0 0.890625 0.198438 0.012500 0.034375
0 0.927344 0.198438 0.014063 0.034375
0 0.912500 0.245313 0.015625 0.040625
0 0.912500 0.278125 0.018750 0.056250
0 0.730469 0.146875 0.014063 0.034375
0 0.720313 0.221875 0.018750 0.046875
0 0.664844 0.221094 0.017188 0.042188
0 0.629688 0.230469 0.021875 0.051563
0 0.653906 0.107031 0.010938 0.023438
0 0.619531 0.109375 0.007812 0.025000
0 0.579688 0.112500 0.009375 0.021875
0 0.597656 0.125000 0.017188 0.037500
0 0.533594 0.153125 0.014063 0.037500
0 0.557813 0.177344 0.018750 0.042188
0 0.416406 0.157031 0.010938 0.026563
0 0.450000 0.150000 0.012500 0.031250
0 0.475781 0.146094 0.014063 0.032813
0 0.489844 0.160938 0.014063 0.034375
0 0.470313 0.185938 0.012500 0.034375
0 0.449219 0.207813 0.017188 0.040625
0 0.415625 0.210938 0.018750 0.040625
0 0.392969 0.199219 0.017188 0.039062
0 0.341406 0.213281 0.017188 0.045313
0 0.367969 0.228906 0.017188 0.042188
0 0.389844 0.246875 0.017188 0.043750
0 0.257812 0.217969 0.018750 0.051563
0 0.205469 0.234375 0.020313 0.050000
0 0.125781 0.446094 0.051563 0.110938
