0 0.075781 0.612500 0.042188 0.071875
0 0.142969 0.610156 0.035938 0.067187
0 0.183594 0.735938 0.045313 0.075000
0 0.212500 0.612500 0.040625 0.071875
0 0.246875 0.584375 0.034375 0.065625
0 0.287500 0.709375 0.043750 0.068750
0 0.289062 0.598438 0.034375 0.065625
0 0.334375 0.646875 0.040625 0.075000
0 0.338281 0.566406 0.032813 0.067187
0 0.367188 0.570312 0.031250 0.062500
0 0.403125 0.585156 0.037500 0.070312
0 0.395313 0.709375 0.040625 0.068750
0 0.432813 0.551563 0.034375 0.065625
0 0.462500 0.579688 0.034375 0.065625
0 0.482031 0.546094 0.035938 0.067187
0 0.532813 0.541406 0.037500 0.070312
0 0.561719 0.598438 0.035938 0.071875
0 0.525000 0.713281 0.040625 0.085938
0 0.602344 0.707031 0.042188 0.070312
0 0.599219 0.551563 0.035938 0.065625
0 0.622656 0.527344 0.032813 0.051563
0 0.636719 0.578125 0.039062 0.068750
0 0.676563 0.534375 0.037500 0.071875
0 0.703125 0.587500 0.037500 0.068750
0 0.696875 0.692188 0.037500 0.075000
0 0.742969 0.543750 0.035938 0.065625
0 0.776563 0.596875 0.043750 0.078125
0 0.787500 0.697656 0.040625 0.076563
0 0.803906 0.528906 0.042188 0.064063
0 0.849219 0.544531 0.039062 0.060938
0 0.864063 0.701563 0.046875 0.081250
0 0.919531 0.583594 0.032813 0.064063
0 0.959375 0.550000 0.043750 0.075000
