0 0.978906 0.681250 0.042188 0.134375
0 0.873438 0.768750 0.065625 0.100000
0 0.921875 0.653125 0.043750 0.065625
0 0.910938 0.610156 0.046875 0.070312
0 0.796094 0.625781 0.039062 0.060938
0 0.611719 0.521875 0.051563 0.075000
0 0.571094 0.613281 0.029688 0.045313
0 0.496094 0.665625 0.026563 0.043750
0 0.467969 0.699219 0.026563 0.039062
0 0.397656 0.703906 0.032813 0.054688
0 0.346875 0.741406 0.040625 0.067187
0 0.262500 0.761719 0.046875 0.073438
0 0.234375 0.670313 0.025000 0.043750
0 0.338281 0.656250 0.026563 0.046875
0 0.372656 0.635156 0.026563 0.035938
0 0.234375 0.614844 0.021875 0.035938
0 0.214063 0.559375 0.018750 0.034375
0 0.186719 0.642969 0.026563 0.045313
0 0.183594 0.563281 0.023438 0.035938
0 0.124219 0.566406 0.026563 0.032813
0 0.093750 0.566406 0.021875 0.032813
0 0.077344 0.548438 0.014063 0.025000
0 0.067187 0.587500 0.025000 0.040625
0 0.038281 0.579688 0.023438 0.034375
0 0.037500 0.680469 0.034375 0.045313
0 0.103125 0.663281 0.028125 0.042188
