0 0.811719 0.328906 0.039062 0.089063
0 0.614063 0.109375 0.015625 0.028125
0 0.559375 0.120313 0.015625 0.025000
0 0.705469 0.127344 0.010938 0.020313
0 0.760156 0.132812 0.014063 0.025000
0 0.796875 0.135938 0.015625 0.025000
0 0.854688 0.152344 0.015625 0.035938
0 0.879688 0.159375 0.015625 0.034375
0 0.748438 0.143750 0.018750 0.028125
0 0.778906 0.142969 0.017188 0.029688
0 0.807031 0.160938 0.020313 0.028125
0 0.824219 0.161719 0.014063 0.026563
0 0.910938 0.181250 0.018750 0.031250
0 0.496094 0.135156 0.014063 0.023438
0 0.521875 0.139063 0.018750 0.021875
0 0.548438 0.145313 0.018750 0.018750
0 0.579688 0.134375 0.018750 0.031250
0 0.596875 0.143750 0.021875 0.028125
0 0.651563 0.142187 0.018750 0.034375
0 0.664062 0.128125 0.015625 0.025000
0 0.689063 0.182031 0.025000 0.042188
0 0.711719 0.154688 0.020313 0.028125
0 0.459375 0.153125 0.012500 0.025000
0 0.482813 0.161719 0.018750 0.029688
0 0.521875 0.175781 0.018750 0.039062
0 0.578125 0.190625 0.021875 0.028125
0 0.432813 0.173438 0.018750 0.031250
0 0.376563 0.189844 0.021875 0.029688
0 0.414844 0.182813 0.023438 0.037500
0 0.467969 0.215625 0.023438 0.031250
0 0.500000 0.204688 0.021875 0.034375
0 0.354688 0.203906 0.021875 0.035938
0 0.319531 0.207813 0.023438 0.037500
0 0.626563 0.214844 0.025000 0.045313
0 0.656250 0.198438 0.021875 0.040625
0 0.653125 0.238281 0.031250 0.054688
0 0.715625 0.188281 0.018750 0.039062
0 0.732031 0.178906 0.014063 0.039062
0 0.765625 0.189063 0.021875 0.037500
0 0.723438 0.224219 0.021875 0.042188
0 0.789062 0.204688 0.015625 0.037500
0 0.827344 0.185156 0.014063 0.032813
0 0.936719 0.176563 0.017188 0.028125
0 0.935156 0.228906 0.017188 0.042188
0 0.858594 0.210938 0.017188 0.034375
0 0.881250 0.233594 0.015625 0.051563
0 0.915625 0.251563 0.021875 0.043750
0 0.871875 0.278125 0.018750 0.034375
0 0.448438 0.249219 0.025000 0.032813
0 0.554688 0.282813 0.025000 0.040625
0 0.533594 0.225781 0.023438 0.039062
0 0.625000 0.176563 0.025000 0.025000
0 0.625000 0.156250 0.025000 0.021875
0 0.566406 0.156250 0.026563 0.025000
0 0.538281 0.189844 0.020313 0.029688
0 0.445312 0.210938 0.021875 0.037500
