0 0.121094 0.564844 0.051563 0.110938
0 0.253906 0.274219 0.017188 0.032813
0 0.283594 0.245313 0.020313 0.031250
0 0.310156 0.257031 0.017188 0.042188
0 0.384375 0.183594 0.015625 0.023438
0 0.412500 0.190625 0.018750 0.031250
0 0.432813 0.181250 0.015625 0.031250
0 0.425781 0.204688 0.020313 0.043750
0 0.400781 0.231250 0.017188 0.034375
0 0.385156 0.267969 0.020313 0.045313
0 0.361719 0.266406 0.020313 0.035938
0 0.453906 0.228125 0.020313 0.040625
0 0.478125 0.228906 0.018750 0.042188
0 0.469531 0.157813 0.014063 0.031250
0 0.475000 0.172656 0.015625 0.032813
0 0.507812 0.182813 0.018750 0.034375
0 0.507031 0.135156 0.010938 0.023438
0 0.519531 0.150781 0.014063 0.026563
0 0.532813 0.147656 0.018750 0.026563
0 0.559375 0.127344 0.018750 0.026563
0 0.585938 0.136719 0.018750 0.032813
0 0.596875 0.118750 0.015625 0.028125
0 0.600000 0.097656 0.012500 0.017188
0 0.619531 0.098438 0.007812 0.025000
0 0.643750 0.098438 0.009375 0.021875
0 0.666406 0.102344 0.010938 0.029688
0 0.702344 0.113281 0.010938 0.026563
0 0.646875 0.136719 0.009375 0.029688
0 0.617969 0.143750 0.014063 0.028125
0 0.579688 0.174219 0.018750 0.032813
0 0.532031 0.197656 0.020313 0.035938
0 0.546094 0.179688 0.014063 0.028125
0 0.759375 0.121094 0.015625 0.029688
0 0.771875 0.125781 0.012500 0.029688
0 0.782031 0.144531 0.017188 0.042188
0 0.805469 0.144531 0.014063 0.039062
0 0.832813 0.140625 0.012500 0.031250
0 0.844531 0.135156 0.014063 0.039062
0 0.864063 0.139844 0.012500 0.032813
0 0.900781 0.136719 0.010938 0.029688
0 0.935156 0.155469 0.010938 0.026563
0 0.889063 0.166406 0.018750 0.042188
0 0.861719 0.174219 0.017188 0.032813
0 0.825000 0.206250 0.018750 0.043750
0 0.782031 0.196094 0.020313 0.042188
0 0.758594 0.211719 0.017188 0.048438
0 0.731250 0.199219 0.018750 0.039062
0 0.697656 0.172656 0.017188 0.042188
0 0.686719 0.156250 0.017188 0.034375
0 0.654688 0.182813 0.015625 0.040625
0 0.678125 0.196875 0.015625 0.043750
0 0.617969 0.210938 0.020313 0.043750
0 0.565625 0.250000 0.018750 0.040625
0 0.617969 0.252344 0.020313 0.035938
0 0.564844 0.296875 0.026563 0.050000
0 0.507031 0.289062 0.023438 0.046875
0 0.633594 0.291406 0.023438 0.045313
0 0.707813 0.226562 0.018750 0.040625
0 0.698438 0.300781 0.028125 0.051563
0 0.732031 0.247656 0.020313 0.045313
0 0.753906 0.333594 0.029688 0.073438
0 0.786719 0.267969 0.023438 0.051563
0 0.804688 0.236719 0.018750 0.042188
0 0.812500 0.382812 0.037500 0.062500
0 0.835156 0.307031 0.023438 0.060938
0 0.866406 0.254688 0.020313 0.046875
0 0.876563 0.214063 0.015625 0.043750
0 0.925000 0.203906 0.015625 0.039062
0 0.917188 0.228906 0.018750 0.035938
0 0.928906 0.253906 0.017188 0.032813
0 0.912500 0.296875 0.025000 0.053125
0 0.882812 0.352344 0.028125 0.060938
0 0.756250 0.148438 0.018750 0.031250
