0 0.514844 0.281250 0.014063 0.028125
0 0.468750 0.294531 0.012500 0.020313
0 0.451563 0.293750 0.015625 0.025000
0 0.424219 0.308594 0.010938 0.020313
0 0.425781 0.280469 0.014063 0.020313
0 0.399219 0.292969 0.014063 0.023438
0 0.375781 0.293750 0.014063 0.025000
0 0.374219 0.312500 0.014063 0.031250
0 0.360156 0.331250 0.017188 0.025000
0 0.345313 0.297656 0.018750 0.026563
0 0.328906 0.264063 0.014063 0.025000
0 0.299219 0.266406 0.014063 0.026563
0 0.274219 0.271875 0.010938 0.021875
0 0.279688 0.322656 0.021875 0.032813
0 0.399219 0.398438 0.023438 0.037500
0 0.346094 0.487500 0.032813 0.059375
0 0.339844 0.387500 0.020313 0.043750
0 0.310938 0.457031 0.040625 0.076563
0 0.279688 0.444531 0.025000 0.051563
0 0.271875 0.371875 0.018750 0.034375
0 0.232031 0.335938 0.020313 0.037500
0 0.219531 0.460938 0.035938 0.065625
0 0.200000 0.434375 0.021875 0.037500
0 0.166406 0.421094 0.029688 0.045313
0 0.138281 0.371094 0.026563 0.039062
0 0.112500 0.416406 0.025000 0.035938
0 0.092969 0.308594 0.020313 0.032813
0 0.058594 0.438281 0.045313 0.054688
0 0.058594 0.501563 0.048438 0.078125
0 0.127344 0.620313 0.098438 0.125000
0 0.017188 0.372656 0.028125 0.045313
0 0.024219 0.353125 0.023438 0.034375
0 0.009375 0.291406 0.015625 0.029688
0 0.027344 0.232813 0.020313 0.037500
0 0.042969 0.282813 0.020313 0.031250
0 0.081250 0.226562 0.018750 0.031250
0 0.100000 0.257031 0.021875 0.032813
0 0.123438 0.299219 0.021875 0.032813
0 0.142969 0.269531 0.017188 0.026563
0 0.171094 0.260156 0.017188 0.026563
0 0.205469 0.255469 0.017188 0.032813
0 0.205469 0.292187 0.020313 0.028125
0 0.235156 0.278906 0.017188 0.029688
0 0.589844 0.364063 0.020313 0.037500
0 0.588281 0.404688 0.029688 0.050000
0 0.623438 0.435938 0.031250 0.059375
0 0.641406 0.507812 0.057813 0.106250
0 0.637500 0.350000 0.021875 0.043750
0 0.673438 0.386719 0.025000 0.051563
0 0.678906 0.349219 0.023438 0.032813
0 0.705469 0.325781 0.020313 0.029688
0 0.713281 0.345313 0.020313 0.034375
0 0.730469 0.373438 0.026563 0.046875
0 0.743750 0.432031 0.040625 0.064063
0 0.819531 0.446094 0.054688 0.095313
0 0.754688 0.357031 0.021875 0.035938
0 0.766406 0.335156 0.020313 0.035938
0 0.772656 0.312500 0.017188 0.031250
0 0.875781 0.322656 0.029688 0.051563
0 0.931250 0.402344 0.053125 0.082813
0 0.968750 0.314063 0.034375 0.056250
0 0.978125 0.382031 0.037500 0.073438
