0 0.128906 0.617188 0.029688 0.087500
0 0.075781 0.500781 0.023438 0.073438
0 0.061719 0.412500 0.023438 0.059375
0 0.044531 0.250781 0.017188 0.042188
0 0.046875 0.219531 0.015625 0.035938
0 0.131250 0.207813 0.015625 0.037500
0 0.160156 0.157813 0.014063 0.034375
0 0.171875 0.180469 0.015625 0.042188
0 0.189844 0.205469 0.014063 0.039062
0 0.178125 0.276562 0.015625 0.050000
0 0.220313 0.452344 0.031250 0.073438
0 0.231250 0.345313 0.021875 0.056250
0 0.244531 0.303906 0.017188 0.057813
0 0.214063 0.127344 0.012500 0.029688
0 0.221875 0.146875 0.012500 0.034375
0 0.253906 0.132812 0.010938 0.034375
0 0.292969 0.167969 0.017188 0.039062
0 0.292187 0.212500 0.018750 0.046875
0 0.304688 0.226562 0.015625 0.043750
0 0.345313 0.220313 0.018750 0.040625
0 0.384375 0.175000 0.015625 0.040625
0 0.364844 0.090625 0.014063 0.034375
0 0.403906 0.099219 0.014063 0.039062
0 0.416406 0.172656 0.014063 0.035938
0 0.467188 0.278906 0.018750 0.054688
0 0.477344 0.219531 0.020313 0.051563
0 0.541406 0.481250 0.026563 0.068750
0 0.561719 0.312500 0.023438 0.059375
0 0.613281 0.239844 0.017188 0.039062
0 0.682031 0.337500 0.023438 0.056250
0 0.789062 0.383594 0.025000 0.060938
0 0.857813 0.282813 0.015625 0.046875
0 0.875781 0.298438 0.017188 0.046875
0 0.931250 0.378125 0.018750 0.043750
0 0.817188 0.241406 0.015625 0.039062
0 0.778125 0.209375 0.015625 0.037500
0 0.705469 0.220313 0.017188 0.040625
0 0.714063 0.282813 0.018750 0.046875
0 0.657031 0.154688 0.014063 0.034375
0 0.620313 0.108594 0.012500 0.032813
0 0.595313 0.135156 0.015625 0.039062
0 0.575781 0.207813 0.020313 0.043750
0 0.555469 0.164062 0.014063 0.031250
0 0.500000 0.175000 0.015625 0.037500
0 0.471094 0.171094 0.014063 0.029688
0 0.464063 0.130469 0.015625 0.035938
0 0.483594 0.120313 0.014063 0.034375
0 0.482031 0.076563 0.014063 0.028125
0 0.512500 0.107813 0.012500 0.028125
0 0.543750 0.078125 0.012500 0.028125
0 0.582031 0.099219 0.014063 0.035938
0 0.434375 0.091406 0.012500 0.035938
