0 0.176563 0.842188 0.165625 0.296875
0 0.430469 0.788281 0.164062 0.289062
0 0.752344 0.584375 0.101562 0.196875
0 0.786719 0.480469 0.079688 0.135938
0 0.725781 0.346094 0.048438 0.085938
0 0.709375 0.269531 0.028125 0.057813
0 0.650000 0.272656 0.028125 0.054688
0 0.623438 0.325781 0.040625 0.064063
0 0.579688 0.275781 0.025000 0.048438
0 0.499219 0.271094 0.026563 0.051563
0 0.484375 0.334375 0.040625 0.084375
0 0.499219 0.413281 0.070312 0.107813
0 0.402344 0.249219 0.023438 0.048438
0 0.447656 0.250000 0.023438 0.050000
0 0.450000 0.311719 0.040625 0.076563
0 0.361719 0.342188 0.051563 0.090625
0 0.346094 0.262500 0.035938 0.071875
0 0.332031 0.240625 0.017188 0.031250
0 0.310156 0.253125 0.023438 0.034375
0 0.280469 0.232813 0.023438 0.040625
0 0.237500 0.284375 0.037500 0.065625
0 0.184375 0.348438 0.059375 0.100000
0 0.764063 0.310938 0.031250 0.053125
0 0.761719 0.275781 0.023438 0.045313
0 0.785156 0.290625 0.017188 0.043750
0 0.856250 0.374219 0.043750 0.076563
0 0.961719 0.351562 0.039062 0.065625
0 0.953125 0.312500 0.028125 0.050000
