0 0.034375 0.399219 0.028125 0.073438
0 0.267188 0.264844 0.015625 0.032813
0 0.291406 0.271094 0.020313 0.035938
0 0.314063 0.286719 0.018750 0.039062
0 0.326563 0.251563 0.018750 0.040625
0 0.316406 0.235938 0.014063 0.031250
0 0.353125 0.276562 0.021875 0.043750
0 0.354688 0.232031 0.015625 0.032813
0 0.410938 0.292187 0.021875 0.050000
0 0.421875 0.227344 0.018750 0.039062
0 0.380469 0.228125 0.017188 0.031250
0 0.382031 0.214844 0.014063 0.026563
0 0.391406 0.199219 0.014063 0.029688
0 0.470313 0.234375 0.018750 0.040625
0 0.455469 0.222656 0.017188 0.035938
0 0.434375 0.184375 0.015625 0.028125
0 0.441406 0.205469 0.017188 0.032813
0 0.459375 0.177344 0.015625 0.029688
0 0.467188 0.203906 0.015625 0.032813
0 0.507031 0.203125 0.017188 0.034375
0 0.485156 0.172656 0.014063 0.029688
0 0.477344 0.155469 0.014063 0.023438
0 0.492969 0.135938 0.010938 0.025000
0 0.513281 0.167188 0.014063 0.028125
0 0.542969 0.168750 0.014063 0.028125
0 0.550000 0.202344 0.018750 0.035938
0 0.569531 0.172656 0.017188 0.035938
0 0.535156 0.140625 0.014063 0.028125
0 0.560156 0.154688 0.014063 0.031250
0 0.567188 0.138281 0.012500 0.023438
0 0.573438 0.117969 0.009375 0.023438
0 0.592187 0.157031 0.012500 0.026563
0 0.617188 0.159375 0.015625 0.031250
0 0.589844 0.137500 0.010938 0.025000
0 0.594531 0.110156 0.010938 0.023438
0 0.617188 0.142969 0.012500 0.023438
0 0.614844 0.122656 0.014063 0.023438
0 0.629688 0.103906 0.009375 0.020313
0 0.644531 0.108594 0.010938 0.026563
0 0.656250 0.118750 0.012500 0.028125
0 0.673438 0.126562 0.012500 0.028125
0 0.706250 0.104688 0.012500 0.031250
0 0.605469 0.210156 0.020313 0.042188
0 0.574219 0.248438 0.020313 0.040625
0 0.497656 0.296094 0.023438 0.045313
0 0.550781 0.305469 0.023438 0.054688
0 0.614063 0.257031 0.025000 0.048438
0 0.611719 0.330469 0.032813 0.057813
0 0.667188 0.257031 0.025000 0.045313
0 0.683594 0.343750 0.029688 0.065625
0 0.713281 0.291406 0.026563 0.054688
0 0.666406 0.217188 0.020313 0.046875
0 0.713281 0.221875 0.020313 0.050000
0 0.660156 0.182031 0.017188 0.039062
0 0.690625 0.159375 0.015625 0.040625
0 0.710156 0.146094 0.014063 0.032813
0 0.706250 0.185938 0.018750 0.037500
0 0.742969 0.124219 0.014063 0.032813
0 0.750781 0.116406 0.010938 0.023438
0 0.751563 0.146094 0.012500 0.032813
0 0.738281 0.162500 0.014063 0.031250
0 0.753906 0.189063 0.017188 0.037500
0 0.761719 0.228125 0.020313 0.046875
0 0.782031 0.290625 0.023438 0.053125
0 0.775000 0.175000 0.015625 0.034375
0 0.771875 0.138281 0.012500 0.026563
0 0.788281 0.121875 0.010938 0.025000
0 0.807813 0.148438 0.009375 0.028125
0 0.824219 0.128906 0.010938 0.026563
0 0.831250 0.144531 0.012500 0.032813
0 0.818750 0.175000 0.012500 0.034375
0 0.802344 0.196094 0.014063 0.029688
0 0.850000 0.189844 0.015625 0.039062
0 0.855469 0.157813 0.014063 0.034375
0 0.870313 0.159375 0.012500 0.028125
0 0.875000 0.139063 0.012500 0.028125
0 0.903125 0.133594 0.012500 0.026563
0 0.895313 0.178906 0.012500 0.032813
0 0.884375 0.199219 0.015625 0.035938
0 0.869531 0.221875 0.017188 0.037500
0 0.926563 0.185156 0.015625 0.035938
0 0.924219 0.279688 0.020313 0.046875
0 0.938281 0.163281 0.014063 0.032813
