0 0.109375 0.330469 0.031250 0.073438
0 0.308594 0.208594 0.020313 0.039062
0 0.338281 0.239844 0.020313 0.045313
0 0.410938 0.245313 0.021875 0.040625
0 0.418750 0.167188 0.015625 0.031250
0 0.442969 0.165625 0.017188 0.031250
0 0.467188 0.166406 0.015625 0.032813
0 0.487500 0.190625 0.015625 0.031250
0 0.495313 0.165625 0.015625 0.031250
0 0.517188 0.200781 0.018750 0.039062
0 0.562500 0.193750 0.018750 0.037500
0 0.868750 0.243750 0.021875 0.043750
0 0.896875 0.202344 0.015625 0.032813
0 0.930469 0.246094 0.020313 0.045313
0 0.938281 0.213281 0.014063 0.035938
