0 0.030469 0.346875 0.045313 0.081250
0 0.122656 0.474219 0.107813 0.170313
0 0.143750 0.335938 0.037500 0.068750
0 0.193750 0.343750 0.037500 0.081250
0 0.217969 0.325000 0.026563 0.059375
0 0.260156 0.320312 0.042188 0.078125
0 0.289062 0.334375 0.025000 0.062500
0 0.231250 0.420313 0.056250 0.121875
0 0.352344 0.480469 0.126562 0.257812
0 0.353125 0.322656 0.028125 0.051563
0 0.396094 0.340625 0.039062 0.075000
0 0.435938 0.311719 0.028125 0.057813
0 0.616406 0.219531 0.026563 0.057813
0 0.664844 0.328125 0.051563 0.084375
0 0.932031 0.507031 0.095313 0.192188
0 0.957813 0.400000 0.078125 0.140625
0 0.921094 0.321094 0.039062 0.073438
0 0.907031 0.375781 0.042188 0.092188
