0 0.042188 0.778125 0.081250 0.225000
0 0.248438 0.900000 0.140625 0.200000
0 0.212500 0.660938 0.087500 0.131250
0 0.094531 0.504688 0.048438 0.084375
0 0.072656 0.458594 0.035938 0.051563
0 0.019531 0.489063 0.035938 0.084375
0 0.024219 0.451563 0.029688 0.056250
0 0.160938 0.483594 0.040625 0.060938
0 0.139063 0.434375 0.034375 0.050000
0 0.216406 0.450781 0.032813 0.048438
0 0.297656 0.467188 0.032813 0.053125
0 0.240625 0.467969 0.037500 0.060938
0 0.380469 0.560156 0.067187 0.107813
0 0.417969 0.541406 0.054688 0.092188
0 0.453906 0.676563 0.089063 0.150000
0 0.550781 0.614063 0.057813 0.100000
0 0.567969 0.565625 0.054688 0.075000
0 0.517188 0.473438 0.043750 0.062500
0 0.585938 0.454688 0.034375 0.062500
0 0.615625 0.492969 0.040625 0.054688
0 0.692969 0.495313 0.032813 0.056250
0 0.756250 0.710156 0.112500 0.170313
0 0.757812 0.624219 0.071875 0.120313
0 0.762500 0.531250 0.062500 0.087500
0 0.853125 0.507812 0.040625 0.062500
0 0.886719 0.527344 0.048438 0.076563
0 0.919531 0.566406 0.064063 0.098438
0 0.967969 0.635938 0.057813 0.131250
0 0.792188 0.906250 0.159375 0.187500
