0 0.036719 0.385156 0.023438 0.054688
0 0.258594 0.287500 0.014063 0.025000
0 0.283594 0.276562 0.014063 0.031250
0 0.299219 0.274219 0.014063 0.039062
0 0.331250 0.225000 0.015625 0.034375
0 0.348438 0.289062 0.018750 0.046875
0 0.320312 0.283594 0.015625 0.035938
0 0.375781 0.219531 0.014063 0.032813
0 0.425781 0.282031 0.020313 0.045313
0 0.462500 0.242188 0.018750 0.043750
0 0.450000 0.145313 0.012500 0.025000
0 0.411719 0.176563 0.014063 0.021875
0 0.475781 0.148438 0.014063 0.028125
0 0.476562 0.172656 0.015625 0.029688
0 0.489063 0.139844 0.012500 0.029688
0 0.508594 0.195312 0.014063 0.037500
0 0.511719 0.155469 0.014063 0.029688
0 0.532813 0.202344 0.015625 0.032813
0 0.551563 0.142969 0.015625 0.029688
0 0.558594 0.111719 0.010938 0.017188
0 0.588281 0.102344 0.010938 0.032813
0 0.600000 0.142187 0.012500 0.031250
0 0.649219 0.100781 0.010938 0.017188
0 0.654688 0.125000 0.018750 0.028125
0 0.486719 0.307031 0.023438 0.051563
0 0.537500 0.321094 0.021875 0.057813
0 0.558594 0.241406 0.020313 0.045313
0 0.609375 0.255469 0.025000 0.042188
0 0.603125 0.349219 0.028125 0.070312
0 0.678125 0.341406 0.025000 0.064063
0 0.628906 0.206250 0.017188 0.037500
0 0.646875 0.183594 0.015625 0.039062
0 0.660156 0.212500 0.014063 0.037500
0 0.660156 0.271094 0.023438 0.057813
0 0.715625 0.285156 0.021875 0.051563
0 0.781250 0.299219 0.018750 0.054688
0 0.678906 0.156250 0.014063 0.037500
0 0.746094 0.215625 0.017188 0.056250
0 0.856250 0.128125 0.012500 0.031250
0 0.817969 0.260156 0.017188 0.048438
0 0.869531 0.219531 0.020313 0.045313
0 0.842188 0.196875 0.015625 0.043750
0 0.898438 0.131250 0.012500 0.028125
0 0.891406 0.201563 0.014063 0.040625
0 0.924219 0.213281 0.017188 0.039062
0 0.924219 0.160938 0.010938 0.025000
0 0.918750 0.296875 0.021875 0.053125
0 0.924219 0.185156 0.014063 0.029688
0 0.828906 0.168750 0.010938 0.034375
0 0.806250 0.130469 0.009375 0.026563
0 0.825781 0.146094 0.014063 0.029688
0 0.795313 0.136719 0.009375 0.029688
0 0.775781 0.164844 0.014063 0.035938
0 0.797656 0.171875 0.014063 0.034375
0 0.754688 0.111719 0.009375 0.026563
0 0.765625 0.126562 0.009375 0.028125
0 0.775000 0.125781 0.009375 0.032813
0 0.735938 0.143750 0.018750 0.031250
0 0.700781 0.189844 0.014063 0.042188
0 0.705469 0.216406 0.020313 0.051563
0 0.732813 0.200000 0.015625 0.043750
0 0.687500 0.110156 0.012500 0.029688
0 0.308594 0.236719 0.010938 0.023438
0 0.404688 0.234375 0.018750 0.037500
0 0.458594 0.207813 0.014063 0.031250
0 0.520313 0.165625 0.009375 0.028125
0 0.536719 0.167969 0.014063 0.032813
0 0.564844 0.171875 0.017188 0.037500
0 0.628125 0.100000 0.009375 0.028125
0 0.621094 0.116406 0.010938 0.023438
