0 0.203125 0.355469 0.046875 0.085938
0 0.292969 0.225000 0.023438 0.037500
0 0.330469 0.235156 0.020313 0.042188
0 0.333594 0.212500 0.017188 0.031250
0 0.353125 0.196875 0.015625 0.031250
0 0.348438 0.177344 0.012500 0.029688
0 0.378125 0.197656 0.015625 0.035938
0 0.359375 0.245313 0.021875 0.040625
0 0.380469 0.248438 0.020313 0.037500
0 0.416406 0.241406 0.023438 0.042188
0 0.412500 0.218750 0.018750 0.031250
0 0.399219 0.191406 0.017188 0.032813
0 0.425781 0.145313 0.010938 0.025000
0 0.437500 0.166406 0.015625 0.026563
0 0.448438 0.147656 0.015625 0.029688
0 0.466406 0.164062 0.017188 0.034375
0 0.471094 0.136719 0.010938 0.023438
0 0.482813 0.175781 0.015625 0.032813
0 0.452344 0.217969 0.020313 0.039062
0 0.480469 0.226562 0.020313 0.040625
0 0.492969 0.149219 0.017188 0.032813
0 0.492969 0.130469 0.014063 0.023438
0 0.503125 0.115625 0.015625 0.031250
0 0.510938 0.140625 0.015625 0.031250
0 0.525000 0.125000 0.012500 0.031250
0 0.534375 0.178125 0.015625 0.034375
0 0.496875 0.283594 0.028125 0.060938
0 0.548438 0.293750 0.031250 0.065625
0 0.567188 0.233594 0.025000 0.045313
0 0.557031 0.176563 0.017188 0.031250
0 0.553125 0.156250 0.015625 0.031250
0 0.565625 0.150000 0.012500 0.034375
0 0.584375 0.165625 0.018750 0.037500
0 0.547656 0.145313 0.010938 0.025000
0 0.549219 0.125000 0.014063 0.025000
0 0.583594 0.116406 0.010938 0.032813
0 0.595313 0.132812 0.012500 0.031250
0 0.619531 0.163281 0.017188 0.032813
0 0.625000 0.125781 0.012500 0.029688
0 0.607031 0.113281 0.014063 0.029688
0 0.638281 0.104688 0.010938 0.025000
0 0.646875 0.132031 0.012500 0.032813
0 0.652344 0.117969 0.014063 0.023438
0 0.664844 0.103906 0.007812 0.023438
0 0.682813 0.117188 0.012500 0.025000
0 0.688281 0.100000 0.014063 0.021875
0 0.613281 0.242969 0.023438 0.048438
0 0.618750 0.225000 0.018750 0.034375
0 0.611719 0.321094 0.029688 0.057813
0 0.703906 0.314844 0.029688 0.060938
0 0.687500 0.245313 0.021875 0.056250
0 0.671094 0.179688 0.020313 0.040625
0 0.698438 0.157813 0.015625 0.031250
0 0.714063 0.178125 0.018750 0.040625
0 0.717969 0.110938 0.010938 0.028125
0 0.748438 0.135938 0.015625 0.034375
0 0.770313 0.157031 0.015625 0.032813
0 0.758594 0.185156 0.017188 0.039062
0 0.717969 0.232031 0.023438 0.048438
0 0.728906 0.194531 0.017188 0.039062
0 0.760156 0.273438 0.023438 0.050000
0 0.732813 0.285938 0.025000 0.053125
0 0.752344 0.368750 0.032813 0.065625
0 0.778125 0.310156 0.025000 0.054688
0 0.813281 0.283594 0.023438 0.060938
0 0.833594 0.307031 0.026563 0.064063
0 0.801563 0.218750 0.018750 0.043750
0 0.792969 0.171875 0.017188 0.037500
0 0.873438 0.260937 0.018750 0.050000
0 0.878125 0.225781 0.018750 0.048438
0 0.917969 0.330469 0.023438 0.057813
0 0.920313 0.289062 0.021875 0.050000
0 0.895313 0.414062 0.037500 0.078125
0 0.816406 0.394531 0.039062 0.076563
0 0.929688 0.210938 0.012500 0.037500
