0 0.119531 0.556250 0.045313 0.084375
0 0.217969 0.335156 0.020313 0.039062
0 0.247656 0.340625 0.023438 0.040625
0 0.270313 0.379688 0.021875 0.046875
0 0.278125 0.309375 0.025000 0.043750
0 0.324219 0.367969 0.029688 0.057813
0 0.344531 0.329688 0.023438 0.046875
0 0.343750 0.297656 0.018750 0.032813
0 0.378906 0.337500 0.020313 0.040625
0 0.403906 0.330469 0.023438 0.039062
0 0.400000 0.297656 0.021875 0.032813
0 0.383594 0.262500 0.017188 0.031250
0 0.441406 0.339063 0.026563 0.050000
0 0.426563 0.314063 0.018750 0.037500
0 0.419531 0.258594 0.014063 0.029688
0 0.439844 0.267969 0.017188 0.032813
0 0.469531 0.307031 0.020313 0.039062
0 0.466406 0.264844 0.017188 0.029688
0 0.460938 0.239063 0.018750 0.028125
0 0.500781 0.260937 0.017188 0.031250
0 0.518750 0.277344 0.015625 0.032813
0 0.517969 0.246875 0.014063 0.028125
0 0.539062 0.246875 0.018750 0.034375
0 0.555469 0.280469 0.017188 0.032813
0 0.578125 0.257812 0.018750 0.031250
0 0.572656 0.231250 0.014063 0.021875
0 0.568750 0.219531 0.012500 0.026563
0 0.604688 0.221094 0.015625 0.026563
0 0.589063 0.235156 0.009375 0.026563
0 0.600781 0.251563 0.014063 0.028125
0 0.611719 0.206250 0.010938 0.025000
0 0.628906 0.214063 0.014063 0.031250
0 0.642188 0.223438 0.015625 0.028125
0 0.642969 0.239844 0.017188 0.032813
0 0.673438 0.230469 0.012500 0.029688
0 0.689063 0.225781 0.015625 0.026563
0 0.673438 0.205469 0.015625 0.029688
0 0.476562 0.407813 0.031250 0.062500
0 0.536719 0.349219 0.026563 0.048438
0 0.500000 0.328906 0.021875 0.042188
0 0.542969 0.407031 0.032813 0.054688
0 0.587500 0.446875 0.037500 0.068750
0 0.603906 0.384375 0.035938 0.062500
0 0.599219 0.328906 0.023438 0.042188
0 0.641406 0.464063 0.039062 0.081250
0 0.667188 0.366406 0.028125 0.045313
0 0.650781 0.345313 0.020313 0.053125
0 0.637500 0.303125 0.021875 0.046875
0 0.669531 0.280469 0.020313 0.042188
0 0.698438 0.301563 0.021875 0.046875
0 0.710156 0.299219 0.020313 0.045313
0 0.709375 0.252344 0.018750 0.035938
0 0.736719 0.252344 0.017188 0.035938
0 0.753125 0.231250 0.012500 0.034375
0 0.771875 0.276562 0.015625 0.037500
0 0.789062 0.267188 0.018750 0.037500
0 0.786719 0.239844 0.014063 0.035938
0 0.767969 0.260937 0.017188 0.034375
0 0.817969 0.240625 0.017188 0.040625
0 0.824219 0.302344 0.020313 0.042188
0 0.818750 0.286719 0.018750 0.029688
0 0.819531 0.356250 0.026563 0.056250
0 0.794531 0.434375 0.029688 0.062500
0 0.721875 0.403125 0.034375 0.056250
0 0.693750 0.367969 0.028125 0.051563
0 0.839844 0.515625 0.039062 0.081250
0 0.703125 0.539844 0.040625 0.070312
0 0.869531 0.387500 0.026563 0.053125
0 0.852344 0.462500 0.032813 0.065625
0 0.932031 0.464063 0.035938 0.071875
0 0.923438 0.391406 0.025000 0.054688
0 0.940625 0.355469 0.018750 0.042188
0 0.947656 0.328906 0.020313 0.039062
0 0.949219 0.277344 0.017188 0.035938
0 0.925781 0.308594 0.017188 0.035938
0 0.891406 0.315625 0.020313 0.043750
0 0.855469 0.314063 0.020313 0.037500
0 0.863281 0.271875 0.017188 0.037500
0 0.850781 0.257031 0.017188 0.032813
0 0.876563 0.255469 0.015625 0.035938
0 0.902344 0.273438 0.014063 0.037500
