0 0.107813 0.623438 0.046875 0.071875
0 0.060938 0.575781 0.037500 0.048438
0 0.112500 0.574219 0.034375 0.045313
0 0.180469 0.553906 0.029688 0.042188
0 0.198438 0.628125 0.043750 0.075000
0 0.174219 0.814063 0.082813 0.128125
0 0.248438 0.589844 0.037500 0.067187
0 0.226562 0.558594 0.028125 0.039062
0 0.255469 0.544531 0.023438 0.045313
0 0.304688 0.553906 0.028125 0.042188
0 0.327344 0.615625 0.035938 0.068750
0 0.373438 0.576562 0.034375 0.050000
0 0.432813 0.683594 0.062500 0.107813
0 0.439063 0.584375 0.034375 0.053125
0 0.454688 0.552344 0.028125 0.045313
0 0.521875 0.563281 0.028125 0.035938
0 0.462500 0.441406 0.028125 0.045313
0 0.547656 0.692969 0.064063 0.120313
0 0.581250 0.626563 0.046875 0.084375
0 0.701563 0.634375 0.053125 0.081250
0 0.697656 0.591406 0.039062 0.051563
0 0.721875 0.568750 0.028125 0.053125
0 0.766406 0.599219 0.042188 0.067187
0 0.809375 0.573438 0.031250 0.056250
