0 0.046875 0.434375 0.028125 0.059375
0 0.260937 0.269531 0.018750 0.029688
0 0.275781 0.267188 0.017188 0.037500
0 0.317188 0.244531 0.018750 0.042188
0 0.332813 0.219531 0.018750 0.035938
0 0.338281 0.250781 0.020313 0.035938
0 0.364844 0.286719 0.020313 0.042188
0 0.389844 0.292187 0.023438 0.046875
0 0.355469 0.257812 0.017188 0.031250
0 0.360938 0.223438 0.021875 0.040625
0 0.384375 0.185156 0.018750 0.035938
0 0.397656 0.214844 0.017188 0.032813
0 0.409375 0.178125 0.015625 0.034375
0 0.420313 0.198438 0.015625 0.040625
0 0.442188 0.195312 0.018750 0.037500
0 0.455469 0.221875 0.023438 0.037500
0 0.473438 0.232031 0.025000 0.045313
0 0.476562 0.195312 0.021875 0.037500
0 0.460938 0.148438 0.018750 0.021875
0 0.476562 0.166406 0.018750 0.029688
0 0.517188 0.186719 0.018750 0.035938
0 0.533594 0.216406 0.020313 0.045313
0 0.504688 0.132812 0.012500 0.025000
0 0.551563 0.154688 0.015625 0.031250
0 0.578906 0.219531 0.020313 0.045313
0 0.502344 0.295313 0.026563 0.056250
0 0.577344 0.295313 0.029688 0.065625
0 0.569531 0.125781 0.014063 0.026563
0 0.588281 0.125000 0.014063 0.034375
0 0.585156 0.164062 0.017188 0.031250
0 0.601562 0.142969 0.015625 0.026563
0 0.618750 0.144531 0.012500 0.026563
0 0.617969 0.116406 0.010938 0.026563
0 0.650000 0.121094 0.012500 0.023438
0 0.645313 0.143750 0.015625 0.025000
0 0.614063 0.198438 0.018750 0.031250
0 0.658594 0.179688 0.017188 0.034375
0 0.671094 0.197656 0.020313 0.035938
0 0.674219 0.153906 0.014063 0.029688
0 0.682031 0.126562 0.014063 0.034375
0 0.692969 0.146875 0.017188 0.031250
0 0.722656 0.166406 0.017188 0.035938
0 0.710156 0.153906 0.010938 0.026563
0 0.700000 0.182031 0.018750 0.039062
0 0.627344 0.243750 0.029688 0.053125
0 0.613281 0.300781 0.032813 0.064063
0 0.662500 0.281250 0.025000 0.053125
0 0.705469 0.288281 0.026563 0.057813
0 0.726562 0.226562 0.021875 0.043750
0 0.735938 0.198438 0.018750 0.034375
0 0.743750 0.115625 0.015625 0.031250
0 0.757031 0.135156 0.017188 0.035938
0 0.770313 0.129688 0.012500 0.031250
0 0.782813 0.142969 0.015625 0.026563
0 0.781250 0.171094 0.018750 0.035938
0 0.767969 0.167188 0.014063 0.031250
0 0.769531 0.204688 0.020313 0.043750
0 0.758594 0.241406 0.023438 0.051563
0 0.771094 0.280469 0.026563 0.057813
0 0.828906 0.208594 0.023438 0.048438
0 0.847656 0.321875 0.032813 0.056250
0 0.861719 0.236719 0.023438 0.048438
0 0.843750 0.195312 0.018750 0.040625
0 0.839844 0.153125 0.017188 0.034375
0 0.860156 0.159375 0.014063 0.043750
0 0.888281 0.162500 0.014063 0.031250
0 0.896875 0.159375 0.009375 0.021875
0 0.901563 0.182813 0.015625 0.031250
0 0.893750 0.207813 0.018750 0.037500
0 0.909375 0.232813 0.018750 0.043750
0 0.921094 0.256250 0.023438 0.050000
