0 0.085156 0.660156 0.079688 0.110938
0 0.082813 0.519531 0.034375 0.042188
0 0.155469 0.503906 0.029688 0.039062
0 0.177344 0.479688 0.023438 0.037500
0 0.260937 0.503906 0.025000 0.039062
0 0.296094 0.490625 0.023438 0.031250
0 0.234375 0.590625 0.059375 0.078125
0 0.389063 0.494531 0.021875 0.039062
0 0.421875 0.485156 0.028125 0.029688
0 0.404688 0.542969 0.037500 0.057813
0 0.448438 0.528906 0.028125 0.045313
0 0.523438 0.484375 0.021875 0.031250
0 0.508594 0.501563 0.032813 0.040625
0 0.839844 0.423438 0.073438 0.093750
