0 0.200000 0.353125 0.043750 0.093750
0 0.285938 0.253906 0.025000 0.045313
0 0.316406 0.217969 0.014063 0.026563
0 0.317969 0.266406 0.017188 0.032813
0 0.339063 0.269531 0.018750 0.035938
0 0.346875 0.221875 0.018750 0.034375
0 0.372656 0.210156 0.014063 0.032813
0 0.380469 0.230469 0.020313 0.029688
0 0.392188 0.199219 0.021875 0.045313
0 0.432031 0.285156 0.023438 0.054688
0 0.425000 0.215625 0.021875 0.040625
0 0.427344 0.174219 0.017188 0.029688
0 0.442188 0.196094 0.018750 0.035938
0 0.461719 0.216406 0.017188 0.035938
0 0.464063 0.189844 0.018750 0.032813
0 0.451563 0.173438 0.018750 0.028125
0 0.453125 0.148438 0.015625 0.025000
0 0.474219 0.153906 0.014063 0.035938
0 0.497656 0.190625 0.020313 0.034375
0 0.505469 0.176563 0.017188 0.028125
0 0.489844 0.130469 0.014063 0.026563
0 0.526563 0.141406 0.018750 0.032813
0 0.552344 0.160938 0.017188 0.034375
0 0.547656 0.193750 0.020313 0.040625
0 0.576562 0.165625 0.015625 0.037500
0 0.557031 0.122656 0.014063 0.032813
0 0.584375 0.118750 0.015625 0.025000
0 0.582813 0.138281 0.015625 0.023438
0 0.593750 0.101562 0.015625 0.025000
0 0.609375 0.116406 0.012500 0.026563
0 0.619531 0.100000 0.014063 0.025000
0 0.622656 0.139844 0.017188 0.032813
0 0.639063 0.110938 0.012500 0.028125
0 0.651563 0.100781 0.015625 0.032813
0 0.669531 0.119531 0.017188 0.029688
0 0.693750 0.098438 0.015625 0.034375
0 0.658594 0.163281 0.023438 0.045313
0 0.667188 0.200000 0.021875 0.053125
0 0.608594 0.210938 0.026563 0.046875
0 0.611719 0.253906 0.029688 0.054688
0 0.564844 0.249219 0.026563 0.048438
0 0.548438 0.307031 0.034375 0.064063
0 0.495313 0.299219 0.028125 0.051563
0 0.683594 0.328906 0.032813 0.064063
0 0.612500 0.338281 0.037500 0.070312
0 0.667188 0.251563 0.018750 0.050000
0 0.711719 0.222656 0.023438 0.048438
0 0.720313 0.283594 0.031250 0.067187
0 0.772656 0.286719 0.026563 0.054688
0 0.699219 0.179688 0.017188 0.040625
0 0.697656 0.143750 0.017188 0.037500
0 0.714063 0.135156 0.018750 0.045313
0 0.737500 0.128125 0.015625 0.034375
0 0.750781 0.143750 0.014063 0.034375
0 0.738281 0.162500 0.017188 0.037500
0 0.750781 0.189063 0.017188 0.046875
0 0.761719 0.178906 0.014063 0.039062
0 0.768750 0.132031 0.015625 0.032813
0 0.756250 0.105469 0.015625 0.026563
0 0.804688 0.177344 0.021875 0.042188
0 0.814063 0.127344 0.012500 0.032813
0 0.807031 0.142187 0.014063 0.021875
0 0.834375 0.137500 0.015625 0.037500
0 0.828125 0.168750 0.015625 0.037500
0 0.849219 0.188281 0.017188 0.048438
0 0.868750 0.165625 0.018750 0.037500
0 0.870313 0.135938 0.015625 0.028125
0 0.882812 0.185938 0.021875 0.046875
0 0.874219 0.227344 0.023438 0.051563
0 0.919531 0.279688 0.023438 0.059375
0 0.925000 0.185938 0.018750 0.040625
0 0.899219 0.167188 0.014063 0.034375
0 0.903906 0.132031 0.014063 0.029688
0 0.928125 0.149219 0.015625 0.032813
