0 0.093750 0.571094 0.096875 0.160938
0 0.075000 0.620313 0.090625 0.150000
0 0.208594 0.589844 0.104688 0.185938
0 0.055469 0.448438 0.042188 0.071875
0 0.070312 0.423438 0.046875 0.075000
0 0.150781 0.423438 0.039062 0.056250
0 0.166406 0.405469 0.035938 0.064063
0 0.207031 0.403125 0.035938 0.053125
0 0.246875 0.403906 0.043750 0.070312
0 0.322656 0.362500 0.029688 0.056250
0 0.335156 0.317969 0.029688 0.051563
0 0.350000 0.513281 0.065625 0.110938
0 0.361719 0.448438 0.051563 0.078125
0 0.404688 0.476562 0.050000 0.106250
0 0.439844 0.469531 0.064063 0.092188
0 0.475000 0.461719 0.050000 0.082813
0 0.357813 0.390625 0.028125 0.053125
0 0.375000 0.385938 0.028125 0.050000
0 0.535938 0.445312 0.046875 0.071875
0 0.501563 0.431250 0.034375 0.059375
0 0.584375 0.443750 0.040625 0.065625
0 0.621094 0.478125 0.051563 0.081250
0 0.587500 0.389063 0.021875 0.037500
0 0.603125 0.405469 0.028125 0.051563
0 0.638281 0.418750 0.026563 0.040625
0 0.659375 0.409375 0.031250 0.046875
0 0.696875 0.412500 0.034375 0.050000
0 0.623438 0.314063 0.031250 0.050000
0 0.902344 0.353125 0.045313 0.065625
