0 0.279688 0.257031 0.015625 0.029688
0 0.294531 0.267969 0.017188 0.029688
0 0.372656 0.264844 0.014063 0.035938
0 0.361719 0.222656 0.014063 0.029688
0 0.366406 0.200000 0.017188 0.028125
0 0.407813 0.228906 0.025000 0.057813
0 0.441406 0.229688 0.017188 0.040625
0 0.466406 0.231250 0.017188 0.037500
0 0.445312 0.189844 0.012500 0.032813
0 0.409375 0.174219 0.012500 0.020313
0 0.397656 0.196875 0.014063 0.034375
0 0.462500 0.157813 0.012500 0.025000
0 0.465625 0.194531 0.015625 0.023438
0 0.519531 0.200000 0.020313 0.031250
0 0.486719 0.203906 0.014063 0.032813
0 0.489063 0.169531 0.015625 0.029688
0 0.504688 0.132812 0.009375 0.025000
0 0.540625 0.134375 0.012500 0.021875
0 0.551563 0.127344 0.012500 0.023438
0 0.562500 0.136719 0.012500 0.026563
0 0.586719 0.171094 0.014063 0.029688
0 0.539062 0.192188 0.015625 0.021875
0 0.525000 0.171875 0.012500 0.021875
0 0.600000 0.160156 0.012500 0.026563
0 0.579688 0.141406 0.012500 0.026563
0 0.584375 0.125000 0.012500 0.028125
0 0.592969 0.104688 0.010938 0.021875
0 0.607813 0.114844 0.012500 0.023438
0 0.638281 0.107813 0.010938 0.021875
0 0.639063 0.136719 0.012500 0.023438
0 0.650000 0.136719 0.012500 0.023438
0 0.665625 0.116406 0.012500 0.026563
0 0.696094 0.107031 0.010938 0.029688
0 0.614063 0.218750 0.018750 0.037500
0 0.522656 0.280469 0.020313 0.045313
0 0.558594 0.258594 0.017188 0.035938
0 0.561719 0.300781 0.020313 0.042188
0 0.602344 0.331250 0.023438 0.053125
0 0.610156 0.264844 0.020313 0.045313
0 0.671094 0.210938 0.017188 0.037500
0 0.654688 0.175000 0.015625 0.034375
0 0.671875 0.167188 0.012500 0.031250
0 0.686719 0.183594 0.014063 0.029688
0 0.693750 0.229688 0.018750 0.034375
0 0.678125 0.308594 0.028125 0.045313
0 0.743750 0.354688 0.031250 0.062500
0 0.785938 0.393750 0.028125 0.075000
0 0.889063 0.360938 0.028125 0.071875
0 0.907813 0.301563 0.021875 0.059375
0 0.907031 0.260156 0.017188 0.032813
0 0.917969 0.233594 0.017188 0.045313
0 0.913281 0.204688 0.017188 0.040625
0 0.918750 0.158594 0.012500 0.026563
0 0.811719 0.313281 0.026563 0.051563
0 0.762500 0.273438 0.025000 0.050000
0 0.724219 0.254688 0.023438 0.046875
0 0.722656 0.200000 0.020313 0.034375
0 0.760938 0.215625 0.018750 0.043750
0 0.777344 0.203125 0.014063 0.031250
0 0.798438 0.242969 0.021875 0.039062
0 0.816406 0.208594 0.017188 0.032813
0 0.867969 0.208594 0.014063 0.035938
0 0.862500 0.254688 0.018750 0.046875
0 0.889844 0.185156 0.014063 0.032813
0 0.882031 0.168750 0.014063 0.028125
0 0.889063 0.147656 0.015625 0.032813
0 0.850000 0.167188 0.012500 0.028125
0 0.854688 0.136719 0.012500 0.023438
0 0.821875 0.142969 0.012500 0.023438
0 0.826563 0.128125 0.012500 0.021875
0 0.792969 0.158594 0.014063 0.029688
0 0.774219 0.167188 0.014063 0.031250
0 0.744531 0.153906 0.014063 0.029688
0 0.760938 0.131250 0.012500 0.028125
0 0.736719 0.121094 0.014063 0.026563
