0 0.080469 0.560156 0.026563 0.060938
0 0.128906 0.585938 0.026563 0.056250
0 0.134375 0.708594 0.037500 0.067187
0 0.200000 0.717188 0.028125 0.056250
0 0.182813 0.577344 0.028125 0.054688
0 0.164844 0.553906 0.026563 0.054688
0 0.210938 0.572656 0.021875 0.051563
0 0.233594 0.580469 0.020313 0.054688
0 0.255469 0.582031 0.026563 0.057813
0 0.270313 0.749219 0.031250 0.067187
0 0.289844 0.599219 0.026563 0.051563
0 0.285156 0.562500 0.026563 0.050000
0 0.308594 0.592187 0.026563 0.056250
0 0.330469 0.572656 0.026563 0.051563
0 0.342188 0.577344 0.021875 0.054688
0 0.326563 0.719531 0.034375 0.067187
0 0.364844 0.587500 0.023438 0.053125
0 0.377344 0.587500 0.023438 0.053125
0 0.397656 0.575781 0.026563 0.051563
0 0.424219 0.568750 0.023438 0.050000
0 0.399219 0.717188 0.039062 0.078125
0 0.460938 0.736719 0.031250 0.060938
0 0.453906 0.577344 0.020313 0.054688
0 0.478125 0.585156 0.021875 0.060938
0 0.490625 0.572656 0.018750 0.051563
0 0.506250 0.575781 0.021875 0.051563
0 0.518750 0.711719 0.031250 0.060938
0 0.535156 0.577344 0.023438 0.060938
0 0.566406 0.585156 0.020313 0.060938
0 0.590625 0.602344 0.025000 0.057813
0 0.590625 0.570312 0.018750 0.040625
0 0.582813 0.720313 0.031250 0.071875
0 0.630469 0.710156 0.029688 0.070312
0 0.614844 0.582031 0.023438 0.051563
0 0.632812 0.560937 0.018750 0.046875
0 0.650000 0.575781 0.021875 0.051563
0 0.672656 0.585938 0.020313 0.050000
0 0.685156 0.570312 0.020313 0.040625
0 0.699219 0.592187 0.023438 0.056250
0 0.713281 0.587500 0.020313 0.046875
0 0.730469 0.564063 0.020313 0.046875
0 0.739844 0.594531 0.026563 0.060938
0 0.683594 0.740625 0.023438 0.056250
0 0.739844 0.725781 0.029688 0.060938
0 0.767188 0.592187 0.021875 0.043750
0 0.796875 0.603906 0.021875 0.054688
0 0.822656 0.591406 0.023438 0.060938
0 0.847656 0.592187 0.023438 0.056250
0 0.862500 0.736719 0.031250 0.067187
0 0.809375 0.736719 0.028125 0.067187
0 0.899219 0.602344 0.023438 0.051563
0 0.888281 0.576562 0.020313 0.043750
0 0.945312 0.574219 0.031250 0.060938
