0 0.115625 0.387500 0.043750 0.075000
0 0.063281 0.471875 0.023438 0.050000
0 0.023438 0.494531 0.034375 0.048438
0 0.111719 0.581250 0.060938 0.096875
0 0.101562 0.534375 0.050000 0.075000
0 0.027344 0.553125 0.042188 0.081250
0 0.177344 0.535938 0.048438 0.103125
0 0.207813 0.483594 0.040625 0.057813
0 0.228906 0.591406 0.060938 0.110938
0 0.279688 0.482031 0.028125 0.048438
0 0.292969 0.540625 0.042188 0.081250
0 0.370313 0.483594 0.028125 0.045313
0 0.445312 0.710938 0.112500 0.162500
0 0.436719 0.627344 0.082813 0.114063
0 0.479688 0.482813 0.040625 0.071875
0 0.541406 0.392969 0.029688 0.048438
0 0.598438 0.400781 0.028125 0.048438
0 0.552344 0.638281 0.073438 0.126562
0 0.594531 0.488281 0.035938 0.054688
0 0.652344 0.588281 0.064063 0.107813
0 0.714844 0.391406 0.017188 0.039062
0 0.808594 0.534375 0.045313 0.068750
0 0.820312 0.509375 0.046875 0.078125
0 0.955469 0.605469 0.064063 0.095313
0 0.946875 0.546875 0.046875 0.075000
