0 0.192969 0.323438 0.035938 0.081250
0 0.321875 0.214063 0.015625 0.037500
0 0.383594 0.192969 0.020313 0.045313
0 0.388281 0.169531 0.017188 0.039062
0 0.424219 0.216406 0.020313 0.048438
0 0.410938 0.275000 0.025000 0.053125
0 0.401563 0.209375 0.021875 0.043750
0 0.431250 0.157031 0.015625 0.032813
0 0.450781 0.164062 0.017188 0.037500
0 0.457031 0.179688 0.017188 0.037500
0 0.457031 0.209375 0.020313 0.046875
0 0.470313 0.239844 0.021875 0.048438
0 0.478125 0.132031 0.012500 0.029688
0 0.492969 0.138281 0.014063 0.029688
0 0.478906 0.179688 0.020313 0.043750
0 0.508594 0.204688 0.020313 0.037500
0 0.524219 0.168750 0.020313 0.034375
0 0.535156 0.197656 0.023438 0.039062
0 0.552344 0.172656 0.017188 0.029688
0 0.554688 0.133594 0.012500 0.026563
0 0.559375 0.135938 0.012500 0.028125
0 0.567969 0.146094 0.017188 0.039062
0 0.589844 0.172656 0.020313 0.035938
0 0.595313 0.148438 0.018750 0.028125
0 0.585156 0.117969 0.014063 0.029688
0 0.633594 0.125000 0.010938 0.021875
0 0.635156 0.107813 0.010938 0.021875
0 0.689063 0.120313 0.012500 0.031250
0 0.710938 0.130469 0.012500 0.032813
0 0.596875 0.264844 0.021875 0.054688
0 0.614844 0.257812 0.026563 0.059375
0 0.643750 0.225000 0.021875 0.046875
0 0.681250 0.199219 0.021875 0.039062
0 0.719531 0.182813 0.017188 0.037500
0 0.735156 0.189063 0.014063 0.034375
0 0.725000 0.161719 0.018750 0.035938
0 0.731250 0.152344 0.012500 0.032813
0 0.752344 0.150781 0.014063 0.029688
0 0.770313 0.164844 0.015625 0.035938
0 0.792188 0.142969 0.015625 0.035938
0 0.800781 0.161719 0.014063 0.032813
0 0.798438 0.183594 0.018750 0.035938
0 0.799219 0.216406 0.017188 0.045313
0 0.762500 0.200781 0.018750 0.042188
0 0.759375 0.260937 0.021875 0.053125
0 0.735938 0.294531 0.031250 0.057813
0 0.654688 0.415625 0.034375 0.059375
0 0.839063 0.315625 0.028125 0.065625
0 0.850000 0.271094 0.021875 0.051563
0 0.844531 0.226562 0.020313 0.040625
0 0.830469 0.121875 0.023438 0.053125
0 0.875000 0.104688 0.018750 0.046875
0 0.902344 0.212500 0.020313 0.043750
0 0.889063 0.242188 0.021875 0.050000
0 0.880469 0.289062 0.023438 0.059375
0 0.914062 0.336719 0.025000 0.067187
0 0.940625 0.239063 0.018750 0.037500
0 0.964063 0.150781 0.018750 0.045313
0 0.932031 0.116406 0.017188 0.035938
0 0.975781 0.128906 0.017188 0.032813
0 0.988281 0.150000 0.014063 0.037500
