0 0.285156 0.606250 0.126562 0.209375
0 0.224219 0.396875 0.076563 0.121875
0 0.334375 0.314063 0.062500 0.100000
0 0.471875 0.425781 0.078125 0.114063
0 0.582031 0.379688 0.064063 0.115625
0 0.567969 0.558594 0.110938 0.154688
0 0.811719 0.553125 0.095313 0.162500
0 0.944531 0.450000 0.089063 0.150000
0 0.880469 0.072656 0.095313 0.120313
0 0.778906 0.347656 0.070312 0.092188
0 0.822656 0.330469 0.045313 0.067187
0 0.583594 0.246094 0.057813 0.073438
0 0.523438 0.246875 0.043750 0.075000
0 0.553125 0.242969 0.034375 0.057813
0 0.439063 0.222656 0.037500 0.064063
0 0.404688 0.248438 0.046875 0.068750
0 0.350000 0.196094 0.034375 0.057813
0 0.304688 0.210156 0.034375 0.057813
0 0.139063 0.266406 0.046875 0.082813
0 0.168750 0.212500 0.040625 0.071875
0 0.085938 0.184375 0.040625 0.068750
0 0.038281 0.221875 0.051563 0.071875
0 0.046094 0.314063 0.067187 0.100000
