0 0.142187 0.541406 0.037500 0.073438
0 0.225781 0.339063 0.014063 0.034375
0 0.255469 0.359375 0.017188 0.043750
0 0.281250 0.314063 0.015625 0.031250
0 0.285938 0.360938 0.018750 0.043750
0 0.314844 0.386719 0.023438 0.039062
0 0.342969 0.298438 0.017188 0.021875
0 0.342188 0.328906 0.015625 0.032813
0 0.379688 0.263281 0.012500 0.026563
0 0.371875 0.350000 0.015625 0.037500
0 0.402344 0.332813 0.017188 0.037500
0 0.394531 0.299219 0.010938 0.026563
0 0.414062 0.279688 0.018750 0.031250
0 0.415625 0.260937 0.012500 0.021875
0 0.450000 0.246875 0.018750 0.025000
0 0.454688 0.241406 0.009375 0.026563
0 0.450000 0.311719 0.015625 0.029688
0 0.437500 0.353906 0.018750 0.035938
0 0.489844 0.273438 0.014063 0.034375
0 0.506250 0.273438 0.015625 0.034375
0 0.534375 0.245313 0.012500 0.028125
0 0.550781 0.219531 0.010938 0.026563
0 0.536719 0.285938 0.010938 0.037500
0 0.490625 0.330469 0.018750 0.029688
0 0.564844 0.260937 0.014063 0.034375
0 0.592969 0.208594 0.010938 0.023438
0 0.587500 0.232031 0.015625 0.032813
0 0.584375 0.254688 0.012500 0.028125
0 0.608594 0.217188 0.014063 0.028125
0 0.620313 0.228125 0.012500 0.028125
0 0.642188 0.219531 0.012500 0.032813
0 0.657031 0.223438 0.014063 0.040625
0 0.674219 0.224219 0.010938 0.026563
0 0.686719 0.254688 0.014063 0.034375
0 0.650000 0.280469 0.018750 0.029688
0 0.614844 0.306250 0.020313 0.034375
0 0.582031 0.337500 0.023438 0.037500
0 0.516406 0.380469 0.020313 0.039062
0 0.456250 0.409375 0.021875 0.043750
0 0.516406 0.435938 0.023438 0.050000
0 0.623438 0.354688 0.018750 0.040625
0 0.572656 0.447656 0.026563 0.067187
0 0.617969 0.473438 0.032813 0.062500
0 0.643750 0.364063 0.025000 0.040625
0 0.664844 0.320312 0.023438 0.046875
0 0.689844 0.300000 0.017188 0.037500
0 0.710938 0.250000 0.012500 0.034375
0 0.728125 0.233594 0.015625 0.023438
0 0.726562 0.257812 0.018750 0.040625
0 0.664062 0.368750 0.025000 0.043750
0 0.698438 0.402344 0.031250 0.054688
0 0.678906 0.532813 0.032813 0.068750
0 0.759375 0.244531 0.018750 0.032813
0 0.738281 0.296875 0.020313 0.034375
0 0.753125 0.279688 0.021875 0.040625
0 0.783594 0.245313 0.014063 0.028125
0 0.789844 0.273438 0.023438 0.037500
0 0.821094 0.256250 0.010938 0.028125
0 0.795313 0.302344 0.018750 0.032813
0 0.787500 0.356250 0.018750 0.050000
0 0.828125 0.360156 0.021875 0.048438
0 0.848438 0.263281 0.012500 0.032813
0 0.829688 0.279688 0.018750 0.043750
0 0.864844 0.280469 0.014063 0.035938
0 0.903125 0.307813 0.021875 0.046875
0 0.906250 0.282031 0.012500 0.023438
0 0.869531 0.347656 0.017188 0.035938
0 0.881250 0.346875 0.018750 0.043750
0 0.883594 0.478125 0.026563 0.059375
0 0.749219 0.434375 0.020313 0.050000
0 0.786719 0.510156 0.032813 0.067187
0 0.820312 0.462500 0.025000 0.050000
0 0.855469 0.325781 0.023438 0.048438
0 0.839063 0.335938 0.015625 0.046875
0 0.819531 0.329688 0.020313 0.050000
0 0.446094 0.273438 0.014063 0.028125
0 0.900000 0.364063 0.025000 0.040625
0 0.571875 0.409375 0.028125 0.046875
0 0.558594 0.216406 0.010938 0.017188
0 0.795313 0.341406 0.018750 0.042188
