0 0.171094 0.497656 0.042188 0.070312
0 0.278125 0.244531 0.015625 0.032813
0 0.271094 0.278906 0.017188 0.029688
0 0.323438 0.220313 0.015625 0.031250
0 0.328906 0.242188 0.014063 0.031250
0 0.336719 0.226562 0.014063 0.028125
0 0.360938 0.250000 0.021875 0.037500
0 0.323438 0.280469 0.021875 0.032813
0 0.359375 0.227344 0.015625 0.032813
0 0.385156 0.192188 0.014063 0.034375
0 0.396875 0.222656 0.018750 0.035938
0 0.392969 0.264063 0.017188 0.043750
0 0.405469 0.267969 0.020313 0.045313
0 0.408594 0.186719 0.014063 0.029688
0 0.421875 0.192969 0.012500 0.035938
0 0.446094 0.178906 0.014063 0.026563
0 0.450781 0.187500 0.014063 0.031250
0 0.449219 0.233594 0.020313 0.042188
0 0.481250 0.238281 0.025000 0.045313
0 0.461719 0.153906 0.010938 0.023438
0 0.482813 0.146094 0.012500 0.026563
0 0.482813 0.197656 0.015625 0.029688
0 0.498438 0.184375 0.018750 0.034375
0 0.496094 0.212500 0.020313 0.034375
0 0.515625 0.215625 0.021875 0.037500
0 0.533594 0.178125 0.020313 0.040625
0 0.563281 0.130469 0.014063 0.029688
0 0.557813 0.157031 0.015625 0.032813
0 0.575781 0.178906 0.017188 0.045313
0 0.597656 0.150000 0.014063 0.025000
0 0.584375 0.139844 0.012500 0.029688
0 0.632031 0.132812 0.010938 0.028125
0 0.665625 0.132812 0.012500 0.028125
0 0.643750 0.150000 0.015625 0.028125
0 0.617188 0.155469 0.012500 0.029688
0 0.620313 0.206250 0.018750 0.040625
0 0.582031 0.228906 0.023438 0.042188
0 0.520313 0.298438 0.025000 0.050000
0 0.586719 0.297656 0.026563 0.051563
0 0.624219 0.244531 0.020313 0.048438
0 0.639063 0.312500 0.028125 0.056250
0 0.662500 0.210156 0.018750 0.039062
0 0.684375 0.214063 0.015625 0.040625
0 0.693750 0.153906 0.015625 0.029688
0 0.705469 0.145313 0.014063 0.031250
0 0.727344 0.137500 0.014063 0.028125
0 0.729688 0.170313 0.015625 0.034375
0 0.725781 0.205469 0.017188 0.045313
0 0.705469 0.226562 0.020313 0.046875
0 0.672656 0.247656 0.020313 0.048438
0 0.714844 0.273438 0.026563 0.053125
0 0.760938 0.136719 0.012500 0.026563
0 0.766406 0.161719 0.014063 0.035938
0 0.782813 0.156250 0.012500 0.031250
0 0.801563 0.168750 0.015625 0.034375
0 0.827344 0.157813 0.014063 0.028125
0 0.842969 0.175000 0.014063 0.034375
0 0.842969 0.204688 0.014063 0.037500
0 0.892969 0.164844 0.010938 0.029688
0 0.882812 0.176563 0.012500 0.031250
0 0.880469 0.198438 0.017188 0.034375
0 0.912500 0.230469 0.018750 0.048438
0 0.921094 0.261719 0.020313 0.051563
0 0.857813 0.257812 0.018750 0.046875
0 0.826563 0.228125 0.018750 0.040625
0 0.844531 0.318750 0.023438 0.056250
0 0.770313 0.207031 0.018750 0.048438
0 0.757031 0.236719 0.020313 0.054688
0 0.782813 0.259375 0.021875 0.053125
