0 0.139063 0.534375 0.043750 0.081250
0 0.236719 0.342188 0.017188 0.031250
0 0.260156 0.392969 0.023438 0.039062
0 0.289062 0.383594 0.025000 0.051563
0 0.292187 0.322656 0.018750 0.032813
0 0.348438 0.362500 0.025000 0.050000
0 0.329688 0.338281 0.018750 0.039062
0 0.364844 0.332813 0.020313 0.031250
0 0.364844 0.303906 0.017188 0.029688
0 0.402344 0.265625 0.017188 0.031250
0 0.422656 0.341406 0.023438 0.039062
0 0.393750 0.350000 0.025000 0.046875
0 0.457031 0.338281 0.020313 0.042188
0 0.442969 0.311719 0.020313 0.032813
0 0.420313 0.304688 0.018750 0.034375
0 0.422656 0.274219 0.017188 0.029688
0 0.439844 0.264844 0.014063 0.029688
0 0.452344 0.283594 0.017188 0.039062
0 0.482813 0.317969 0.021875 0.042188
0 0.485938 0.273438 0.018750 0.037500
0 0.479688 0.242969 0.015625 0.029688
0 0.525000 0.266406 0.021875 0.039062
0 0.516406 0.340625 0.026563 0.043750
0 0.542969 0.281250 0.017188 0.043750
0 0.564063 0.257031 0.015625 0.039062
0 0.576562 0.289062 0.015625 0.034375
0 0.596094 0.270313 0.017188 0.031250
0 0.573438 0.226562 0.012500 0.025000
0 0.588281 0.221875 0.014063 0.031250
0 0.592969 0.246094 0.017188 0.029688
0 0.621094 0.254688 0.017188 0.031250
0 0.634375 0.212500 0.012500 0.031250
0 0.649219 0.212500 0.014063 0.031250
0 0.656250 0.256250 0.018750 0.034375
0 0.644531 0.238281 0.017188 0.029688
0 0.693750 0.211719 0.015625 0.023438
0 0.699219 0.242188 0.017188 0.031250
0 0.710156 0.225781 0.017188 0.032813
0 0.693750 0.276562 0.015625 0.034375
0 0.495313 0.414062 0.034375 0.065625
0 0.556250 0.364063 0.028125 0.053125
0 0.550000 0.433594 0.037500 0.064063
0 0.611719 0.457813 0.035938 0.071875
0 0.659375 0.461719 0.040625 0.076563
0 0.630469 0.371875 0.029688 0.056250
0 0.621094 0.327344 0.023438 0.048438
0 0.654688 0.301563 0.021875 0.046875
0 0.668750 0.350000 0.021875 0.043750
0 0.681250 0.368750 0.028125 0.056250
0 0.704688 0.317188 0.018750 0.040625
0 0.727344 0.307031 0.020313 0.039062
0 0.729688 0.257031 0.015625 0.035938
0 0.714063 0.365625 0.021875 0.050000
0 0.747656 0.407031 0.029688 0.054688
0 0.727344 0.539062 0.039062 0.075000
0 0.837500 0.588281 0.037500 0.082813
0 0.798438 0.428125 0.034375 0.062500
0 0.870313 0.470313 0.034375 0.062500
0 0.762500 0.256250 0.018750 0.034375
0 0.773438 0.245313 0.012500 0.031250
0 0.805469 0.286719 0.017188 0.039062
0 0.799219 0.268750 0.014063 0.031250
0 0.812500 0.269531 0.015625 0.035938
0 0.807813 0.246875 0.012500 0.031250
0 0.838281 0.248438 0.017188 0.037500
0 0.853125 0.275781 0.018750 0.039062
0 0.843750 0.298438 0.015625 0.031250
0 0.858594 0.341406 0.020313 0.042188
0 0.845313 0.365625 0.025000 0.053125
0 0.889063 0.403906 0.031250 0.057813
0 0.939844 0.457813 0.029688 0.065625
0 0.955469 0.367188 0.020313 0.053125
0 0.956250 0.326563 0.015625 0.040625
0 0.966406 0.307813 0.017188 0.037500
0 0.971875 0.291406 0.015625 0.032813
0 0.910938 0.262500 0.012500 0.031250
0 0.875000 0.264844 0.015625 0.032813
0 0.889063 0.278906 0.018750 0.039062
0 0.875000 0.333594 0.021875 0.045313
0 0.902344 0.346094 0.020313 0.048438
0 0.918750 0.327344 0.018750 0.042188
0 0.928906 0.305469 0.017188 0.032813
