0 0.875781 0.146094 0.010938 0.032813
0 0.889063 0.192188 0.012500 0.031250
0 0.892969 0.215625 0.017188 0.043750
0 0.928906 0.258594 0.020313 0.048438
0 0.875781 0.253125 0.020313 0.050000
0 0.859375 0.328906 0.021875 0.060938
0 0.854688 0.192188 0.015625 0.037500
0 0.794531 0.284375 0.020313 0.062500
0 0.843750 0.217969 0.018750 0.045313
0 0.834375 0.232031 0.018750 0.048438
0 0.789062 0.194531 0.015625 0.042188
0 0.803125 0.155469 0.012500 0.035938
0 0.810938 0.178906 0.015625 0.039062
0 0.821094 0.169531 0.014063 0.035938
0 0.735156 0.157031 0.014063 0.032813
0 0.758594 0.153125 0.014063 0.034375
0 0.771875 0.174219 0.015625 0.035938
0 0.758594 0.225000 0.020313 0.043750
0 0.728906 0.222656 0.017188 0.042188
0 0.742969 0.262500 0.026563 0.056250
0 0.746875 0.350781 0.031250 0.070312
0 0.684375 0.320312 0.025000 0.075000
0 0.674219 0.252344 0.020313 0.054688
0 0.630469 0.235156 0.023438 0.054688
0 0.655469 0.225000 0.020313 0.043750
0 0.653906 0.171875 0.017188 0.037500
0 0.693750 0.207813 0.015625 0.037500
0 0.688281 0.174219 0.014063 0.029688
0 0.678906 0.127344 0.010938 0.026563
0 0.650781 0.125000 0.014063 0.028125
0 0.617969 0.102344 0.010938 0.023438
0 0.596094 0.163281 0.010938 0.029688
0 0.589063 0.147656 0.012500 0.032813
0 0.615625 0.146875 0.012500 0.031250
0 0.624219 0.139844 0.010938 0.026563
0 0.507031 0.132812 0.007812 0.018750
0 0.552344 0.154688 0.014063 0.028125
0 0.548438 0.195312 0.015625 0.037500
0 0.533594 0.177344 0.017188 0.035938
0 0.519531 0.191406 0.017188 0.039062
0 0.579688 0.238281 0.021875 0.042188
0 0.495313 0.209375 0.018750 0.037500
0 0.450781 0.160938 0.010938 0.028125
0 0.462500 0.169531 0.012500 0.035938
0 0.455469 0.228125 0.014063 0.043750
0 0.500000 0.297656 0.021875 0.048438
0 0.550000 0.319531 0.028125 0.051563
0 0.371094 0.209375 0.017188 0.031250
0 0.405469 0.192188 0.010938 0.028125
0 0.425000 0.217188 0.015625 0.040625
0 0.407813 0.282031 0.018750 0.048438
0 0.365625 0.281250 0.015625 0.046875
0 0.335156 0.226562 0.014063 0.040625
0 0.363281 0.250000 0.017188 0.034375
0 0.321875 0.260937 0.012500 0.034375
0 0.333594 0.263281 0.017188 0.042188
0 0.282031 0.253125 0.014063 0.028125
0 0.277344 0.270313 0.017188 0.034375
0 0.203125 0.427344 0.040625 0.092188
