0 0.841406 0.115625 0.010938 0.025000
0 0.867969 0.123438 0.007812 0.025000
0 0.853906 0.144531 0.010938 0.029688
0 0.889063 0.144531 0.012500 0.026563
0 0.904688 0.142969 0.009375 0.023438
0 0.928906 0.153906 0.007812 0.020313
0 0.925000 0.200000 0.015625 0.037500
0 0.931250 0.232031 0.015625 0.039062
0 0.884375 0.182031 0.015625 0.039062
0 0.877344 0.196094 0.017188 0.039062
0 0.866406 0.256250 0.020313 0.040625
0 0.914844 0.293750 0.020313 0.059375
0 0.896875 0.361719 0.021875 0.064063
0 0.846094 0.292969 0.026563 0.064063
0 0.795313 0.364844 0.028125 0.064063
0 0.769531 0.263281 0.023438 0.054688
0 0.748438 0.332031 0.028125 0.067187
0 0.812500 0.132031 0.015625 0.035938
0 0.818750 0.146094 0.015625 0.035938
0 0.794531 0.140625 0.014063 0.034375
0 0.825781 0.194531 0.014063 0.045313
0 0.810156 0.242188 0.020313 0.046875
0 0.778906 0.190625 0.023438 0.053125
0 0.739063 0.178125 0.015625 0.040625
0 0.750781 0.217188 0.020313 0.050000
0 0.708594 0.223438 0.017188 0.043750
0 0.697656 0.282031 0.023438 0.048438
0 0.689844 0.311719 0.029688 0.067187
0 0.693750 0.185156 0.018750 0.039062
0 0.670313 0.169531 0.015625 0.039062
0 0.662500 0.204688 0.018750 0.043750
0 0.690625 0.146094 0.015625 0.026563
0 0.701563 0.096875 0.009375 0.021875
0 0.672656 0.102344 0.010938 0.023438
0 0.595313 0.103125 0.009375 0.025000
0 0.619531 0.100781 0.010938 0.020313
0 0.638281 0.102344 0.010938 0.023438
0 0.655469 0.115625 0.010938 0.025000
0 0.647656 0.131250 0.010938 0.025000
0 0.601562 0.150781 0.012500 0.026563
0 0.610156 0.126562 0.010938 0.021875
0 0.557031 0.110938 0.010938 0.021875
0 0.561719 0.125000 0.010938 0.025000
0 0.574219 0.161719 0.010938 0.026563
0 0.529687 0.127344 0.009375 0.020313
0 0.546094 0.169531 0.014063 0.029688
0 0.520313 0.164844 0.012500 0.026563
0 0.510156 0.129688 0.007812 0.021875
0 0.472656 0.157031 0.010938 0.029688
0 0.450781 0.150781 0.007812 0.023438
0 0.446875 0.182813 0.012500 0.028125
0 0.445312 0.221875 0.015625 0.037500
0 0.481250 0.181250 0.012500 0.034375
0 0.491406 0.158594 0.014063 0.029688
0 0.489844 0.191406 0.017188 0.035938
0 0.489063 0.300000 0.025000 0.050000
0 0.522656 0.195312 0.014063 0.043750
0 0.534375 0.323438 0.025000 0.053125
0 0.561719 0.257812 0.020313 0.046875
0 0.615625 0.202344 0.015625 0.039062
0 0.610156 0.317188 0.023438 0.056250
0 0.255469 0.260937 0.014063 0.034375
0 0.279688 0.249219 0.015625 0.026563
0 0.329688 0.203125 0.015625 0.031250
0 0.363281 0.192188 0.010938 0.031250
0 0.359375 0.239844 0.025000 0.051563
0 0.387500 0.267969 0.012500 0.035938
0 0.409375 0.182813 0.015625 0.034375
0 0.393750 0.210938 0.015625 0.040625
0 0.389844 0.196875 0.014063 0.034375
