0 0.174219 0.280469 0.320312 0.557813
0 0.367969 0.271094 0.048438 0.067187
0 0.432813 0.357813 0.025000 0.034375
0 0.419531 0.329688 0.026563 0.040625
0 0.507812 0.298438 0.021875 0.037500
0 0.551563 0.310938 0.025000 0.050000
0 0.567969 0.254688 0.020313 0.040625
0 0.632812 0.292969 0.018750 0.023438
0 0.657031 0.294531 0.017188 0.035938
0 0.712500 0.234375 0.021875 0.037500
0 0.728125 0.260937 0.025000 0.037500
0 0.776563 0.242188 0.025000 0.037500
0 0.828906 0.268750 0.026563 0.040625
0 0.942188 0.395313 0.050000 0.078125
0 0.951563 0.353125 0.043750 0.046875
0 0.936719 0.308594 0.023438 0.042188
0 0.966406 0.282813 0.017188 0.040625
0 0.917969 0.282031 0.020313 0.032813
0 0.893750 0.276562 0.015625 0.028125
