0 0.946094 0.178906 0.010938 0.032813
0 0.939844 0.216406 0.014063 0.035938
0 0.933594 0.235938 0.014063 0.040625
0 0.930469 0.250000 0.014063 0.040625
0 0.925781 0.282813 0.020313 0.050000
0 0.888281 0.231250 0.017188 0.037500
0 0.892969 0.207813 0.017188 0.040625
0 0.905469 0.189844 0.010938 0.035938
0 0.910938 0.172656 0.009375 0.032813
0 0.917969 0.172656 0.007812 0.029688
0 0.904688 0.335156 0.018750 0.064063
0 0.857031 0.295313 0.020313 0.043750
0 0.878906 0.157031 0.014063 0.035938
0 0.876563 0.170313 0.012500 0.034375
0 0.867969 0.181250 0.014063 0.034375
0 0.855469 0.196094 0.014063 0.042188
0 0.843750 0.214063 0.015625 0.040625
0 0.844531 0.160938 0.010938 0.031250
0 0.830469 0.181250 0.014063 0.034375
0 0.792969 0.208594 0.017188 0.039062
0 0.803125 0.178906 0.012500 0.032813
0 0.813281 0.205469 0.014063 0.035938
0 0.808594 0.282813 0.020313 0.050000
0 0.815625 0.266406 0.015625 0.039062
0 0.839063 0.359375 0.028125 0.065625
0 0.750000 0.341406 0.028125 0.070312
0 0.757812 0.127344 0.012500 0.029688
0 0.757031 0.150000 0.014063 0.034375
0 0.771875 0.125000 0.009375 0.028125
0 0.785156 0.137500 0.010938 0.028125
0 0.777344 0.182813 0.014063 0.034375
0 0.744531 0.180469 0.010938 0.032813
0 0.718750 0.225000 0.018750 0.040625
0 0.703906 0.203906 0.014063 0.042188
0 0.711719 0.168750 0.014063 0.037500
0 0.725781 0.143750 0.014063 0.034375
0 0.700000 0.125781 0.009375 0.029688
0 0.709375 0.127344 0.009375 0.023438
0 0.675781 0.123438 0.007812 0.021875
0 0.679688 0.178906 0.015625 0.042188
0 0.646094 0.203125 0.017188 0.043750
0 0.667969 0.214844 0.017188 0.048438
0 0.674219 0.258594 0.017188 0.045313
0 0.661719 0.105469 0.007812 0.023438
0 0.635156 0.105469 0.007812 0.023438
0 0.614063 0.107031 0.009375 0.020313
0 0.641406 0.144531 0.010938 0.026563
0 0.654688 0.156250 0.012500 0.025000
0 0.629688 0.141406 0.012500 0.029688
0 0.654688 0.131250 0.009375 0.021875
0 0.628906 0.121094 0.010938 0.023438
0 0.594531 0.123438 0.007812 0.025000
0 0.607031 0.142969 0.014063 0.032813
0 0.578906 0.139063 0.010938 0.031250
0 0.578906 0.182813 0.014063 0.037500
0 0.561719 0.174219 0.010938 0.032813
0 0.592969 0.244531 0.020313 0.051563
0 0.624219 0.246094 0.020313 0.048438
0 0.625781 0.293750 0.029688 0.065625
0 0.682813 0.339063 0.028125 0.068750
0 0.585938 0.282031 0.025000 0.054688
0 0.528125 0.288281 0.021875 0.054688
0 0.539062 0.184375 0.015625 0.034375
0 0.536719 0.157031 0.014063 0.032813
0 0.513281 0.130469 0.010938 0.023438
0 0.491406 0.143750 0.010938 0.025000
0 0.507812 0.153906 0.012500 0.032813
0 0.463281 0.139063 0.010938 0.031250
0 0.443750 0.150000 0.009375 0.028125
0 0.469531 0.153125 0.014063 0.028125
0 0.424219 0.182813 0.010938 0.031250
0 0.410938 0.209375 0.015625 0.040625
0 0.450781 0.181250 0.014063 0.037500
0 0.479688 0.195312 0.015625 0.040625
0 0.450000 0.211719 0.015625 0.042188
0 0.479688 0.241406 0.021875 0.039062
0 0.141406 0.403125 0.042188 0.087500
0 0.325781 0.199219 0.014063 0.029688
0 0.355469 0.200000 0.010938 0.034375
0 0.317969 0.237500 0.014063 0.034375
