0 0.099219 0.481250 0.057813 0.093750
0 0.100000 0.394531 0.043750 0.073438
0 0.185938 0.579688 0.071875 0.103125
0 0.332031 0.698438 0.135938 0.200000
0 0.150781 0.205469 0.032813 0.051563
0 0.305469 0.336719 0.039062 0.048438
0 0.394531 0.335156 0.045313 0.051563
0 0.407813 0.301563 0.031250 0.043750
0 0.491406 0.320312 0.042188 0.065625
0 0.605469 0.379688 0.057813 0.075000
0 0.600781 0.308594 0.042188 0.073438
0 0.594531 0.247656 0.029688 0.048438
0 0.644531 0.244531 0.029688 0.054688
0 0.659375 0.264844 0.028125 0.045313
0 0.754688 0.247656 0.034375 0.054688
0 0.790625 0.257031 0.037500 0.051563
0 0.861719 0.236719 0.035938 0.054688
0 0.761719 0.344531 0.051563 0.085938
0 0.910938 0.442188 0.093750 0.140625
0 0.979688 0.253125 0.040625 0.075000
