0 0.251563 0.454688 0.034375 0.053125
0 0.070312 0.642969 0.056250 0.073438
0 0.243750 0.865625 0.168750 0.234375
0 0.305469 0.685156 0.092188 0.139063
0 0.282813 0.621094 0.059375 0.064063
0 0.306250 0.603125 0.046875 0.068750
0 0.364844 0.577344 0.029688 0.051563
0 0.383594 0.608594 0.035938 0.057813
0 0.417969 0.632812 0.051563 0.075000
0 0.476562 0.688281 0.075000 0.110938
0 0.605469 0.839063 0.104688 0.168750
0 0.650781 0.695312 0.079688 0.112500
0 0.594531 0.599219 0.048438 0.064063
0 0.532031 0.639063 0.045313 0.056250
0 0.498438 0.614844 0.037500 0.039062
0 0.455469 0.573438 0.039062 0.050000
0 0.542969 0.566406 0.035938 0.057813
0 0.632031 0.578125 0.032813 0.043750
0 0.709375 0.589844 0.043750 0.064063
0 0.690625 0.635156 0.050000 0.064063
0 0.827344 0.674219 0.070312 0.104688
0 0.954688 0.709375 0.090625 0.156250
0 0.892969 0.642969 0.064063 0.098438
0 0.889844 0.594531 0.042188 0.048438
0 0.872656 0.567188 0.032813 0.040625
0 0.825000 0.629688 0.043750 0.056250
0 0.792969 0.600000 0.039062 0.046875
0 0.800781 0.572656 0.032813 0.042188
0 0.934375 0.569531 0.037500 0.051563
0 0.962500 0.591406 0.040625 0.054688
0 0.985938 0.559375 0.031250 0.059375
