0 0.018750 0.529687 0.031250 0.053125
0 0.064063 0.642188 0.050000 0.071875
0 0.046094 0.625781 0.032813 0.060938
0 0.225000 0.520313 0.025000 0.043750
0 0.258594 0.510938 0.026563 0.046875
0 0.324219 0.667969 0.060938 0.104688
0 0.396875 0.713281 0.078125 0.117188
0 0.425781 0.660156 0.039062 0.070312
0 0.471094 0.672656 0.051563 0.095313
0 0.460938 0.505469 0.021875 0.039062
0 0.531250 0.666406 0.040625 0.073438
0 0.545312 0.741406 0.078125 0.110938
0 0.570312 0.840625 0.134375 0.190625
0 0.571875 0.678906 0.046875 0.079688
0 0.719531 0.664062 0.051563 0.090625
0 0.754688 0.739844 0.075000 0.104688
0 0.774219 0.812500 0.110938 0.168750
0 0.846094 0.742188 0.070312 0.093750
0 0.827344 0.697656 0.060938 0.085938
0 0.900781 0.549219 0.032813 0.067187
0 0.970313 0.690625 0.062500 0.103125
