0 0.092969 0.417969 0.076563 0.120313
0 0.053906 0.460156 0.085938 0.110938
0 0.057813 0.533594 0.112500 0.129688
0 0.041406 0.614844 0.070312 0.160938
0 0.381250 0.304688 0.075000 0.112500
0 0.453125 0.328125 0.078125 0.134375
0 0.518750 0.304688 0.090625 0.112500
0 0.549219 0.367969 0.114063 0.185938
0 0.699219 0.421875 0.179688 0.253125
0 0.622656 0.256250 0.073438 0.103125
0 0.687500 0.057031 0.050000 0.076563
0 0.795313 0.275000 0.103125 0.159375
0 0.722656 0.254688 0.073438 0.112500
0 0.662500 0.241406 0.053125 0.085938
0 0.932813 0.178125 0.071875 0.106250
