0 0.045313 0.191406 0.012500 0.035938
0 0.075000 0.416406 0.018750 0.045313
0 0.071875 0.490625 0.018750 0.053125
0 0.135938 0.589063 0.025000 0.065625
0 0.207031 0.428906 0.020313 0.060938
0 0.118750 0.223438 0.012500 0.037500
0 0.171094 0.257812 0.014063 0.040625
0 0.163281 0.176563 0.017188 0.037500
0 0.181250 0.182813 0.012500 0.040625
0 0.239844 0.292969 0.010938 0.042188
0 0.228125 0.336719 0.015625 0.054688
0 0.199219 0.127344 0.010938 0.026563
0 0.225781 0.136719 0.010938 0.029688
0 0.242969 0.107813 0.014063 0.037500
0 0.287500 0.160156 0.012500 0.035938
0 0.291406 0.189844 0.010938 0.039062
0 0.310156 0.233594 0.014063 0.035938
0 0.342969 0.197656 0.014063 0.035938
0 0.560937 0.467969 0.025000 0.070312
0 0.356250 0.084375 0.009375 0.034375
0 0.376563 0.177344 0.015625 0.039062
0 0.417969 0.171875 0.014063 0.034375
0 0.396094 0.086719 0.010938 0.029688
0 0.422656 0.089844 0.010938 0.026563
0 0.476562 0.067187 0.012500 0.031250
0 0.459375 0.125000 0.012500 0.031250
0 0.468750 0.162500 0.015625 0.028125
0 0.488281 0.174219 0.014063 0.029688
0 0.482813 0.235938 0.015625 0.040625
0 0.474219 0.287500 0.020313 0.037500
0 0.558594 0.302344 0.017188 0.042188
0 0.507812 0.108594 0.009375 0.020313
0 0.519531 0.081250 0.010938 0.021875
0 0.538281 0.176563 0.010938 0.031250
0 0.566406 0.199219 0.017188 0.042188
0 0.618750 0.239063 0.015625 0.034375
0 0.568750 0.137500 0.012500 0.028125
0 0.579688 0.133594 0.009375 0.023438
0 0.568750 0.094531 0.009375 0.026563
0 0.678125 0.330469 0.015625 0.051563
0 0.615625 0.112500 0.012500 0.025000
0 0.640625 0.148438 0.012500 0.034375
0 0.685938 0.201563 0.015625 0.031250
0 0.704688 0.168750 0.012500 0.040625
0 0.700781 0.203125 0.010938 0.034375
0 0.702344 0.268750 0.014063 0.037500
0 0.760938 0.342969 0.021875 0.045313
0 0.728906 0.233594 0.010938 0.035938
0 0.758594 0.203125 0.017188 0.031250
0 0.803906 0.232813 0.014063 0.040625
0 0.841406 0.272656 0.017188 0.051563
0 0.916406 0.364844 0.026563 0.054688
0 0.480469 0.110156 0.020313 0.051563
0 0.046875 0.248438 0.012500 0.043750
