0 0.096875 0.316406 0.018750 0.039062
0 0.705469 0.107813 0.017188 0.031250
0 0.767969 0.109375 0.014063 0.031250
0 0.826563 0.139844 0.009375 0.023438
0 0.588281 0.119531 0.014063 0.023438
0 0.496094 0.139063 0.020313 0.031250
0 0.542969 0.148438 0.017188 0.031250
0 0.272656 0.214063 0.023438 0.046875
0 0.203125 0.373438 0.050000 0.106250
0 0.186719 0.458594 0.057813 0.098438
0 0.699219 0.162500 0.020313 0.040625
0 0.725000 0.139063 0.018750 0.040625
0 0.760938 0.150781 0.018750 0.032813
0 0.861719 0.183594 0.023438 0.042188
0 0.888281 0.234375 0.020313 0.043750
0 0.780469 0.295313 0.029688 0.046875
0 0.812500 0.187500 0.018750 0.034375
0 0.678125 0.257031 0.021875 0.045313
0 0.638281 0.244531 0.020313 0.048438
0 0.552344 0.207031 0.017188 0.035938
0 0.460156 0.192969 0.020313 0.039062
0 0.483594 0.203125 0.017188 0.037500
0 0.521094 0.180469 0.020313 0.035938
0 0.568750 0.157031 0.018750 0.035938
0 0.592187 0.170313 0.018750 0.037500
0 0.413281 0.197656 0.023438 0.032813
0 0.496094 0.310938 0.029688 0.053125
0 0.381250 0.275781 0.028125 0.045313
0 0.359375 0.285156 0.031250 0.051563
0 0.732031 0.284375 0.023438 0.046875
0 0.429688 0.226562 0.018750 0.043750
0 0.461719 0.233594 0.029688 0.051563
0 0.440625 0.292187 0.028125 0.046875
0 0.739063 0.171875 0.018750 0.037500
0 0.768750 0.183594 0.018750 0.039062
0 0.467969 0.163281 0.014063 0.035938
0 0.481250 0.163281 0.018750 0.032813
