0 0.140625 0.242969 0.015625 0.035938
0 0.308594 0.224219 0.017188 0.039062
0 0.350000 0.199219 0.018750 0.035938
0 0.375781 0.209375 0.020313 0.037500
0 0.404688 0.191406 0.018750 0.039062
0 0.415625 0.161719 0.015625 0.029688
0 0.428125 0.165625 0.015625 0.040625
0 0.446875 0.168750 0.018750 0.037500
0 0.456250 0.151563 0.015625 0.028125
0 0.478906 0.142187 0.014063 0.034375
0 0.489063 0.135938 0.012500 0.031250
0 0.503125 0.124219 0.015625 0.026563
0 0.509375 0.145313 0.012500 0.034375
0 0.526563 0.139063 0.012500 0.034375
0 0.525000 0.101562 0.012500 0.028125
0 0.537500 0.160156 0.015625 0.029688
0 0.528125 0.200000 0.015625 0.034375
0 0.506250 0.221094 0.015625 0.042188
0 0.475000 0.191406 0.018750 0.035938
0 0.453125 0.230469 0.018750 0.039062
0 0.440625 0.258594 0.025000 0.045313
0 0.550781 0.167969 0.014063 0.039062
0 0.554688 0.200000 0.018750 0.037500
0 0.553125 0.145313 0.015625 0.021875
0 0.562500 0.054688 0.012500 0.025000
0 0.573438 0.125000 0.015625 0.034375
0 0.587500 0.112500 0.012500 0.025000
0 0.608594 0.113281 0.010938 0.029688
0 0.579688 0.181250 0.015625 0.028125
0 0.638281 0.129688 0.014063 0.034375
0 0.659375 0.107031 0.012500 0.032813
0 0.656250 0.136719 0.012500 0.029688
0 0.620313 0.204688 0.018750 0.040625
0 0.615625 0.278125 0.021875 0.050000
0 0.559375 0.253125 0.031250 0.065625
0 0.682813 0.101562 0.012500 0.021875
0 0.690625 0.116406 0.012500 0.026563
0 0.712500 0.110156 0.012500 0.029688
0 0.700781 0.173438 0.017188 0.031250
0 0.728906 0.164844 0.017188 0.032813
0 0.768750 0.134375 0.015625 0.034375
0 0.792188 0.139063 0.015625 0.031250
0 0.818750 0.144531 0.018750 0.039062
0 0.801563 0.224219 0.018750 0.045313
0 0.756250 0.214844 0.018750 0.035938
0 0.768750 0.253906 0.021875 0.051563
0 0.718750 0.240625 0.021875 0.056250
0 0.689063 0.268750 0.028125 0.059375
0 0.678125 0.358594 0.028125 0.070312
0 0.731250 0.303906 0.025000 0.051563
0 0.795313 0.310156 0.025000 0.064063
0 0.814063 0.269531 0.018750 0.048438
0 0.760938 0.426563 0.031250 0.075000
0 0.837500 0.371875 0.028125 0.068750
0 0.882031 0.437500 0.032813 0.093750
0 0.840625 0.330469 0.028125 0.048438
0 0.867969 0.289062 0.020313 0.050000
0 0.883594 0.252344 0.020313 0.045313
0 0.921875 0.307813 0.018750 0.050000
0 0.935156 0.228906 0.014063 0.029688
