0 0.278125 0.504688 0.078125 0.137500
0 0.514062 0.509375 0.093750 0.134375
0 0.485938 0.439844 0.078125 0.107813
0 0.471094 0.297656 0.064063 0.120313
0 0.551563 0.225781 0.053125 0.107813
0 0.667188 0.418750 0.090625 0.143750
0 0.677344 0.310938 0.070312 0.137500
0 0.861719 0.514844 0.120313 0.182813
0 0.862500 0.392969 0.087500 0.110938
0 0.850000 0.308594 0.084375 0.129688
0 0.961719 0.344531 0.076563 0.157813
0 0.760938 0.186719 0.053125 0.098438
0 0.803125 0.133594 0.062500 0.101562
0 0.867188 0.064063 0.050000 0.090625
0 0.982031 0.120313 0.035938 0.075000
0 0.701563 0.028125 0.040625 0.053125
0 0.767188 0.027344 0.043750 0.051563
0 0.614063 0.062500 0.043750 0.071875
0 0.547656 0.095313 0.042188 0.071875
0 0.505469 0.081250 0.032813 0.068750
0 0.494531 0.039062 0.032813 0.050000
0 0.439844 0.081250 0.042188 0.062500
0 0.461719 0.157031 0.051563 0.082813
0 0.391406 0.101562 0.051563 0.093750
0 0.395313 0.048438 0.043750 0.068750
0 0.292969 0.051563 0.039062 0.062500
0 0.289844 0.104688 0.042188 0.075000
0 0.272656 0.194531 0.048438 0.085938
0 0.185156 0.157031 0.076563 0.126562
0 0.108594 0.242969 0.073438 0.129688
0 0.132031 0.175781 0.054688 0.101562
0 0.198438 0.042188 0.034375 0.062500
0 0.039844 0.164062 0.048438 0.078125
0 0.060156 0.082813 0.039062 0.071875
