0 0.075781 0.502344 0.045313 0.076563
0 0.161719 0.492969 0.039062 0.076563
0 0.228906 0.509375 0.039062 0.062500
0 0.261719 0.532031 0.039062 0.064063
0 0.237500 0.621094 0.040625 0.064063
0 0.338281 0.633594 0.039062 0.070312
0 0.303906 0.507031 0.039062 0.064063
0 0.335938 0.514844 0.037500 0.064063
0 0.411719 0.498438 0.029688 0.059375
0 0.441406 0.516406 0.029688 0.054688
0 0.486719 0.523438 0.035938 0.062500
0 0.452344 0.615625 0.039062 0.059375
0 0.444531 0.696094 0.032813 0.067187
0 0.567188 0.621875 0.043750 0.068750
0 0.525000 0.521094 0.028125 0.057813
0 0.564063 0.507812 0.028125 0.053125
0 0.601562 0.523438 0.031250 0.046875
0 0.633594 0.498438 0.035938 0.062500
0 0.674219 0.514062 0.029688 0.059375
0 0.704688 0.528125 0.031250 0.065625
0 0.674219 0.634375 0.042188 0.071875
0 0.750781 0.523438 0.032813 0.062500
0 0.789062 0.511719 0.034375 0.064063
0 0.868750 0.549219 0.034375 0.060938
0 0.927344 0.527344 0.039062 0.076563
