0 0.440625 0.715625 0.193750 0.234375
0 0.483594 0.550000 0.135938 0.146875
0 0.527344 0.433594 0.085938 0.104688
0 0.492188 0.376563 0.056250 0.062500
0 0.403125 0.414844 0.065625 0.079688
0 0.294531 0.439063 0.098438 0.103125
0 0.276562 0.370313 0.056250 0.068750
0 0.184375 0.429688 0.081250 0.084375
0 0.201563 0.369531 0.053125 0.067187
0 0.128906 0.585938 0.145313 0.168750
0 0.062500 0.496094 0.103125 0.079688
0 0.095313 0.416406 0.071875 0.089063
0 0.072656 0.361719 0.060938 0.073438
0 0.698438 0.487500 0.115625 0.125000
0 0.680469 0.388281 0.064063 0.076563
0 0.633594 0.359375 0.048438 0.065625
0 0.740625 0.382031 0.056250 0.067187
0 0.804688 0.394531 0.053125 0.079688
0 0.793750 0.342188 0.040625 0.043750
0 0.815625 0.604688 0.146875 0.184375
0 0.915625 0.432813 0.071875 0.093750
0 0.927344 0.385156 0.048438 0.060938
0 0.910156 0.341406 0.035938 0.045313
0 0.933594 0.334375 0.039062 0.053125
0 0.974219 0.342969 0.035938 0.054688
