0 0.215625 0.443750 0.053125 0.096875
0 0.249219 0.375000 0.042188 0.093750
0 0.299219 0.241406 0.023438 0.045313
0 0.342188 0.281250 0.021875 0.046875
0 0.358594 0.258594 0.017188 0.035938
0 0.392969 0.188281 0.020313 0.042188
0 0.421094 0.125781 0.014063 0.026563
0 0.450000 0.185938 0.018750 0.040625
0 0.432031 0.214844 0.020313 0.039062
0 0.451563 0.218750 0.021875 0.037500
0 0.439063 0.282031 0.021875 0.048438
0 0.486719 0.316406 0.026563 0.054688
0 0.475781 0.198438 0.017188 0.037500
0 0.458594 0.143750 0.014063 0.031250
0 0.484375 0.164062 0.015625 0.031250
0 0.490625 0.130469 0.012500 0.023438
0 0.516406 0.169531 0.017188 0.032813
0 0.528125 0.207031 0.018750 0.035938
0 0.538281 0.139063 0.014063 0.040625
0 0.557813 0.143750 0.012500 0.031250
0 0.569531 0.110156 0.010938 0.023438
0 0.585156 0.155469 0.017188 0.035938
0 0.600000 0.091406 0.015625 0.035938
0 0.614844 0.241406 0.020313 0.042188
0 0.665625 0.258594 0.021875 0.051563
0 0.724219 0.278125 0.026563 0.056250
0 0.779688 0.306250 0.025000 0.053125
0 0.689844 0.153125 0.017188 0.040625
0 0.700781 0.092188 0.017188 0.037500
0 0.711719 0.177344 0.017188 0.035938
0 0.716406 0.146094 0.017188 0.039062
0 0.733594 0.167188 0.014063 0.028125
0 0.750000 0.143750 0.012500 0.031250
0 0.763281 0.165625 0.014063 0.034375
0 0.756250 0.110938 0.009375 0.025000
0 0.817188 0.128906 0.012500 0.026563
0 0.803906 0.179688 0.017188 0.040625
0 0.857031 0.192969 0.017188 0.039062
0 0.878906 0.222656 0.020313 0.035938
