0 0.207813 0.436719 0.056250 0.117188
0 0.253125 0.392188 0.046875 0.090625
0 0.282813 0.192188 0.025000 0.050000
0 0.346875 0.248438 0.021875 0.053125
0 0.364063 0.264844 0.021875 0.048438
0 0.399219 0.184375 0.023438 0.040625
0 0.421875 0.217188 0.021875 0.053125
0 0.441406 0.236719 0.020313 0.042188
0 0.447656 0.182813 0.020313 0.040625
0 0.429688 0.284375 0.025000 0.046875
0 0.470313 0.195312 0.018750 0.043750
0 0.465625 0.150000 0.021875 0.031250
0 0.481250 0.130469 0.015625 0.029688
0 0.527344 0.138281 0.017188 0.045313
0 0.510156 0.171094 0.020313 0.045313
0 0.532813 0.202344 0.025000 0.045313
0 0.551563 0.150781 0.018750 0.035938
0 0.557813 0.108594 0.012500 0.026563
0 0.575000 0.156250 0.018750 0.031250
0 0.637500 0.058594 0.015625 0.035938
0 0.482813 0.313281 0.031250 0.064063
0 0.616406 0.241406 0.032813 0.045313
0 0.671094 0.245313 0.026563 0.059375
0 0.675781 0.160938 0.014063 0.046875
0 0.707031 0.146094 0.017188 0.035938
0 0.730469 0.154688 0.020313 0.040625
0 0.736719 0.139063 0.020313 0.037500
0 0.751563 0.096875 0.015625 0.037500
0 0.746875 0.169531 0.018750 0.035938
0 0.714063 0.275781 0.025000 0.057813
0 0.762500 0.285156 0.028125 0.060938
0 0.793750 0.182031 0.018750 0.042188
0 0.807031 0.119531 0.017188 0.035938
0 0.841406 0.174219 0.020313 0.048438
0 0.865625 0.221094 0.018750 0.054688
