0 0.199219 0.350000 0.045313 0.087500
0 0.299219 0.239844 0.014063 0.029688
0 0.317188 0.222656 0.012500 0.026563
0 0.342188 0.229688 0.015625 0.031250
0 0.346875 0.260937 0.015625 0.034375
0 0.378125 0.221094 0.015625 0.032813
0 0.382812 0.200000 0.018750 0.025000
0 0.421875 0.184375 0.015625 0.025000
0 0.439844 0.192188 0.014063 0.025000
0 0.421875 0.215625 0.015625 0.031250
0 0.453125 0.220313 0.018750 0.031250
0 0.425781 0.279688 0.023438 0.046875
0 0.464844 0.199219 0.014063 0.023438
0 0.452344 0.170313 0.014063 0.028125
0 0.477344 0.171875 0.014063 0.025000
0 0.498438 0.199219 0.015625 0.026563
0 0.514062 0.210938 0.015625 0.037500
0 0.468750 0.154688 0.012500 0.025000
0 0.483594 0.135938 0.010938 0.025000
0 0.521875 0.150000 0.015625 0.031250
0 0.542188 0.164844 0.015625 0.035938
0 0.567188 0.179688 0.015625 0.034375
0 0.574219 0.159375 0.014063 0.028125
0 0.553906 0.123438 0.010938 0.025000
0 0.583594 0.108594 0.010938 0.020313
0 0.609375 0.105469 0.009375 0.023438
0 0.604688 0.122656 0.012500 0.020313
0 0.615625 0.143750 0.015625 0.031250
0 0.636719 0.103125 0.010938 0.025000
0 0.632031 0.115625 0.010938 0.021875
0 0.653125 0.125781 0.015625 0.026563
0 0.610938 0.207813 0.018750 0.040625
0 0.557813 0.250781 0.021875 0.042188
0 0.599219 0.263281 0.020313 0.045313
0 0.540625 0.307031 0.025000 0.054688
0 0.485156 0.309375 0.026563 0.050000
0 0.598438 0.330469 0.028125 0.054688
0 0.656250 0.263281 0.021875 0.042188
0 0.667969 0.328125 0.023438 0.062500
0 0.710156 0.284375 0.023438 0.050000
0 0.706250 0.227344 0.021875 0.048438
0 0.657031 0.206250 0.020313 0.043750
0 0.649219 0.177344 0.017188 0.029688
0 0.682031 0.103906 0.014063 0.035938
0 0.711719 0.143750 0.014063 0.031250
0 0.685938 0.182031 0.015625 0.042188
0 0.725781 0.165625 0.014063 0.031250
0 0.739063 0.190625 0.018750 0.053125
0 0.739844 0.150000 0.014063 0.028125
0 0.756250 0.167188 0.015625 0.037500
0 0.729688 0.122656 0.012500 0.029688
0 0.742969 0.114063 0.014063 0.031250
0 0.759375 0.134375 0.012500 0.031250
0 0.789844 0.137500 0.010938 0.034375
0 0.802344 0.137500 0.010938 0.031250
0 0.790625 0.177344 0.015625 0.045313
0 0.814063 0.173438 0.012500 0.034375
0 0.822656 0.143750 0.010938 0.034375
0 0.842969 0.157031 0.014063 0.035938
0 0.854688 0.139844 0.009375 0.020313
0 0.858594 0.153125 0.014063 0.031250
0 0.882031 0.164844 0.014063 0.029688
0 0.892969 0.139844 0.010938 0.029688
0 0.919531 0.160156 0.014063 0.035938
0 0.875781 0.196094 0.017188 0.035938
0 0.910156 0.205469 0.017188 0.042188
0 0.835156 0.192188 0.014063 0.034375
0 0.861719 0.232031 0.020313 0.045313
0 0.904688 0.282813 0.021875 0.056250
0 0.761719 0.289062 0.023438 0.056250
