0 0.335938 0.181250 0.015625 0.040625
0 0.353906 0.200000 0.014063 0.037500
0 0.385156 0.173438 0.014063 0.028125
0 0.413281 0.171875 0.014063 0.025000
0 0.427344 0.171094 0.014063 0.035938
0 0.432813 0.145313 0.012500 0.028125
0 0.442188 0.158594 0.015625 0.026563
0 0.471094 0.127344 0.014063 0.023438
0 0.496875 0.140625 0.018750 0.025000
0 0.503125 0.158594 0.018750 0.026563
0 0.526563 0.128125 0.012500 0.028125
0 0.537500 0.160938 0.018750 0.031250
0 0.561719 0.157813 0.020313 0.028125
0 0.573438 0.130469 0.015625 0.026563
0 0.583594 0.120313 0.017188 0.025000
0 0.600781 0.140625 0.014063 0.025000
0 0.624219 0.104688 0.010938 0.021875
0 0.660156 0.114063 0.010938 0.015625
0 0.681250 0.113281 0.012500 0.020313
0 0.665625 0.135156 0.012500 0.032813
0 0.709375 0.118750 0.012500 0.021875
0 0.624219 0.174219 0.017188 0.035938
0 0.583594 0.188281 0.017188 0.032813
0 0.530469 0.216406 0.023438 0.032813
0 0.502344 0.192188 0.020313 0.034375
0 0.471094 0.211719 0.020313 0.035938
0 0.479688 0.158594 0.018750 0.026563
0 0.768750 0.130469 0.012500 0.029688
0 0.783594 0.135156 0.014063 0.035938
0 0.804688 0.129688 0.012500 0.025000
0 0.832031 0.132031 0.014063 0.032813
0 0.860938 0.150781 0.015625 0.029688
0 0.884375 0.150000 0.009375 0.025000
0 0.919531 0.180469 0.017188 0.039062
0 0.948438 0.173438 0.012500 0.031250
0 0.942969 0.223438 0.017188 0.040625
0 0.932813 0.260937 0.018750 0.050000
0 0.886719 0.273438 0.020313 0.043750
0 0.886719 0.235938 0.017188 0.046875
0 0.864063 0.207813 0.015625 0.046875
0 0.814063 0.160938 0.012500 0.031250
0 0.792969 0.177344 0.014063 0.029688
0 0.778906 0.181250 0.017188 0.040625
0 0.745313 0.150000 0.015625 0.021875
0 0.726562 0.144531 0.015625 0.032813
0 0.700781 0.178125 0.017188 0.034375
0 0.718750 0.188281 0.018750 0.045313
0 0.738281 0.182031 0.017188 0.032813
0 0.659375 0.196094 0.018750 0.042188
0 0.632812 0.214844 0.021875 0.048438
0 0.664844 0.238281 0.020313 0.042188
0 0.737500 0.238281 0.021875 0.042188
0 0.803906 0.211719 0.017188 0.035938
0 0.814063 0.209375 0.015625 0.031250
0 0.599219 0.228906 0.023438 0.060938
0 0.896875 0.423438 0.040625 0.096875
0 0.629688 0.121094 0.009375 0.020313
0 0.549219 0.190625 0.017188 0.021875
