0 0.117969 0.513281 0.045313 0.104688
0 0.219531 0.360156 0.020313 0.032813
0 0.254688 0.367969 0.025000 0.042188
0 0.289062 0.375781 0.025000 0.045313
0 0.285938 0.305469 0.015625 0.039062
0 0.338281 0.350781 0.023438 0.048438
0 0.350000 0.329688 0.015625 0.034375
0 0.357813 0.296875 0.015625 0.031250
0 0.382031 0.340625 0.017188 0.034375
0 0.414062 0.339844 0.018750 0.039062
0 0.442969 0.346094 0.020313 0.048438
0 0.437500 0.308594 0.018750 0.035938
0 0.403906 0.298438 0.014063 0.031250
0 0.390625 0.257031 0.015625 0.029688
0 0.412500 0.260156 0.015625 0.029688
0 0.445312 0.262500 0.012500 0.028125
0 0.453906 0.251563 0.010938 0.031250
0 0.467969 0.270313 0.017188 0.031250
0 0.464063 0.314844 0.018750 0.042188
0 0.502344 0.312500 0.017188 0.037500
0 0.513281 0.296875 0.017188 0.037500
0 0.490625 0.269531 0.015625 0.032813
0 0.467188 0.240625 0.015625 0.021875
0 0.512500 0.256250 0.012500 0.028125
0 0.538281 0.251563 0.014063 0.031250
0 0.550781 0.273438 0.017188 0.040625
0 0.568750 0.258594 0.015625 0.035938
0 0.544531 0.228906 0.014063 0.029688
0 0.567969 0.219531 0.014063 0.026563
0 0.575781 0.238281 0.014063 0.029688
0 0.592187 0.250000 0.012500 0.031250
0 0.592969 0.225781 0.010938 0.026563
0 0.605469 0.205469 0.010938 0.029688
0 0.621875 0.212500 0.012500 0.028125
0 0.631250 0.232031 0.012500 0.035938
0 0.625000 0.259375 0.015625 0.034375
0 0.656250 0.220313 0.012500 0.028125
0 0.667969 0.232813 0.014063 0.031250
0 0.676563 0.228906 0.012500 0.032813
0 0.498438 0.382812 0.028125 0.056250
0 0.542969 0.407031 0.029688 0.051563
0 0.530469 0.376563 0.023438 0.050000
0 0.591406 0.326563 0.023438 0.053125
0 0.608594 0.431250 0.032813 0.065625
0 0.603125 0.383594 0.028125 0.054688
0 0.659375 0.443750 0.034375 0.068750
0 0.648438 0.372656 0.028125 0.060938
0 0.639063 0.335156 0.021875 0.045313
0 0.625000 0.297656 0.018750 0.039062
0 0.668750 0.271094 0.015625 0.032813
0 0.683594 0.364063 0.023438 0.043750
0 0.708594 0.477344 0.035938 0.082813
0 0.725000 0.396875 0.028125 0.059375
0 0.767188 0.445312 0.031250 0.056250
0 0.810938 0.501563 0.031250 0.065625
0 0.830469 0.442969 0.029688 0.057813
0 0.849219 0.416406 0.026563 0.048438
0 0.896875 0.467969 0.031250 0.057813
0 0.891406 0.393750 0.020313 0.053125
0 0.860156 0.376563 0.023438 0.046875
0 0.875000 0.323438 0.018750 0.043750
0 0.900000 0.350781 0.018750 0.045313
0 0.910938 0.333594 0.015625 0.045313
0 0.923438 0.314063 0.012500 0.031250
0 0.916406 0.280469 0.014063 0.032813
0 0.885156 0.292187 0.014063 0.037500
0 0.860156 0.262500 0.014063 0.031250
0 0.847656 0.266406 0.017188 0.035938
0 0.851562 0.287500 0.015625 0.034375
0 0.838281 0.308594 0.017188 0.039062
0 0.814844 0.351562 0.023438 0.043750
0 0.775781 0.378125 0.026563 0.059375
0 0.802344 0.302344 0.020313 0.042188
0 0.807031 0.273438 0.017188 0.031250
0 0.826563 0.268750 0.015625 0.037500
0 0.799219 0.245313 0.014063 0.031250
0 0.770313 0.247656 0.015625 0.029688
0 0.757812 0.290625 0.018750 0.040625
0 0.759375 0.263281 0.018750 0.035938
0 0.726562 0.270313 0.015625 0.037500
0 0.733594 0.246875 0.014063 0.031250
0 0.740625 0.231250 0.015625 0.031250
0 0.696875 0.249219 0.015625 0.032813
0 0.715625 0.290625 0.015625 0.043750
0 0.678906 0.328125 0.023438 0.034375
