0 0.118750 0.514844 0.040625 0.095313
0 0.218750 0.249219 0.012500 0.042188
0 0.285156 0.225000 0.017188 0.034375
0 0.317188 0.224219 0.012500 0.032813
0 0.329688 0.188281 0.015625 0.035938
0 0.339063 0.211719 0.015625 0.045313
0 0.385156 0.245313 0.020313 0.053125
0 0.408594 0.177344 0.014063 0.035938
0 0.414062 0.218750 0.012500 0.031250
0 0.447656 0.277344 0.020313 0.051563
0 0.437500 0.159375 0.015625 0.031250
0 0.441406 0.186719 0.014063 0.039062
0 0.457031 0.158594 0.010938 0.039062
0 0.487500 0.159375 0.015625 0.034375
0 0.478125 0.239063 0.015625 0.046875
0 0.508594 0.192188 0.014063 0.034375
0 0.502344 0.142969 0.010938 0.026563
0 0.516406 0.084375 0.014063 0.037500
0 0.561719 0.207813 0.014063 0.034375
0 0.558594 0.154688 0.014063 0.040625
0 0.581250 0.199219 0.015625 0.039062
0 0.590625 0.129688 0.015625 0.034375
0 0.591406 0.154688 0.014063 0.034375
0 0.606250 0.120313 0.015625 0.031250
0 0.641406 0.118750 0.014063 0.031250
0 0.621094 0.152344 0.014063 0.032813
0 0.651563 0.146875 0.015625 0.034375
0 0.671875 0.124219 0.012500 0.029688
0 0.715625 0.145313 0.015625 0.031250
0 0.633594 0.192969 0.014063 0.042188
0 0.667188 0.170313 0.012500 0.031250
0 0.621875 0.275000 0.018750 0.053125
0 0.570312 0.324219 0.025000 0.054688
0 0.608594 0.346875 0.023438 0.059375
0 0.663281 0.383594 0.026563 0.064063
0 0.664844 0.231250 0.020313 0.053125
0 0.717969 0.200781 0.014063 0.039062
0 0.726562 0.244531 0.018750 0.045313
0 0.760938 0.215625 0.015625 0.043750
0 0.770313 0.272656 0.021875 0.048438
0 0.749219 0.198438 0.010938 0.034375
0 0.784375 0.164062 0.015625 0.037500
0 0.814063 0.183594 0.012500 0.035938
0 0.798438 0.224219 0.015625 0.051563
0 0.820312 0.223438 0.015625 0.037500
0 0.821094 0.283594 0.020313 0.051563
0 0.731250 0.370313 0.025000 0.068750
0 0.804688 0.428906 0.028125 0.073438
0 0.860938 0.482813 0.021875 0.071875
0 0.865625 0.327344 0.018750 0.051563
0 0.875000 0.389844 0.021875 0.060938
0 0.878906 0.200000 0.014063 0.031250
0 0.873438 0.224219 0.015625 0.035938
0 0.892188 0.260156 0.015625 0.045313
0 0.903906 0.237500 0.014063 0.037500
0 0.908594 0.214063 0.014063 0.034375
0 0.924219 0.304688 0.017188 0.040625
0 0.939063 0.257031 0.012500 0.045313
0 0.950000 0.236719 0.012500 0.032813
0 0.982031 0.242188 0.014063 0.034375
0 0.951563 0.433594 0.021875 0.051563
0 0.948438 0.360156 0.015625 0.045313
0 0.978906 0.344531 0.017188 0.042188
0 0.978906 0.285938 0.017188 0.040625
0 0.971094 0.316406 0.014063 0.039062
0 0.788281 0.198438 0.017188 0.043750
0 0.694531 0.157031 0.010938 0.035938
0 0.564063 0.131250 0.012500 0.034375
0 0.469531 0.150781 0.014063 0.032813
0 0.359375 0.200000 0.015625 0.031250
