0 0.059375 0.315625 0.025000 0.059375
0 0.272656 0.227344 0.017188 0.032813
0 0.331250 0.251563 0.018750 0.040625
0 0.382812 0.257812 0.025000 0.050000
0 0.419531 0.278125 0.023438 0.046875
0 0.407813 0.221094 0.018750 0.035938
0 0.395313 0.196875 0.015625 0.031250
0 0.373438 0.193750 0.015625 0.034375
0 0.391406 0.173438 0.014063 0.025000
0 0.410156 0.171094 0.017188 0.035938
0 0.444531 0.214844 0.017188 0.035938
0 0.442188 0.175781 0.012500 0.026563
0 0.439844 0.153906 0.014063 0.023438
0 0.468750 0.142969 0.012500 0.026563
0 0.482813 0.154688 0.012500 0.028125
0 0.481250 0.184375 0.015625 0.031250
0 0.464063 0.218750 0.018750 0.040625
0 0.512500 0.218750 0.018750 0.037500
0 0.524219 0.185156 0.017188 0.039062
0 0.498438 0.142187 0.012500 0.031250
0 0.527344 0.141406 0.010938 0.026563
0 0.541406 0.142969 0.010938 0.023438
0 0.545312 0.192188 0.018750 0.040625
0 0.539844 0.125000 0.007812 0.021875
0 0.551563 0.142969 0.009375 0.017188
0 0.567969 0.144531 0.010938 0.023438
0 0.581250 0.128125 0.009375 0.021875
0 0.589844 0.170313 0.017188 0.028125
0 0.596094 0.136719 0.010938 0.032813
0 0.606250 0.123438 0.009375 0.021875
0 0.613281 0.111719 0.010938 0.026563
0 0.628125 0.129688 0.012500 0.031250
0 0.618750 0.168750 0.015625 0.034375
0 0.641406 0.124219 0.014063 0.032813
0 0.659375 0.149219 0.015625 0.035938
0 0.657813 0.116406 0.012500 0.029688
0 0.661719 0.121094 0.010938 0.026563
0 0.686719 0.124219 0.014063 0.029688
0 0.695312 0.112500 0.012500 0.031250
0 0.711719 0.117969 0.010938 0.032813
0 0.571094 0.277344 0.026563 0.057813
0 0.583594 0.252344 0.026563 0.048438
0 0.635938 0.245313 0.021875 0.050000
0 0.618750 0.234375 0.015625 0.031250
0 0.663281 0.200781 0.017188 0.035938
0 0.681250 0.211719 0.021875 0.051563
0 0.675781 0.278125 0.026563 0.046875
0 0.708594 0.192188 0.017188 0.043750
0 0.735938 0.142969 0.012500 0.035938
0 0.750000 0.147656 0.009375 0.029688
0 0.758594 0.160938 0.017188 0.031250
0 0.743750 0.190625 0.015625 0.034375
0 0.760156 0.206250 0.017188 0.040625
0 0.766406 0.251563 0.017188 0.040625
0 0.775000 0.301563 0.031250 0.059375
0 0.735938 0.268750 0.021875 0.053125
0 0.732813 0.246875 0.021875 0.043750
0 0.827344 0.309375 0.026563 0.050000
0 0.792969 0.219531 0.017188 0.035938
0 0.842969 0.241406 0.017188 0.045313
0 0.868750 0.273438 0.028125 0.053125
0 0.910156 0.359375 0.026563 0.065625
0 0.922656 0.307813 0.017188 0.050000
0 0.896094 0.246875 0.017188 0.031250
0 0.922656 0.285156 0.020313 0.035938
0 0.935156 0.235938 0.017188 0.040625
0 0.951563 0.225781 0.009375 0.029688
0 0.949219 0.194531 0.010938 0.026563
0 0.950781 0.174219 0.017188 0.026563
0 0.916406 0.167969 0.014063 0.029688
0 0.908594 0.191406 0.014063 0.032813
0 0.847656 0.202344 0.020313 0.032813
0 0.811719 0.164062 0.017188 0.034375
0 0.803125 0.138281 0.015625 0.029688
0 0.779688 0.145313 0.015625 0.031250
0 0.824219 0.148438 0.010938 0.025000
0 0.840625 0.161719 0.012500 0.035938
0 0.857031 0.153125 0.010938 0.018750
0 0.880469 0.174219 0.014063 0.029688
0 0.893750 0.156250 0.012500 0.021875
0 0.861719 0.185938 0.014063 0.031250
