0 0.316406 0.242188 0.014063 0.037500
0 0.326563 0.234375 0.015625 0.034375
0 0.347656 0.233594 0.020313 0.035938
0 0.357031 0.269531 0.026563 0.042188
0 0.392188 0.282813 0.025000 0.056250
0 0.378906 0.244531 0.020313 0.039062
0 0.384375 0.202344 0.018750 0.035938
0 0.404688 0.202344 0.018750 0.039062
0 0.442188 0.189063 0.015625 0.037500
0 0.459375 0.242969 0.025000 0.051563
0 0.460938 0.207813 0.015625 0.031250
0 0.480469 0.200781 0.020313 0.039062
0 0.489844 0.159375 0.017188 0.037500
0 0.521094 0.174219 0.020313 0.035938
0 0.546094 0.165625 0.020313 0.037500
0 0.584375 0.169531 0.018750 0.039062
0 0.576562 0.135938 0.015625 0.025000
0 0.645313 0.068750 0.015625 0.031250
0 0.497656 0.300000 0.026563 0.056250
0 0.564844 0.292187 0.029688 0.056250
0 0.598438 0.322656 0.028125 0.064063
0 0.622656 0.257031 0.026563 0.054688
0 0.620313 0.210938 0.021875 0.043750
0 0.649219 0.182813 0.020313 0.043750
0 0.651563 0.273438 0.025000 0.065625
0 0.682813 0.189844 0.018750 0.042188
0 0.689063 0.163281 0.015625 0.035938
0 0.699219 0.232031 0.020313 0.051563
0 0.710938 0.281250 0.025000 0.056250
0 0.725781 0.202344 0.023438 0.048438
0 0.750000 0.231250 0.025000 0.056250
0 0.766406 0.168750 0.020313 0.046875
0 0.778125 0.274219 0.028125 0.060938
0 0.835156 0.327344 0.026563 0.067187
0 0.855469 0.267188 0.023438 0.056250
0 0.902344 0.244531 0.023438 0.057813
0 0.925781 0.252344 0.020313 0.048438
