0 0.084375 0.832813 0.128125 0.246875
0 0.025000 0.467188 0.046875 0.118750
0 0.064063 0.482813 0.056250 0.103125
0 0.150781 0.613281 0.101562 0.176563
0 0.164844 0.467188 0.057813 0.087500
0 0.193750 0.444531 0.046875 0.085938
0 0.229688 0.541406 0.059375 0.117188
0 0.173438 0.547656 0.071875 0.129688
0 0.307813 0.464063 0.053125 0.100000
0 0.425781 0.535938 0.070312 0.128125
0 0.454688 0.480469 0.056250 0.107813
0 0.411719 0.476562 0.045313 0.071875
0 0.406250 0.430469 0.043750 0.067187
0 0.470313 0.871875 0.215625 0.256250
0 0.507031 0.758594 0.117188 0.148438
0 0.592187 0.500781 0.062500 0.098438
0 0.586719 0.457813 0.051563 0.084375
0 0.577344 0.428906 0.042188 0.067187
0 0.738281 0.453906 0.045313 0.079688
0 0.739063 0.517188 0.053125 0.084375
0 0.774219 0.539062 0.064063 0.100000
0 0.682813 0.646875 0.078125 0.156250
0 0.884375 0.880469 0.150000 0.232813
0 0.960938 0.707031 0.078125 0.160938
0 0.875781 0.512500 0.054688 0.100000
0 0.934375 0.523438 0.053125 0.100000
