0 0.089063 0.452344 0.071875 0.101562
0 0.042188 0.406250 0.043750 0.062500
0 0.021094 0.362500 0.039062 0.062500
0 0.182813 0.531250 0.087500 0.125000
0 0.362500 0.526563 0.081250 0.109375
0 0.242188 0.447656 0.062500 0.092188
0 0.187500 0.421094 0.050000 0.076563
0 0.144531 0.374219 0.054688 0.070312
0 0.282813 0.382812 0.040625 0.053125
0 0.314063 0.420313 0.059375 0.059375
0 0.385938 0.457031 0.059375 0.076563
0 0.360156 0.393750 0.039062 0.062500
0 0.429688 0.428125 0.043750 0.065625
0 0.511719 0.510938 0.070312 0.087500
0 0.641406 0.518750 0.067187 0.087500
0 0.522656 0.459375 0.042188 0.065625
0 0.465625 0.397656 0.031250 0.060938
0 0.522656 0.414062 0.039062 0.053125
0 0.545312 0.432813 0.034375 0.046875
0 0.607813 0.436719 0.037500 0.054688
0 0.605469 0.400781 0.039062 0.051563
0 0.646875 0.452344 0.056250 0.070312
0 0.681250 0.431250 0.031250 0.046875
0 0.683594 0.410156 0.023438 0.048438
0 0.725000 0.457031 0.037500 0.060938
0 0.767969 0.507031 0.057813 0.079688
0 0.762500 0.448438 0.031250 0.056250
0 0.751563 0.410938 0.031250 0.053125
0 0.816406 0.398438 0.042188 0.059375
0 0.825781 0.450000 0.048438 0.068750
0 0.875000 0.510156 0.062500 0.104688
0 0.944531 0.528125 0.048438 0.087500
0 0.960938 0.483594 0.037500 0.070312
0 0.920313 0.452344 0.046875 0.073438
0 0.881250 0.441406 0.037500 0.057813
