0 0.031250 0.571875 0.056250 0.128125
0 0.031250 0.471094 0.053125 0.110938
0 0.128125 0.561719 0.118750 0.235938
0 0.212500 0.455469 0.046875 0.092188
0 0.180469 0.431250 0.026563 0.062500
0 0.255469 0.432031 0.035938 0.073438
0 0.290625 0.525781 0.059375 0.117188
0 0.307031 0.458594 0.039062 0.085938
0 0.328125 0.453906 0.028125 0.064063
0 0.373438 0.432813 0.021875 0.046875
0 0.388281 0.418750 0.023438 0.043750
0 0.414844 0.466406 0.032813 0.076563
0 0.470313 0.595313 0.118750 0.206250
0 0.447656 0.418750 0.026563 0.050000
0 0.471094 0.412500 0.020313 0.043750
0 0.487500 0.418750 0.028125 0.050000
0 0.478125 0.382031 0.021875 0.048438
0 0.530469 0.403125 0.017188 0.037500
0 0.542188 0.415625 0.025000 0.037500
0 0.560937 0.428125 0.028125 0.062500
0 0.555469 0.492969 0.042188 0.092188
0 0.607031 0.444531 0.035938 0.076563
0 0.665625 0.420313 0.021875 0.053125
0 0.714844 0.447656 0.035938 0.064063
0 0.692969 0.545312 0.082813 0.153125
0 0.804688 0.412500 0.028125 0.062500
0 0.828906 0.506250 0.067187 0.125000
0 0.913281 0.422656 0.039062 0.092188
0 0.968750 0.408594 0.031250 0.064063
0 0.978125 0.485938 0.043750 0.128125
