0 0.100781 0.527344 0.045313 0.070312
0 0.153906 0.510156 0.045313 0.064063
0 0.231250 0.530469 0.034375 0.054688
0 0.245313 0.519531 0.028125 0.042188
0 0.346875 0.521875 0.031250 0.050000
0 0.399219 0.521094 0.023438 0.048438
0 0.441406 0.519531 0.032813 0.051563
0 0.469531 0.526563 0.023438 0.040625
0 0.483594 0.517188 0.026563 0.043750
0 0.526563 0.523438 0.025000 0.034375
0 0.562500 0.530469 0.021875 0.032813
0 0.574219 0.521875 0.017188 0.034375
0 0.613281 0.532031 0.026563 0.029688
0 0.621094 0.514844 0.017188 0.032813
0 0.647656 0.532813 0.020313 0.028125
0 0.679688 0.535156 0.025000 0.032813
0 0.729688 0.521094 0.018750 0.029688
0 0.753906 0.526563 0.017188 0.034375
0 0.789844 0.532813 0.023438 0.037500
0 0.849219 0.520313 0.020313 0.034375
0 0.886719 0.523438 0.026563 0.034375
0 0.923438 0.523438 0.018750 0.031250
0 0.939844 0.521875 0.014063 0.021875
0 0.795313 0.529687 0.015625 0.021875
