0 0.080469 0.732031 0.070312 0.114063
0 0.217969 0.778906 0.095313 0.139063
0 0.370313 0.849219 0.128125 0.170313
0 0.167188 0.613281 0.034375 0.054688
0 0.231250 0.620313 0.034375 0.059375
0 0.239844 0.578906 0.029688 0.045313
0 0.314063 0.628906 0.043750 0.076563
0 0.353906 0.601562 0.039062 0.062500
0 0.421875 0.637500 0.043750 0.065625
0 0.426563 0.608594 0.034375 0.054688
0 0.650000 0.708594 0.071875 0.104688
0 0.610938 0.652344 0.050000 0.070312
0 0.776563 0.628906 0.046875 0.070312
0 0.810938 0.637500 0.053125 0.096875
0 0.792969 0.475000 0.026563 0.046875
0 0.912500 0.616406 0.046875 0.070312
