0 0.139063 0.567188 0.065625 0.090625
0 0.137500 0.425781 0.043750 0.070312
0 0.089844 0.396094 0.048438 0.070312
0 0.140625 0.334375 0.034375 0.056250
0 0.180469 0.339063 0.039062 0.065625
0 0.210938 0.349219 0.037500 0.067187
0 0.178906 0.405469 0.042188 0.067187
0 0.244531 0.392188 0.042188 0.062500
0 0.259375 0.531250 0.053125 0.078125
0 0.282813 0.357031 0.037500 0.064063
0 0.326563 0.316406 0.034375 0.057813
0 0.358594 0.369531 0.029688 0.057813
0 0.336719 0.418750 0.045313 0.071875
0 0.343750 0.537500 0.056250 0.084375
0 0.399219 0.425781 0.039062 0.070312
0 0.385156 0.368750 0.029688 0.056250
0 0.369531 0.335156 0.035938 0.057813
0 0.423438 0.340625 0.031250 0.053125
0 0.469531 0.348438 0.032813 0.059375
0 0.487500 0.439844 0.043750 0.076563
0 0.448438 0.535156 0.046875 0.070312
0 0.540625 0.535156 0.046875 0.079688
0 0.544531 0.421875 0.042188 0.071875
0 0.542188 0.348438 0.034375 0.059375
0 0.507812 0.332813 0.031250 0.053125
0 0.590625 0.344531 0.037500 0.067187
0 0.607031 0.442969 0.042188 0.067187
0 0.645313 0.386719 0.040625 0.060938
0 0.682813 0.377344 0.034375 0.064063
0 0.684375 0.333594 0.028125 0.039062
0 0.726562 0.351562 0.043750 0.053125
0 0.720313 0.391406 0.043750 0.064063
0 0.755469 0.380469 0.035938 0.057813
0 0.781250 0.335938 0.034375 0.062500
0 0.820312 0.369531 0.037500 0.064063
0 0.851562 0.324219 0.040625 0.070312
0 0.937500 0.335938 0.046875 0.071875
0 0.913281 0.393750 0.048438 0.068750
0 0.894531 0.525781 0.054688 0.082813
0 0.803906 0.489844 0.048438 0.085938
0 0.708594 0.518750 0.039062 0.075000
0 0.650781 0.539844 0.042188 0.064063
