0 0.042188 0.633594 0.050000 0.120313
0 0.210938 0.264844 0.015625 0.042188
0 0.280469 0.229688 0.017188 0.043750
0 0.317188 0.234375 0.015625 0.050000
0 0.329688 0.195312 0.018750 0.046875
0 0.339844 0.225781 0.017188 0.048438
0 0.359375 0.211719 0.015625 0.042188
0 0.378906 0.267969 0.023438 0.057813
0 0.364844 0.192969 0.014063 0.032813
0 0.406250 0.189844 0.018750 0.042188
0 0.414844 0.230469 0.017188 0.035938
0 0.444531 0.296094 0.023438 0.060938
0 0.480469 0.249219 0.023438 0.051563
0 0.439063 0.200000 0.015625 0.037500
0 0.433594 0.164062 0.017188 0.040625
0 0.463281 0.160938 0.017188 0.043750
0 0.486719 0.162500 0.017188 0.043750
0 0.504688 0.146875 0.015625 0.043750
0 0.507031 0.199219 0.017188 0.042188
0 0.562500 0.219531 0.021875 0.048438
0 0.534375 0.156250 0.015625 0.037500
0 0.558594 0.160156 0.014063 0.042188
0 0.563281 0.133594 0.014063 0.032813
0 0.589063 0.132812 0.012500 0.037500
0 0.594531 0.165625 0.017188 0.040625
0 0.586719 0.195312 0.017188 0.043750
0 0.606250 0.121875 0.015625 0.040625
0 0.623438 0.159375 0.015625 0.037500
0 0.642188 0.124219 0.015625 0.042188
0 0.635156 0.195312 0.017188 0.046875
0 0.666406 0.176563 0.014063 0.034375
0 0.662500 0.146094 0.012500 0.039062
0 0.676563 0.129688 0.012500 0.037500
0 0.696094 0.133594 0.017188 0.035938
0 0.717969 0.149219 0.014063 0.039062
0 0.685938 0.170313 0.018750 0.046875
0 0.561719 0.345313 0.023438 0.062500
0 0.610156 0.369531 0.023438 0.064063
0 0.623438 0.284375 0.025000 0.059375
0 0.665625 0.410938 0.031250 0.075000
0 0.730469 0.389844 0.026563 0.064063
0 0.808594 0.459375 0.032813 0.087500
0 0.864844 0.513281 0.035938 0.082813
0 0.874219 0.392969 0.026563 0.070312
0 0.958594 0.460156 0.023438 0.076563
0 0.951563 0.374219 0.025000 0.070312
0 0.981250 0.367188 0.018750 0.053125
0 0.974219 0.329688 0.017188 0.050000
0 0.980469 0.300781 0.014063 0.032813
0 0.990625 0.261719 0.018750 0.042188
0 0.953125 0.246094 0.012500 0.039062
0 0.938281 0.268750 0.014063 0.043750
0 0.925000 0.320312 0.021875 0.046875
0 0.867188 0.338281 0.021875 0.054688
0 0.893750 0.275781 0.018750 0.048438
0 0.903906 0.252344 0.014063 0.039062
0 0.912500 0.225781 0.015625 0.039062
0 0.876563 0.230469 0.015625 0.042188
0 0.821875 0.301563 0.025000 0.062500
0 0.771094 0.282031 0.020313 0.045313
0 0.797656 0.255469 0.020313 0.057813
0 0.828906 0.221094 0.017188 0.045313
0 0.815625 0.188281 0.018750 0.048438
0 0.784375 0.201563 0.015625 0.046875
0 0.784375 0.169531 0.015625 0.042188
0 0.760156 0.229688 0.017188 0.043750
0 0.721875 0.211719 0.018750 0.042188
0 0.739844 0.209375 0.017188 0.046875
0 0.751563 0.205469 0.015625 0.051563
0 0.720313 0.274219 0.021875 0.060938
0 0.679688 0.246875 0.021875 0.059375
