0 0.261719 0.459375 0.048438 0.096875
0 0.208594 0.457031 0.048438 0.095313
0 0.310938 0.297656 0.025000 0.035938
0 0.365625 0.265625 0.028125 0.050000
0 0.425000 0.278906 0.028125 0.045313
0 0.475781 0.331250 0.023438 0.053125
0 0.418750 0.231250 0.018750 0.034375
0 0.446094 0.229688 0.017188 0.031250
0 0.450000 0.189844 0.012500 0.032813
0 0.482813 0.200000 0.018750 0.034375
0 0.467969 0.153125 0.014063 0.025000
0 0.484375 0.147656 0.012500 0.023438
0 0.527344 0.147656 0.023438 0.032813
0 0.553125 0.147656 0.015625 0.032813
0 0.585156 0.143750 0.014063 0.031250
0 0.541406 0.200781 0.023438 0.035938
0 0.656250 0.253906 0.028125 0.048438
0 0.714063 0.285938 0.031250 0.050000
0 0.767969 0.292969 0.026563 0.051563
0 0.881250 0.217969 0.018750 0.048438
0 0.798438 0.182813 0.018750 0.043750
0 0.757812 0.117188 0.018750 0.028125
0 0.807031 0.125000 0.014063 0.031250
0 0.700000 0.152344 0.018750 0.042188
0 0.710938 0.146875 0.018750 0.031250
0 0.743750 0.142969 0.015625 0.035938
0 0.473438 0.192188 0.015625 0.034375
