0 0.121875 0.671875 0.106250 0.240625
0 0.105469 0.568750 0.079688 0.134375
0 0.083594 0.430469 0.039062 0.089063
0 0.100781 0.400781 0.029688 0.070312
0 0.154688 0.421094 0.025000 0.060938
0 0.146094 0.379688 0.023438 0.043750
0 0.183594 0.417188 0.029688 0.059375
0 0.196875 0.453906 0.043750 0.073438
0 0.252344 0.408594 0.029688 0.054688
0 0.249219 0.518750 0.054688 0.115625
0 0.365625 0.582813 0.062500 0.140625
0 0.421094 0.657813 0.101562 0.187500
0 0.372656 0.412500 0.029688 0.068750
0 0.390625 0.411719 0.028125 0.051563
0 0.408594 0.438281 0.032813 0.057813
0 0.435156 0.406250 0.020313 0.050000
0 0.460938 0.444531 0.037500 0.060938
0 0.500781 0.444531 0.026563 0.045313
0 0.546094 0.470313 0.035938 0.078125
0 0.541406 0.413281 0.020313 0.042188
0 0.518750 0.414844 0.018750 0.039062
0 0.554688 0.422656 0.015625 0.045313
0 0.601562 0.423438 0.021875 0.046875
0 0.619531 0.503125 0.035938 0.075000
0 0.617188 0.448438 0.021875 0.040625
0 0.635156 0.428906 0.017188 0.048438
0 0.663281 0.442188 0.020313 0.050000
0 0.677344 0.463281 0.023438 0.051563
0 0.714844 0.507812 0.051563 0.118750
0 0.740625 0.464844 0.025000 0.054688
0 0.691406 0.425000 0.014063 0.037500
0 0.732031 0.428125 0.020313 0.037500
0 0.789062 0.489844 0.040625 0.076563
0 0.783594 0.445312 0.017188 0.040625
0 0.805469 0.453906 0.023438 0.054688
0 0.802344 0.560156 0.042188 0.095313
0 0.867188 0.575000 0.081250 0.109375
0 0.839844 0.501563 0.032813 0.081250
0 0.827344 0.450000 0.023438 0.062500
0 0.886719 0.468750 0.029688 0.062500
0 0.939844 0.571875 0.067187 0.121875
0 0.960938 0.522656 0.043750 0.079688
0 0.991406 0.519531 0.020313 0.082813
0 0.972656 0.472656 0.029688 0.060938
0 0.928125 0.470313 0.031250 0.065625
