0 0.036719 0.418750 0.035938 0.071875
0 0.255469 0.278906 0.017188 0.032813
0 0.288281 0.270313 0.017188 0.037500
0 0.312500 0.276562 0.015625 0.031250
0 0.322656 0.244531 0.014063 0.032813
0 0.311719 0.225781 0.017188 0.023438
0 0.344531 0.277344 0.017188 0.035938
0 0.398438 0.292969 0.025000 0.048438
0 0.346094 0.220313 0.017188 0.031250
0 0.375781 0.207031 0.014063 0.032813
0 0.389844 0.205469 0.017188 0.045313
0 0.430469 0.218750 0.017188 0.031250
0 0.460156 0.224219 0.014063 0.029688
0 0.489063 0.225000 0.018750 0.034375
0 0.500781 0.194531 0.014063 0.029688
0 0.485156 0.192188 0.014063 0.031250
0 0.455469 0.170313 0.017188 0.028125
0 0.446094 0.189844 0.017188 0.026563
0 0.430469 0.182031 0.017188 0.023438
0 0.457813 0.140625 0.012500 0.025000
0 0.481250 0.160156 0.012500 0.026563
0 0.489844 0.127344 0.007812 0.017188
0 0.479688 0.139844 0.012500 0.014063
0 0.513281 0.166406 0.014063 0.020313
0 0.523438 0.151563 0.012500 0.025000
0 0.542969 0.159375 0.014063 0.031250
0 0.553906 0.192969 0.014063 0.032813
0 0.543750 0.131250 0.012500 0.031250
0 0.566406 0.137500 0.014063 0.025000
0 0.571094 0.106250 0.010938 0.021875
0 0.587500 0.148438 0.012500 0.025000
0 0.583594 0.172656 0.014063 0.023438
0 0.591406 0.124219 0.010938 0.023438
0 0.628125 0.136719 0.012500 0.029688
0 0.617188 0.114844 0.012500 0.026563
0 0.613281 0.092188 0.010938 0.021875
0 0.630469 0.093750 0.010938 0.025000
0 0.647656 0.100000 0.010938 0.031250
0 0.657813 0.107031 0.012500 0.026563
0 0.679688 0.118750 0.012500 0.031250
0 0.483594 0.306250 0.023438 0.053125
0 0.567969 0.285938 0.023438 0.056250
0 0.575000 0.240625 0.018750 0.043750
0 0.617188 0.254688 0.021875 0.046875
0 0.597656 0.352344 0.026563 0.060938
0 0.683594 0.328906 0.029688 0.057813
0 0.667188 0.253125 0.021875 0.043750
0 0.614063 0.207031 0.018750 0.035938
0 0.664844 0.176563 0.017188 0.040625
0 0.675781 0.199219 0.020313 0.045313
0 0.708594 0.217188 0.017188 0.043750
0 0.715625 0.294531 0.025000 0.051563
0 0.786719 0.287500 0.023438 0.056250
0 0.766406 0.245313 0.023438 0.046875
0 0.758594 0.185938 0.017188 0.040625
0 0.712500 0.173438 0.015625 0.034375
0 0.690625 0.150000 0.012500 0.031250
0 0.737500 0.161719 0.015625 0.039062
0 0.716406 0.138281 0.017188 0.035938
0 0.711719 0.096875 0.017188 0.037500
0 0.744531 0.116406 0.014063 0.029688
0 0.755469 0.142969 0.017188 0.029688
0 0.757031 0.117188 0.014063 0.025000
0 0.782031 0.118750 0.014063 0.031250
0 0.793750 0.110938 0.012500 0.031250
0 0.784375 0.160938 0.015625 0.037500
0 0.810938 0.181250 0.018750 0.037500
0 0.810938 0.128125 0.012500 0.031250
0 0.831250 0.119531 0.012500 0.026563
0 0.842969 0.128125 0.010938 0.031250
0 0.834375 0.157031 0.012500 0.035938
0 0.857813 0.182031 0.015625 0.042188
0 0.865625 0.151563 0.015625 0.040625
0 0.883594 0.134375 0.010938 0.025000
0 0.879688 0.152344 0.009375 0.029688
0 0.892188 0.181250 0.012500 0.037500
0 0.878125 0.214063 0.015625 0.040625
0 0.904688 0.165625 0.012500 0.034375
0 0.906250 0.131250 0.012500 0.034375
0 0.932031 0.283594 0.017188 0.054688
0 0.936719 0.185938 0.014063 0.034375
0 0.950781 0.153906 0.014063 0.032813
0 0.941406 0.152344 0.007812 0.023438
