0 0.028906 0.551563 0.051563 0.093750
0 0.089063 0.518750 0.068750 0.090625
0 0.119531 0.521094 0.048438 0.070312
0 0.199219 0.521875 0.057813 0.075000
0 0.250000 0.526563 0.050000 0.068750
0 0.354688 0.585938 0.112500 0.140625
0 0.403906 0.538281 0.039062 0.079688
0 0.434375 0.525781 0.037500 0.082813
0 0.521094 0.557031 0.064063 0.110938
0 0.628906 0.625000 0.098438 0.156250
0 0.695312 0.559375 0.096875 0.131250
0 0.560937 0.491406 0.056250 0.082813
0 0.892969 0.560156 0.054688 0.082813
0 0.960938 0.542188 0.062500 0.106250
