0 0.028906 0.398438 0.054688 0.075000
0 0.135156 0.401563 0.057813 0.071875
0 0.221094 0.394531 0.051563 0.064063
0 0.196094 0.337500 0.035938 0.046875
0 0.272656 0.345313 0.032813 0.056250
0 0.310938 0.403906 0.050000 0.076563
0 0.348438 0.365625 0.031250 0.046875
0 0.339844 0.325781 0.029688 0.039062
0 0.354688 0.313281 0.025000 0.039062
0 0.392188 0.309375 0.025000 0.046875
0 0.415625 0.337500 0.028125 0.046875
0 0.415625 0.395313 0.046875 0.075000
0 0.494531 0.361719 0.042188 0.064063
0 0.475000 0.335938 0.025000 0.043750
0 0.440625 0.311719 0.021875 0.035938
0 0.445312 0.221875 0.018750 0.031250
0 0.489063 0.289844 0.025000 0.039062
0 0.519531 0.345313 0.029688 0.046875
0 0.508594 0.313281 0.020313 0.032813
0 0.526563 0.293750 0.021875 0.031250
0 0.550000 0.313281 0.018750 0.039062
0 0.500000 0.243750 0.018750 0.028125
0 0.687500 0.323438 0.021875 0.043750
0 0.693750 0.301563 0.018750 0.025000
0 0.810938 0.429688 0.050000 0.071875
