0 0.013281 0.567969 0.023438 0.064063
0 0.073438 0.533594 0.015625 0.032813
0 0.071875 0.500781 0.018750 0.035938
0 0.096875 0.526563 0.015625 0.037500
0 0.114844 0.512500 0.014063 0.034375
0 0.122656 0.542188 0.020313 0.043750
0 0.147656 0.562500 0.032813 0.056250
0 0.148438 0.514062 0.015625 0.034375
0 0.170313 0.504688 0.015625 0.031250
0 0.179688 0.499219 0.015625 0.045313
0 0.196094 0.497656 0.014063 0.035938
0 0.210156 0.510156 0.010938 0.026563
0 0.218750 0.489844 0.015625 0.032813
0 0.224219 0.529687 0.020313 0.043750
0 0.209375 0.542969 0.021875 0.042188
0 0.210156 0.599219 0.035938 0.064063
0 0.266406 0.542969 0.023438 0.042188
0 0.246875 0.502344 0.015625 0.032813
0 0.240625 0.497656 0.009375 0.023438
0 0.265625 0.493750 0.012500 0.031250
0 0.282813 0.528906 0.015625 0.039062
0 0.306250 0.550781 0.025000 0.048438
0 0.319531 0.526563 0.017188 0.043750
0 0.342969 0.548438 0.023438 0.053125
0 0.339063 0.596875 0.037500 0.078125
0 0.302344 0.494531 0.014063 0.035938
0 0.293750 0.485938 0.012500 0.028125
0 0.312500 0.475781 0.012500 0.026563
0 0.347656 0.515625 0.020313 0.034375
0 0.371875 0.538281 0.018750 0.051563
0 0.403906 0.551563 0.023438 0.056250
0 0.399219 0.510938 0.017188 0.037500
0 0.405469 0.483594 0.017188 0.039062
0 0.391406 0.472656 0.010938 0.032813
0 0.387500 0.443750 0.012500 0.025000
0 0.369531 0.461719 0.014063 0.029688
0 0.370313 0.509375 0.015625 0.040625
0 0.359375 0.491406 0.012500 0.029688
0 0.348438 0.472656 0.012500 0.029688
0 0.422656 0.510156 0.017188 0.039062
0 0.434375 0.488281 0.012500 0.032813
0 0.421875 0.464063 0.012500 0.025000
0 0.441406 0.461719 0.010938 0.029688
0 0.456250 0.514844 0.021875 0.035938
0 0.459375 0.546875 0.025000 0.053125
0 0.486719 0.529687 0.020313 0.050000
0 0.471094 0.485938 0.017188 0.046875
0 0.505469 0.491406 0.014063 0.035938
0 0.532031 0.534375 0.023438 0.053125
0 0.531250 0.501563 0.015625 0.031250
0 0.535938 0.465625 0.012500 0.028125
0 0.519531 0.471094 0.010938 0.020313
0 0.517188 0.484375 0.012500 0.025000
0 0.570312 0.513281 0.018750 0.042188
0 0.580469 0.503125 0.017188 0.031250
0 0.572656 0.482813 0.010938 0.025000
0 0.567969 0.466406 0.010938 0.020313
0 0.599219 0.467188 0.010938 0.028125
0 0.605469 0.483594 0.014063 0.035938
0 0.616406 0.505469 0.014063 0.029688
0 0.626563 0.475000 0.012500 0.031250
0 0.641406 0.485938 0.014063 0.037500
0 0.635938 0.467969 0.012500 0.032813
0 0.666406 0.459375 0.014063 0.031250
0 0.673438 0.479688 0.015625 0.034375
0 0.699219 0.478906 0.014063 0.035938
0 0.722656 0.463281 0.010938 0.029688
0 0.584375 0.604688 0.034375 0.081250
0 0.639063 0.561719 0.031250 0.073438
0 0.690625 0.549219 0.021875 0.060938
0 0.712500 0.552344 0.028125 0.073438
0 0.732031 0.519531 0.023438 0.045313
0 0.700000 0.633594 0.040625 0.079688
0 0.760156 0.655469 0.048438 0.079688
0 0.775000 0.582813 0.034375 0.068750
0 0.755469 0.555469 0.023438 0.057813
0 0.765625 0.526563 0.021875 0.043750
0 0.783594 0.488281 0.017188 0.042188
0 0.796875 0.476562 0.018750 0.040625
0 0.801563 0.513281 0.025000 0.051563
0 0.825781 0.484375 0.014063 0.043750
0 0.841406 0.484375 0.014063 0.037500
0 0.846875 0.457813 0.012500 0.028125
0 0.848438 0.417188 0.012500 0.031250
0 0.892969 0.408594 0.014063 0.035938
0 0.885938 0.416406 0.012500 0.029688
0 0.882812 0.487500 0.018750 0.040625
0 0.856250 0.521875 0.025000 0.053125
0 0.834375 0.568750 0.021875 0.068750
0 0.867969 0.657031 0.051563 0.114063
0 0.908594 0.570312 0.035938 0.075000
0 0.911719 0.517188 0.023438 0.050000
0 0.916406 0.489063 0.020313 0.046875
0 0.932813 0.477344 0.015625 0.039062
0 0.926563 0.443750 0.015625 0.034375
0 0.949219 0.421875 0.017188 0.034375
0 0.976562 0.407031 0.015625 0.039062
0 0.963281 0.553906 0.064063 0.129688
