0 0.099219 0.595313 0.089063 0.087500
0 0.183594 0.531250 0.042188 0.037500
0 0.223438 0.510938 0.046875 0.037500
0 0.267188 0.554688 0.065625 0.062500
0 0.371094 0.562500 0.092188 0.065625
0 0.388281 0.657813 0.120313 0.103125
0 0.585156 0.585938 0.073438 0.065625
0 0.824219 0.651563 0.107813 0.093750
0 0.511719 0.548438 0.064063 0.053125
0 0.482813 0.511719 0.037500 0.035938
0 0.419531 0.512500 0.039062 0.037500
0 0.455469 0.496875 0.032813 0.031250
0 0.426563 0.481250 0.028125 0.021875
0 0.439844 0.465625 0.020313 0.018750
0 0.457031 0.463281 0.020313 0.017188
0 0.493750 0.464844 0.028125 0.026563
0 0.546875 0.461719 0.025000 0.020313
0 0.564063 0.475781 0.031250 0.023438
0 0.646875 0.481250 0.031250 0.025000
0 0.668750 0.492188 0.034375 0.025000
0 0.694531 0.495313 0.029688 0.025000
0 0.694531 0.468750 0.020313 0.015625
0 0.719531 0.464844 0.023438 0.020313
0 0.737500 0.471875 0.028125 0.018750
0 0.773438 0.503125 0.040625 0.040625
0 0.749219 0.500000 0.026563 0.028125
0 0.796094 0.465625 0.032813 0.021875
0 0.769531 0.467188 0.020313 0.018750
0 0.778906 0.435156 0.017188 0.017188
0 0.850781 0.491406 0.029688 0.029688
0 0.843750 0.525781 0.050000 0.045313
0 0.905469 0.506250 0.048438 0.037500
0 0.918750 0.481250 0.037500 0.031250
0 0.883594 0.479688 0.026563 0.025000
0 0.843750 0.471875 0.028125 0.021875
0 0.826563 0.486719 0.031250 0.029688
0 0.420313 0.438281 0.018750 0.014063
0 0.383594 0.431250 0.020313 0.015625
0 0.339063 0.510156 0.043750 0.032813
0 0.369531 0.489844 0.026563 0.020313
0 0.385938 0.475000 0.025000 0.021875
0 0.364063 0.470313 0.021875 0.021875
0 0.349219 0.468750 0.023438 0.015625
0 0.253906 0.476562 0.035938 0.031250
0 0.135938 0.464063 0.021875 0.015625
0 0.139844 0.427344 0.026563 0.023438
0 0.095313 0.485156 0.037500 0.026563
0 0.107031 0.464063 0.026563 0.021875
0 0.132031 0.489063 0.029688 0.025000
0 0.160156 0.498438 0.035938 0.028125
0 0.193750 0.492188 0.025000 0.021875
0 0.189844 0.468750 0.020313 0.018750
0 0.216406 0.473438 0.023438 0.021875
0 0.160156 0.471875 0.020313 0.018750
0 0.046875 0.481250 0.031250 0.021875
0 0.050781 0.465625 0.020313 0.015625
0 0.071094 0.470313 0.026563 0.025000
0 0.017188 0.489063 0.031250 0.046875
