0 0.209375 0.491406 0.037500 0.073438
0 0.342188 0.225000 0.025000 0.040625
0 0.354688 0.257031 0.025000 0.051563
0 0.397656 0.267188 0.023438 0.043750
0 0.373438 0.237500 0.021875 0.034375
0 0.399219 0.235156 0.020313 0.039062
0 0.413281 0.203125 0.017188 0.037500
0 0.442188 0.222656 0.021875 0.039062
0 0.471875 0.235938 0.028125 0.050000
0 0.514062 0.185156 0.021875 0.045313
0 0.454688 0.175000 0.015625 0.031250
0 0.442969 0.171094 0.014063 0.032813
0 0.460156 0.153906 0.017188 0.032813
0 0.471094 0.146875 0.017188 0.025000
0 0.512500 0.127344 0.012500 0.023438
0 0.526563 0.147656 0.012500 0.029688
0 0.535938 0.135156 0.012500 0.023438
0 0.550781 0.161719 0.017188 0.039062
0 0.560937 0.140625 0.015625 0.028125
0 0.571094 0.128125 0.014063 0.028125
0 0.585156 0.163281 0.017188 0.035938
0 0.590625 0.129688 0.015625 0.025000
0 0.599219 0.114063 0.014063 0.025000
0 0.616406 0.147656 0.020313 0.039062
0 0.617188 0.119531 0.015625 0.026563
0 0.638281 0.111719 0.017188 0.029688
0 0.646875 0.096875 0.015625 0.031250
0 0.655469 0.111719 0.014063 0.029688
0 0.653906 0.138281 0.014063 0.029688
0 0.673438 0.121875 0.015625 0.028125
0 0.700781 0.107813 0.017188 0.031250
0 0.550781 0.306250 0.026563 0.062500
0 0.566406 0.252344 0.026563 0.042188
0 0.613281 0.217188 0.026563 0.046875
0 0.614844 0.257812 0.029688 0.059375
0 0.637500 0.312500 0.031250 0.065625
0 0.654688 0.269531 0.028125 0.051563
0 0.664062 0.226562 0.028125 0.053125
0 0.687500 0.192969 0.025000 0.045313
0 0.716406 0.220313 0.023438 0.050000
0 0.723438 0.172656 0.021875 0.042188
0 0.741406 0.188281 0.026563 0.048438
0 0.760156 0.173438 0.020313 0.043750
0 0.760938 0.139844 0.018750 0.032813
0 0.782813 0.104688 0.015625 0.034375
0 0.796094 0.153125 0.017188 0.037500
0 0.792188 0.198438 0.015625 0.034375
0 0.782031 0.232031 0.026563 0.042188
0 0.778125 0.285938 0.028125 0.056250
0 0.809375 0.396094 0.037500 0.082813
0 0.897656 0.419531 0.035938 0.073438
0 0.875781 0.318750 0.032813 0.071875
0 0.916406 0.346094 0.035938 0.064063
0 0.914844 0.276562 0.026563 0.053125
0 0.934375 0.247656 0.021875 0.057813
0 0.878125 0.254688 0.025000 0.043750
0 0.825781 0.237500 0.020313 0.046875
0 0.835156 0.217969 0.023438 0.045313
0 0.822656 0.165625 0.017188 0.037500
0 0.807813 0.189844 0.018750 0.039062
0 0.821875 0.121875 0.018750 0.037500
0 0.853125 0.128906 0.015625 0.029688
0 0.875781 0.142187 0.014063 0.028125
0 0.864844 0.171875 0.017188 0.031250
0 0.853125 0.192969 0.018750 0.042188
0 0.880469 0.220313 0.017188 0.031250
0 0.903125 0.180469 0.015625 0.042188
0 0.910156 0.142187 0.020313 0.037500
