0 0.471875 0.575781 0.106250 0.260937
0 0.666406 0.472656 0.092188 0.195312
0 0.696875 0.384375 0.084375 0.153125
0 0.807813 0.372656 0.075000 0.123438
0 0.840625 0.383594 0.053125 0.126562
0 0.865625 0.299219 0.050000 0.120313
0 0.907031 0.292969 0.035938 0.079688
0 0.929688 0.271094 0.028125 0.067187
0 0.963281 0.283594 0.035938 0.070312
0 0.802344 0.218750 0.029688 0.050000
0 0.805469 0.279688 0.029688 0.062500
0 0.750000 0.256250 0.034375 0.062500
0 0.756250 0.209375 0.028125 0.053125
0 0.685938 0.278906 0.034375 0.070312
0 0.709375 0.271875 0.028125 0.065625
0 0.695312 0.213281 0.031250 0.048438
0 0.643750 0.291406 0.040625 0.098438
0 0.643750 0.241406 0.028125 0.051563
0 0.607813 0.217969 0.031250 0.060938
0 0.584375 0.296094 0.056250 0.114063
0 0.488281 0.269531 0.039062 0.070312
0 0.525000 0.246875 0.028125 0.059375
0 0.553125 0.232031 0.028125 0.057813
0 0.557813 0.200000 0.018750 0.037500
0 0.576562 0.217188 0.018750 0.040625
0 0.455469 0.262500 0.039062 0.065625
0 0.345313 0.276562 0.053125 0.112500
0 0.402344 0.278125 0.039062 0.100000
0 0.376563 0.252344 0.034375 0.076563
0 0.378125 0.208594 0.021875 0.039062
0 0.402344 0.191406 0.026563 0.054688
0 0.320312 0.211719 0.028125 0.057813
0 0.257812 0.314063 0.053125 0.112500
0 0.253906 0.270313 0.045313 0.053125
0 0.267188 0.226562 0.025000 0.046875
0 0.250781 0.190625 0.039062 0.056250
0 0.214063 0.229688 0.040625 0.062500
0 0.178125 0.269531 0.050000 0.082813
0 0.056250 0.334375 0.068750 0.131250
0 0.059375 0.266406 0.050000 0.064063
0 0.060156 0.225781 0.035938 0.051563
0 0.134375 0.242969 0.040625 0.070312
0 0.442188 0.346875 0.084375 0.153125
0 0.460938 0.221875 0.034375 0.050000
