0 0.244531 0.438281 0.048438 0.095313
0 0.279688 0.248438 0.015625 0.028125
0 0.305469 0.242188 0.017188 0.034375
0 0.326563 0.250781 0.018750 0.035938
0 0.346094 0.251563 0.020313 0.043750
0 0.334375 0.219531 0.018750 0.029688
0 0.328125 0.209375 0.015625 0.021875
0 0.321875 0.246875 0.012500 0.025000
0 0.382031 0.257812 0.020313 0.040625
0 0.407813 0.270313 0.021875 0.043750
0 0.404688 0.227344 0.018750 0.035938
0 0.384375 0.192188 0.018750 0.037500
0 0.403906 0.170313 0.017188 0.028125
0 0.428125 0.181250 0.015625 0.028125
0 0.437500 0.167969 0.015625 0.035938
0 0.460938 0.219531 0.021875 0.035938
0 0.484375 0.225000 0.018750 0.040625
0 0.457031 0.154688 0.017188 0.031250
0 0.475000 0.156250 0.015625 0.034375
0 0.525781 0.196875 0.020313 0.031250
0 0.547656 0.167188 0.017188 0.034375
0 0.521094 0.148438 0.014063 0.028125
0 0.504688 0.123438 0.012500 0.025000
0 0.554688 0.142187 0.015625 0.028125
0 0.579688 0.169531 0.015625 0.032813
0 0.588281 0.147656 0.017188 0.029688
0 0.617969 0.141406 0.014063 0.029688
0 0.629688 0.129688 0.015625 0.028125
0 0.616406 0.098438 0.017188 0.034375
0 0.653125 0.117188 0.015625 0.028125
0 0.682031 0.110938 0.014063 0.031250
0 0.500781 0.285938 0.029688 0.050000
0 0.545312 0.317969 0.031250 0.060938
0 0.559375 0.254688 0.025000 0.046875
0 0.618750 0.211719 0.018750 0.042188
0 0.632031 0.250000 0.026563 0.046875
0 0.678906 0.242188 0.026563 0.046875
0 0.691406 0.301563 0.032813 0.059375
0 0.750781 0.332813 0.035938 0.071875
0 0.732813 0.291406 0.028125 0.060938
0 0.796875 0.269531 0.028125 0.051563
0 0.762500 0.217188 0.021875 0.040625
0 0.710156 0.221875 0.026563 0.043750
0 0.662500 0.175781 0.018750 0.035938
0 0.696875 0.155469 0.018750 0.035938
0 0.735156 0.153125 0.017188 0.037500
0 0.767188 0.147656 0.015625 0.026563
0 0.778125 0.171875 0.015625 0.034375
0 0.792969 0.152344 0.014063 0.029688
0 0.816406 0.173438 0.014063 0.034375
0 0.789844 0.211719 0.020313 0.039062
0 0.818750 0.227344 0.021875 0.051563
0 0.845313 0.152344 0.012500 0.029688
0 0.828125 0.167969 0.015625 0.029688
0 0.876563 0.299219 0.028125 0.051563
0 0.864063 0.197656 0.015625 0.039062
0 0.853906 0.178906 0.017188 0.042188
0 0.877344 0.142187 0.017188 0.034375
0 0.878906 0.223438 0.020313 0.046875
0 0.891406 0.217188 0.017188 0.040625
0 0.892188 0.191406 0.015625 0.029688
0 0.925000 0.251563 0.021875 0.050000
