0 0.767969 0.321875 0.045313 0.081250
0 0.325781 0.218750 0.017188 0.025000
0 0.374219 0.204688 0.017188 0.031250
0 0.377344 0.182031 0.017188 0.032813
0 0.414844 0.181250 0.020313 0.031250
0 0.439844 0.182813 0.017188 0.028125
0 0.443750 0.160938 0.015625 0.028125
0 0.439844 0.146094 0.017188 0.023438
0 0.467188 0.222656 0.021875 0.048438
0 0.473438 0.170313 0.015625 0.034375
0 0.475781 0.136719 0.010938 0.023438
0 0.500000 0.142969 0.015625 0.026563
0 0.498438 0.181250 0.018750 0.040625
0 0.505469 0.195312 0.017188 0.040625
0 0.503906 0.126562 0.010938 0.025000
0 0.532813 0.130469 0.012500 0.023438
0 0.528125 0.171875 0.015625 0.031250
0 0.507812 0.167188 0.015625 0.031250
0 0.546094 0.189063 0.017188 0.031250
0 0.559375 0.193750 0.018750 0.043750
0 0.578125 0.241406 0.028125 0.060938
0 0.582813 0.189063 0.015625 0.034375
0 0.542969 0.155469 0.017188 0.035938
0 0.556250 0.120313 0.012500 0.028125
0 0.571094 0.142187 0.010938 0.028125
0 0.580469 0.148438 0.014063 0.031250
0 0.585156 0.129688 0.014063 0.034375
0 0.599219 0.141406 0.017188 0.032813
0 0.615625 0.111719 0.012500 0.023438
0 0.631250 0.135156 0.012500 0.023438
0 0.625781 0.153906 0.014063 0.023438
0 0.623438 0.172656 0.015625 0.039062
0 0.594531 0.171094 0.014063 0.026563
0 0.622656 0.217188 0.020313 0.040625
0 0.660156 0.196094 0.020313 0.042188
0 0.668750 0.232031 0.021875 0.048438
0 0.662500 0.124219 0.009375 0.020313
0 0.668750 0.140625 0.012500 0.025000
0 0.678906 0.114063 0.010938 0.031250
0 0.687500 0.149219 0.015625 0.023438
0 0.707031 0.125000 0.014063 0.031250
0 0.697656 0.181250 0.014063 0.031250
0 0.699219 0.246094 0.026563 0.042188
0 0.716406 0.195312 0.017188 0.040625
0 0.726562 0.149219 0.015625 0.032813
0 0.744531 0.153125 0.014063 0.031250
0 0.764844 0.142187 0.014063 0.028125
0 0.782031 0.153906 0.014063 0.032813
0 0.798438 0.142969 0.012500 0.026563
0 0.834375 0.137500 0.015625 0.028125
0 0.856250 0.143750 0.012500 0.034375
0 0.875781 0.159375 0.014063 0.031250
0 0.813281 0.164062 0.014063 0.031250
0 0.793750 0.171875 0.015625 0.031250
0 0.773438 0.189063 0.018750 0.034375
0 0.740625 0.179688 0.018750 0.034375
0 0.802344 0.210938 0.017188 0.037500
0 0.814063 0.204688 0.015625 0.040625
0 0.839063 0.183594 0.015625 0.035938
0 0.858594 0.210938 0.014063 0.037500
0 0.886719 0.236719 0.017188 0.039062
0 0.883594 0.275000 0.020313 0.046875
0 0.914844 0.255469 0.020313 0.048438
0 0.922656 0.182031 0.017188 0.032813
0 0.939844 0.192969 0.014063 0.035938
0 0.939844 0.230469 0.017188 0.045313
0 0.952344 0.182031 0.014063 0.035938
