0 0.066406 0.448438 0.129688 0.284375
0 0.115625 0.373438 0.031250 0.065625
0 0.152344 0.399219 0.045313 0.089063
0 0.207813 0.433594 0.068750 0.123438
0 0.250000 0.489844 0.043750 0.120313
0 0.231250 0.646094 0.078125 0.157813
0 0.288281 0.435156 0.042188 0.079688
0 0.290625 0.385156 0.025000 0.048438
0 0.317188 0.414062 0.028125 0.065625
0 0.345313 0.439844 0.040625 0.089063
0 0.366406 0.386719 0.026563 0.051563
0 0.404688 0.422656 0.034375 0.060938
0 0.460156 0.425000 0.035938 0.071875
0 0.492969 0.435156 0.029688 0.057813
0 0.534375 0.445312 0.037500 0.065625
0 0.531250 0.492969 0.043750 0.085938
0 0.587500 0.446875 0.034375 0.075000
0 0.643750 0.462500 0.031250 0.059375
0 0.655469 0.501563 0.039062 0.068750
0 0.680469 0.438281 0.029688 0.057813
0 0.681250 0.373438 0.031250 0.065625
0 0.773438 0.267188 0.043750 0.112500
0 0.880469 0.343750 0.029688 0.062500
0 0.236719 0.402344 0.026563 0.054688
0 0.209375 0.366406 0.031250 0.045313
