0 0.028906 0.455469 0.054688 0.107813
0 0.154688 0.362500 0.046875 0.065625
0 0.217188 0.166406 0.040625 0.057813
0 0.173438 0.521875 0.078125 0.106250
0 0.221875 0.428906 0.053125 0.082813
0 0.237500 0.389063 0.059375 0.090625
0 0.370313 0.199219 0.037500 0.039062
0 0.378906 0.473438 0.070312 0.112500
0 0.372656 0.416406 0.057813 0.089063
0 0.503125 0.419531 0.065625 0.101562
0 0.543750 0.219531 0.040625 0.057813
0 0.577344 0.457031 0.060938 0.123438
0 0.649219 0.402344 0.070312 0.095313
0 0.666406 0.544531 0.092188 0.157813
0 0.835156 0.618750 0.126562 0.206250
0 0.756250 0.441406 0.062500 0.107813
0 0.807031 0.396875 0.051563 0.078125
0 0.815625 0.339844 0.034375 0.054688
0 0.878125 0.419531 0.059375 0.104688
0 0.908594 0.385938 0.054688 0.078125
0 0.900000 0.348438 0.046875 0.068750
0 0.982813 0.384375 0.037500 0.084375
