0 0.260937 0.363281 0.046875 0.092188
0 0.289062 0.229688 0.018750 0.040625
0 0.307813 0.225781 0.021875 0.039062
0 0.327344 0.220313 0.017188 0.037500
0 0.343750 0.225781 0.021875 0.039062
0 0.348438 0.176563 0.015625 0.034375
0 0.366406 0.195312 0.014063 0.034375
0 0.376563 0.203906 0.015625 0.032813
0 0.392188 0.207813 0.018750 0.040625
0 0.379688 0.174219 0.015625 0.026563
0 0.407031 0.235938 0.017188 0.040625
0 0.424219 0.255469 0.023438 0.045313
0 0.421875 0.209375 0.018750 0.040625
0 0.425000 0.185938 0.018750 0.031250
0 0.403125 0.168750 0.015625 0.034375
0 0.425781 0.158594 0.014063 0.026563
0 0.442969 0.161719 0.017188 0.029688
0 0.447656 0.185938 0.017188 0.034375
0 0.463281 0.198438 0.017188 0.043750
0 0.478125 0.193750 0.015625 0.040625
0 0.467969 0.157813 0.014063 0.031250
0 0.473438 0.136719 0.015625 0.029688
0 0.496875 0.155469 0.015625 0.039062
0 0.517188 0.193750 0.021875 0.040625
0 0.538281 0.165625 0.014063 0.037500
0 0.541406 0.144531 0.017188 0.026563
0 0.511719 0.138281 0.010938 0.029688
0 0.500000 0.126562 0.012500 0.025000
0 0.547656 0.128125 0.014063 0.021875
0 0.565625 0.152344 0.015625 0.029688
0 0.559375 0.184375 0.021875 0.046875
0 0.584375 0.171875 0.018750 0.037500
0 0.575000 0.123438 0.012500 0.025000
0 0.601562 0.161719 0.015625 0.032813
0 0.597656 0.139844 0.014063 0.032813
0 0.601562 0.119531 0.012500 0.023438
0 0.623438 0.139063 0.015625 0.034375
0 0.617188 0.096094 0.012500 0.029688
0 0.634375 0.114063 0.015625 0.031250
0 0.653906 0.105469 0.014063 0.029688
0 0.659375 0.112500 0.012500 0.034375
0 0.652344 0.139063 0.017188 0.025000
0 0.642969 0.157031 0.014063 0.032813
0 0.680469 0.114063 0.014063 0.031250
0 0.690625 0.118750 0.015625 0.037500
0 0.704688 0.114844 0.012500 0.032813
0 0.563281 0.255469 0.023438 0.051563
0 0.614063 0.269531 0.025000 0.054688
0 0.605469 0.237500 0.020313 0.034375
0 0.642188 0.267969 0.028125 0.064063
0 0.661719 0.248438 0.023438 0.046875
0 0.669531 0.188281 0.020313 0.042188
0 0.717969 0.195312 0.017188 0.040625
0 0.701563 0.179688 0.015625 0.037500
0 0.745313 0.195312 0.018750 0.053125
0 0.735156 0.146875 0.017188 0.034375
0 0.753125 0.134375 0.018750 0.034375
0 0.778906 0.146094 0.014063 0.026563
0 0.781250 0.125781 0.012500 0.023438
0 0.792188 0.176563 0.015625 0.034375
0 0.801563 0.209375 0.018750 0.043750
0 0.764063 0.256250 0.025000 0.046875
0 0.728906 0.243750 0.023438 0.040625
0 0.667188 0.351562 0.034375 0.087500
0 0.744531 0.379688 0.029688 0.071875
0 0.784375 0.311719 0.028125 0.067187
0 0.838281 0.265625 0.026563 0.053125
0 0.844531 0.228125 0.020313 0.043750
0 0.856250 0.219531 0.012500 0.032813
0 0.817188 0.203125 0.018750 0.040625
0 0.830469 0.181250 0.017188 0.034375
0 0.810938 0.146875 0.012500 0.028125
0 0.827344 0.145313 0.014063 0.037500
0 0.842969 0.163281 0.014063 0.035938
0 0.856250 0.152344 0.012500 0.032813
0 0.867188 0.188281 0.015625 0.042188
0 0.878906 0.168750 0.014063 0.040625
0 0.887500 0.253125 0.018750 0.046875
0 0.913281 0.362500 0.029688 0.068750
0 0.936719 0.268750 0.017188 0.043750
0 0.932031 0.230469 0.017188 0.042188
0 0.938281 0.208594 0.010938 0.039062
0 0.946094 0.195312 0.014063 0.031250
0 0.899219 0.217188 0.017188 0.043750
0 0.905469 0.197656 0.017188 0.032813
0 0.907813 0.171094 0.012500 0.026563
0 0.912500 0.158594 0.009375 0.020313
