0 0.091406 0.653125 0.048438 0.065625
0 0.200781 0.644531 0.035938 0.060938
0 0.267969 0.647656 0.045313 0.054688
0 0.365625 0.636719 0.037500 0.051563
0 0.444531 0.632031 0.029688 0.051563
0 0.525000 0.628906 0.031250 0.057813
0 0.622656 0.627344 0.035938 0.060938
0 0.705469 0.635938 0.035938 0.071875
0 0.808594 0.633594 0.032813 0.060938
0 0.878906 0.612500 0.029688 0.065625
0 0.178906 0.888281 0.085938 0.110938
0 0.250781 0.828125 0.045313 0.078125
0 0.288281 0.863281 0.051563 0.120313
0 0.386719 0.938281 0.095313 0.120313
0 0.430469 0.828906 0.064063 0.085938
0 0.376563 0.802344 0.046875 0.076563
0 0.359375 0.864844 0.065625 0.082813
0 0.104688 0.810938 0.056250 0.065625
0 0.125000 0.881250 0.056250 0.103125
0 0.514844 0.862500 0.057813 0.106250
0 0.582813 0.896875 0.075000 0.071875
0 0.655469 0.792188 0.042188 0.075000
0 0.723438 0.820312 0.050000 0.068750
0 0.707813 0.872656 0.065625 0.085938
0 0.790625 0.888281 0.065625 0.110938
0 0.795313 0.802344 0.050000 0.076563
0 0.860938 0.886719 0.065625 0.126562
0 0.843750 0.809375 0.043750 0.075000
0 0.931250 0.847656 0.050000 0.082813
0 0.915625 0.786719 0.050000 0.079688
0 0.978125 0.824219 0.034375 0.120313
