0 0.101562 0.557031 0.125000 0.267188
0 0.365625 0.616406 0.112500 0.260937
0 0.297656 0.440625 0.076563 0.178125
0 0.371875 0.354688 0.053125 0.128125
0 0.291406 0.321094 0.042188 0.095313
0 0.313281 0.276562 0.039062 0.093750
0 0.232031 0.312500 0.048438 0.121875
0 0.187500 0.362500 0.062500 0.165625
0 0.127344 0.401563 0.092188 0.156250
0 0.457031 0.068750 0.042188 0.100000
0 0.530469 0.276562 0.039062 0.093750
0 0.560156 0.282031 0.042188 0.117188
0 0.589844 0.293750 0.051563 0.128125
0 0.632812 0.287500 0.040625 0.106250
0 0.679688 0.332813 0.062500 0.150000
0 0.713281 0.285156 0.057813 0.132812
0 0.803125 0.410938 0.078125 0.171875
0 0.817188 0.313281 0.043750 0.110938
0 0.773438 0.262500 0.034375 0.100000
0 0.867188 0.274219 0.040625 0.110938
0 0.927344 0.273438 0.039062 0.100000
0 0.981250 0.298438 0.034375 0.093750
