0 0.149219 0.475781 0.160938 0.251563
0 0.073438 0.238281 0.087500 0.154688
0 0.135938 0.224219 0.065625 0.120313
0 0.196875 0.280469 0.103125 0.170313
0 0.314063 0.521875 0.137500 0.234375
0 0.402344 0.470313 0.101562 0.200000
0 0.496094 0.514062 0.104688 0.196875
0 0.342188 0.199219 0.056250 0.104688
0 0.401563 0.171875 0.062500 0.125000
0 0.484375 0.227344 0.056250 0.092188
0 0.606250 0.351562 0.078125 0.125000
0 0.613281 0.204688 0.057813 0.112500
0 0.796875 0.238281 0.059375 0.114063
0 0.750000 0.257031 0.059375 0.098438
0 0.821094 0.352344 0.064063 0.120313
0 0.814844 0.739063 0.173438 0.325000
0 0.927344 0.491406 0.082813 0.142187
0 0.626563 0.456250 0.118750 0.178125
