0 0.048438 0.492969 0.053125 0.079688
0 0.122656 0.490625 0.039062 0.056250
0 0.159375 0.471094 0.031250 0.048438
0 0.021875 0.578906 0.040625 0.104688
0 0.316406 0.610938 0.073438 0.125000
0 0.331250 0.529687 0.043750 0.075000
0 0.403906 0.513281 0.048438 0.085938
0 0.444531 0.494531 0.039062 0.085938
0 0.527344 0.573438 0.067187 0.093750
0 0.351562 0.780469 0.140625 0.214063
0 0.539844 0.877344 0.207813 0.229688
0 0.637500 0.585156 0.087500 0.120313
0 0.808594 0.671875 0.114063 0.178125
0 0.738281 0.399219 0.045313 0.070312
