0 0.331250 0.146875 0.021875 0.040625
0 0.388281 0.123438 0.017188 0.028125
0 0.417188 0.219531 0.018750 0.035938
0 0.452344 0.234375 0.020313 0.037500
0 0.552344 0.174219 0.017188 0.029688
0 0.564844 0.186719 0.017188 0.042188
0 0.619531 0.138281 0.014063 0.029688
0 0.638281 0.125000 0.017188 0.031250
0 0.673438 0.169531 0.015625 0.029688
0 0.682031 0.225781 0.020313 0.045313
0 0.632031 0.219531 0.020313 0.042188
0 0.625781 0.271875 0.023438 0.050000
0 0.689063 0.300000 0.028125 0.050000
0 0.632031 0.317969 0.029688 0.057813
0 0.939844 0.240625 0.020313 0.046875
