0 0.113281 0.278906 0.017188 0.035938
0 0.340625 0.214844 0.015625 0.032813
0 0.403125 0.246875 0.018750 0.043750
0 0.418750 0.216406 0.015625 0.032813
0 0.442969 0.211719 0.020313 0.045313
0 0.503125 0.215625 0.025000 0.040625
0 0.513281 0.188281 0.017188 0.039062
0 0.537500 0.193750 0.018750 0.040625
0 0.589063 0.166406 0.021875 0.035938
0 0.628125 0.123438 0.012500 0.031250
0 0.639063 0.257031 0.025000 0.048438
0 0.663281 0.189844 0.017188 0.045313
0 0.703125 0.193750 0.018750 0.037500
0 0.720313 0.296875 0.031250 0.068750
0 0.840625 0.332813 0.021875 0.068750
0 0.866406 0.286719 0.020313 0.054688
0 0.834375 0.228125 0.018750 0.050000
0 0.842188 0.201563 0.018750 0.034375
0 0.887500 0.225000 0.018750 0.043750
0 0.941406 0.239844 0.017188 0.039062
0 0.928125 0.290625 0.018750 0.040625
