0 0.123438 0.562500 0.040625 0.075000
0 0.838281 0.523438 0.029688 0.075000
0 0.723438 0.526563 0.040625 0.075000
0 0.554688 0.432031 0.021875 0.045313
0 0.605469 0.467969 0.032813 0.064063
0 0.653125 0.486719 0.037500 0.079688
0 0.960156 0.286719 0.014063 0.032813
0 0.900000 0.268750 0.012500 0.034375
0 0.860938 0.264844 0.015625 0.026563
0 0.828125 0.254688 0.012500 0.031250
0 0.799219 0.248438 0.017188 0.031250
0 0.763281 0.245313 0.014063 0.031250
0 0.689844 0.221094 0.010938 0.023438
0 0.613281 0.217188 0.010938 0.025000
0 0.567969 0.236719 0.010938 0.032813
0 0.581250 0.232813 0.012500 0.025000
0 0.643750 0.222656 0.012500 0.026563
0 0.652344 0.235938 0.017188 0.028125
0 0.721094 0.261719 0.020313 0.032813
0 0.748438 0.264063 0.012500 0.034375
0 0.655469 0.268750 0.017188 0.031250
0 0.596094 0.247656 0.014063 0.026563
0 0.800781 0.299219 0.017188 0.042188
0 0.832813 0.314844 0.021875 0.039062
0 0.863281 0.332031 0.014063 0.042188
0 0.890625 0.350000 0.012500 0.040625
0 0.883594 0.282031 0.014063 0.026563
0 0.914062 0.291406 0.018750 0.039062
0 0.907813 0.332031 0.018750 0.045313
0 0.935156 0.343750 0.017188 0.031250
0 0.953906 0.324219 0.014063 0.032813
0 0.935156 0.313281 0.020313 0.035938
0 0.953125 0.371875 0.018750 0.037500
0 0.710938 0.310156 0.021875 0.039062
0 0.682813 0.307031 0.015625 0.035938
0 0.651563 0.314063 0.028125 0.037500
0 0.594531 0.285156 0.017188 0.029688
0 0.619531 0.260156 0.014063 0.026563
0 0.518750 0.272656 0.012500 0.023438
0 0.475781 0.251563 0.020313 0.025000
0 0.556250 0.261719 0.018750 0.032813
0 0.556250 0.297656 0.018750 0.032813
0 0.400781 0.271875 0.014063 0.034375
0 0.435156 0.272656 0.014063 0.023438
0 0.471875 0.290625 0.018750 0.025000
0 0.483594 0.321875 0.023438 0.028125
0 0.519531 0.335156 0.020313 0.029688
0 0.359375 0.307031 0.021875 0.026563
0 0.289844 0.321094 0.020313 0.026563
0 0.231250 0.349219 0.018750 0.029688
0 0.266406 0.357031 0.020313 0.042188
0 0.339063 0.367188 0.028125 0.056250
0 0.415625 0.346875 0.021875 0.046875
0 0.450000 0.350000 0.018750 0.040625
0 0.553125 0.374219 0.021875 0.042188
0 0.488281 0.419531 0.026563 0.048438
0 0.610156 0.394531 0.026563 0.051563
0 0.613281 0.343750 0.023438 0.034375
0 0.664062 0.385938 0.028125 0.040625
0 0.703906 0.382031 0.020313 0.035938
0 0.739844 0.414062 0.029688 0.050000
0 0.803906 0.443750 0.029688 0.062500
0 0.830469 0.374219 0.029688 0.048438
0 0.878125 0.406250 0.028125 0.065625
0 0.942969 0.478125 0.029688 0.062500
0 0.413281 0.315625 0.023438 0.043750
0 0.429688 0.310938 0.021875 0.040625
0 0.534375 0.292969 0.025000 0.048438
0 0.689844 0.243750 0.017188 0.031250
0 0.358594 0.347656 0.017188 0.042188
0 0.532031 0.264844 0.017188 0.032813
