0 0.189063 0.441406 0.053125 0.104688
0 0.339844 0.219531 0.017188 0.035938
0 0.331250 0.202344 0.018750 0.032813
0 0.350000 0.192969 0.018750 0.035938
0 0.409375 0.200781 0.021875 0.042188
0 0.421875 0.176563 0.018750 0.034375
0 0.447656 0.192969 0.023438 0.039062
0 0.444531 0.226562 0.026563 0.037500
0 0.476562 0.231250 0.025000 0.046875
0 0.474219 0.195312 0.023438 0.043750
0 0.439844 0.144531 0.017188 0.029688
0 0.464063 0.139063 0.015625 0.028125
0 0.464063 0.150781 0.015625 0.029688
0 0.479688 0.163281 0.021875 0.029688
0 0.492969 0.130469 0.010938 0.029688
0 0.500781 0.121094 0.014063 0.023438
0 0.511719 0.153906 0.020313 0.032813
0 0.537500 0.182031 0.018750 0.029688
0 0.535938 0.155469 0.018750 0.035938
0 0.536719 0.138281 0.014063 0.029688
0 0.546094 0.127344 0.014063 0.023438
0 0.523438 0.138281 0.012500 0.029688
0 0.557813 0.163281 0.012500 0.029688
0 0.574219 0.242969 0.023438 0.042188
0 0.521094 0.268750 0.023438 0.056250
0 0.553125 0.287500 0.025000 0.059375
0 0.576562 0.135156 0.015625 0.035938
0 0.586719 0.110938 0.014063 0.028125
0 0.612500 0.097656 0.009375 0.023438
0 0.617188 0.115625 0.012500 0.025000
0 0.634375 0.101562 0.009375 0.025000
0 0.658594 0.104688 0.010938 0.025000
0 0.655469 0.118750 0.010938 0.028125
0 0.657813 0.137500 0.012500 0.028125
0 0.622656 0.150781 0.014063 0.032813
0 0.628125 0.134375 0.012500 0.028125
0 0.596094 0.145313 0.014063 0.028125
0 0.586719 0.167969 0.014063 0.032813
0 0.676563 0.122656 0.009375 0.020313
0 0.700000 0.123438 0.012500 0.034375
0 0.721094 0.143750 0.014063 0.034375
0 0.710938 0.162500 0.015625 0.037500
0 0.703125 0.196094 0.018750 0.042188
0 0.671875 0.178906 0.018750 0.045313
0 0.670313 0.214844 0.018750 0.045313
0 0.625781 0.223438 0.023438 0.046875
0 0.625000 0.285938 0.031250 0.062500
0 0.661719 0.260937 0.020313 0.046875
0 0.687500 0.321875 0.031250 0.071875
0 0.739063 0.362500 0.031250 0.075000
0 0.726562 0.225000 0.021875 0.050000
0 0.756250 0.121875 0.012500 0.031250
0 0.753906 0.146094 0.014063 0.029688
0 0.749219 0.167969 0.010938 0.029688
0 0.770313 0.182813 0.015625 0.037500
0 0.767969 0.133594 0.010938 0.032813
0 0.785938 0.128906 0.012500 0.032813
0 0.789062 0.157813 0.018750 0.034375
0 0.784375 0.211719 0.021875 0.051563
0 0.807813 0.258594 0.018750 0.042188
0 0.802344 0.289062 0.023438 0.065625
0 0.836719 0.353125 0.029688 0.071875
0 0.843750 0.339844 0.025000 0.051563
0 0.865625 0.284375 0.021875 0.046875
0 0.842969 0.214844 0.017188 0.039062
0 0.809375 0.182813 0.015625 0.034375
0 0.826563 0.172656 0.015625 0.032813
0 0.841406 0.152344 0.014063 0.032813
0 0.852344 0.189063 0.014063 0.037500
0 0.867188 0.175781 0.015625 0.032813
0 0.875000 0.153125 0.015625 0.037500
0 0.899219 0.178906 0.010938 0.032813
0 0.908594 0.168750 0.010938 0.031250
0 0.914844 0.167969 0.010938 0.029688
0 0.887500 0.224219 0.015625 0.045313
0 0.944531 0.183594 0.010938 0.029688
0 0.943750 0.217188 0.012500 0.037500
0 0.930469 0.226562 0.017188 0.043750
0 0.926563 0.241406 0.015625 0.042188
0 0.924219 0.289844 0.020313 0.048438
0 0.916406 0.335156 0.017188 0.057813
