0 0.352344 0.213281 0.017188 0.032813
0 0.421875 0.233594 0.018750 0.032813
0 0.437500 0.220313 0.012500 0.034375
0 0.455469 0.225781 0.017188 0.048438
0 0.491406 0.235156 0.026563 0.039062
0 0.520313 0.192188 0.015625 0.040625
0 0.554688 0.196875 0.018750 0.037500
0 0.607031 0.182031 0.017188 0.029688
0 0.641406 0.151563 0.010938 0.028125
0 0.685156 0.198438 0.026563 0.037500
0 0.735156 0.192188 0.017188 0.037500
0 0.660156 0.262500 0.026563 0.040625
0 0.724219 0.314063 0.023438 0.056250
0 0.786719 0.255469 0.020313 0.039062
0 0.860156 0.243750 0.023438 0.034375
0 0.867969 0.210156 0.010938 0.032813
0 0.917188 0.232031 0.018750 0.029688
0 0.954688 0.222656 0.012500 0.035938
0 0.893750 0.296094 0.018750 0.039062
0 0.871875 0.339844 0.021875 0.057813
0 0.469531 0.092188 0.017188 0.021875
