0 0.064844 0.328125 0.051563 0.090625
0 0.146094 0.307813 0.048438 0.096875
0 0.169531 0.456250 0.051563 0.106250
0 0.247656 0.314063 0.054688 0.093750
0 0.281250 0.448438 0.056250 0.106250
0 0.352344 0.318750 0.051563 0.093750
0 0.381250 0.448438 0.056250 0.112500
0 0.446875 0.298438 0.046875 0.093750
0 0.497656 0.462500 0.045313 0.093750
0 0.532031 0.283594 0.045313 0.101562
0 0.623438 0.284375 0.043750 0.081250
0 0.596094 0.464063 0.051563 0.090625
0 0.703125 0.333594 0.046875 0.085938
0 0.703906 0.453125 0.054688 0.096875
0 0.756250 0.300000 0.046875 0.090625
0 0.794531 0.456250 0.054688 0.096875
0 0.848438 0.354688 0.043750 0.090625
0 0.907031 0.447656 0.048438 0.101562
0 0.917188 0.339063 0.046875 0.096875
