0 0.172656 0.483594 0.042188 0.079688
0 0.282813 0.246875 0.015625 0.031250
0 0.296875 0.243750 0.018750 0.034375
0 0.310156 0.253125 0.020313 0.037500
0 0.366406 0.257812 0.017188 0.034375
0 0.375000 0.278906 0.021875 0.042188
0 0.368750 0.196094 0.015625 0.035938
0 0.377344 0.213281 0.017188 0.032813
0 0.391406 0.223438 0.017188 0.031250
0 0.398438 0.195312 0.015625 0.031250
0 0.402344 0.169531 0.014063 0.026563
0 0.421094 0.168750 0.014063 0.028125
0 0.429688 0.175000 0.015625 0.031250
0 0.443750 0.224219 0.021875 0.039062
0 0.473438 0.232031 0.021875 0.035938
0 0.450000 0.183594 0.015625 0.032813
0 0.485156 0.197656 0.020313 0.039062
0 0.477344 0.178125 0.014063 0.028125
0 0.482813 0.164844 0.012500 0.023438
0 0.465625 0.138281 0.012500 0.026563
0 0.509375 0.164062 0.015625 0.028125
0 0.481250 0.146875 0.012500 0.025000
0 0.513281 0.147656 0.014063 0.029688
0 0.508594 0.121094 0.014063 0.026563
0 0.527344 0.136719 0.014063 0.023438
0 0.543750 0.189844 0.015625 0.035938
0 0.578125 0.164844 0.015625 0.035938
0 0.550781 0.124219 0.014063 0.029688
0 0.560937 0.131250 0.012500 0.028125
0 0.585156 0.117969 0.010938 0.026563
0 0.591406 0.107813 0.014063 0.028125
0 0.600000 0.152344 0.018750 0.032813
0 0.610156 0.129688 0.010938 0.028125
0 0.615625 0.100781 0.012500 0.023438
0 0.637500 0.129688 0.012500 0.028125
0 0.637500 0.101562 0.009375 0.025000
0 0.669531 0.106250 0.010938 0.028125
0 0.697656 0.103906 0.014063 0.026563
0 0.666406 0.160156 0.017188 0.032813
0 0.640625 0.174219 0.015625 0.035938
0 0.609375 0.208594 0.021875 0.039062
0 0.621094 0.243750 0.023438 0.050000
0 0.575000 0.237500 0.021875 0.040625
0 0.494531 0.306250 0.029688 0.062500
0 0.532813 0.325781 0.028125 0.054688
0 0.606250 0.321875 0.031250 0.062500
0 0.675781 0.325000 0.039062 0.065625
0 0.712500 0.264844 0.028125 0.054688
0 0.697656 0.234375 0.017188 0.040625
0 0.656250 0.212500 0.021875 0.043750
0 0.703906 0.172656 0.020313 0.045313
0 0.724219 0.200000 0.020313 0.043750
0 0.750000 0.214063 0.021875 0.050000
0 0.732031 0.118750 0.017188 0.028125
0 0.746875 0.138281 0.015625 0.032813
0 0.757812 0.129688 0.009375 0.031250
0 0.772656 0.139063 0.014063 0.031250
0 0.775000 0.189063 0.018750 0.040625
0 0.783594 0.265625 0.023438 0.046875
0 0.736719 0.353906 0.039062 0.076563
0 0.808594 0.368750 0.035938 0.065625
0 0.889063 0.364844 0.034375 0.076563
0 0.897656 0.302344 0.026563 0.067187
0 0.907031 0.258594 0.020313 0.045313
0 0.911719 0.225000 0.017188 0.037500
0 0.921094 0.198438 0.014063 0.037500
0 0.922656 0.159375 0.014063 0.031250
0 0.896094 0.178125 0.017188 0.040625
0 0.885156 0.157813 0.014063 0.040625
0 0.875781 0.198438 0.020313 0.037500
0 0.861719 0.252344 0.017188 0.048438
0 0.836719 0.289844 0.026563 0.054688
0 0.803906 0.253906 0.023438 0.042188
0 0.827344 0.189844 0.017188 0.042188
0 0.798438 0.142969 0.015625 0.029688
0 0.828125 0.138281 0.015625 0.035938
0 0.845313 0.168750 0.015625 0.034375
0 0.853906 0.150000 0.017188 0.031250
0 0.864844 0.125000 0.014063 0.031250
