0 0.407813 0.303125 0.021875 0.043750
0 0.352344 0.260937 0.017188 0.031250
0 0.342188 0.228125 0.015625 0.031250
0 0.314844 0.232813 0.014063 0.031250
0 0.400000 0.202344 0.015625 0.035938
0 0.439844 0.251563 0.023438 0.037500
0 0.421094 0.223438 0.017188 0.034375
0 0.484375 0.207813 0.018750 0.040625
0 0.470313 0.164844 0.015625 0.032813
0 0.525000 0.196875 0.018750 0.037500
0 0.525781 0.153125 0.014063 0.028125
0 0.563281 0.178125 0.017188 0.031250
0 0.563281 0.145313 0.014063 0.031250
0 0.588281 0.152344 0.014063 0.032813
0 0.589844 0.067969 0.014063 0.029688
0 0.552344 0.297656 0.023438 0.039062
0 0.586719 0.253125 0.023438 0.043750
0 0.653125 0.262500 0.021875 0.050000
0 0.666406 0.210938 0.017188 0.037500
0 0.662500 0.175000 0.015625 0.025000
0 0.700781 0.254688 0.023438 0.037500
0 0.734375 0.266406 0.025000 0.048438
0 0.755469 0.227344 0.017188 0.039062
0 0.799219 0.275781 0.026563 0.051563
0 0.815625 0.239063 0.018750 0.043750
0 0.775781 0.201563 0.014063 0.031250
0 0.759375 0.178906 0.015625 0.032813
0 0.732031 0.164844 0.017188 0.035938
0 0.766406 0.128906 0.010938 0.032813
0 0.802344 0.130469 0.010938 0.032813
0 0.831250 0.089063 0.015625 0.031250
0 0.806250 0.173438 0.012500 0.031250
0 0.844531 0.189844 0.010938 0.032813
0 0.828125 0.217969 0.015625 0.032813
0 0.865625 0.228906 0.015625 0.051563
0 0.875781 0.221875 0.014063 0.043750
0 0.867969 0.143750 0.010938 0.034375
0 0.930469 0.098438 0.010938 0.028125
0 0.898438 0.272656 0.031250 0.064063
