0 0.207813 0.456250 0.050000 0.106250
0 0.255469 0.428906 0.048438 0.107813
0 0.316406 0.286719 0.020313 0.042188
0 0.371875 0.262500 0.021875 0.040625
0 0.446875 0.267969 0.021875 0.045313
0 0.428906 0.227344 0.017188 0.039062
0 0.458594 0.226562 0.023438 0.043750
0 0.458594 0.186719 0.017188 0.042188
0 0.483594 0.196875 0.020313 0.043750
0 0.464844 0.157813 0.014063 0.028125
0 0.481250 0.155469 0.015625 0.029688
0 0.544531 0.142187 0.014063 0.034375
0 0.569531 0.149219 0.014063 0.039062
0 0.589844 0.153906 0.017188 0.042188
0 0.546094 0.200000 0.020313 0.037500
0 0.486719 0.323438 0.026563 0.050000
0 0.671094 0.257812 0.029688 0.056250
0 0.745313 0.278125 0.025000 0.053125
0 0.802344 0.291406 0.026563 0.054688
0 0.703906 0.151563 0.017188 0.034375
0 0.733594 0.148438 0.017188 0.040625
0 0.746094 0.166406 0.020313 0.032813
0 0.764063 0.150000 0.015625 0.031250
0 0.786719 0.163281 0.020313 0.039062
0 0.818750 0.183594 0.015625 0.045313
0 0.832031 0.126562 0.014063 0.034375
0 0.904688 0.214844 0.021875 0.051563
