0 0.156250 0.500781 0.056250 0.104688
0 0.232813 0.336719 0.018750 0.035938
0 0.259375 0.351562 0.025000 0.046875
0 0.297656 0.356250 0.023438 0.043750
0 0.289844 0.300781 0.017188 0.035938
0 0.334375 0.360938 0.025000 0.043750
0 0.367969 0.314844 0.017188 0.032813
0 0.360156 0.287500 0.017188 0.031250
0 0.392969 0.325000 0.017188 0.034375
0 0.414844 0.326563 0.020313 0.034375
0 0.412500 0.290625 0.015625 0.031250
0 0.447656 0.335938 0.023438 0.046875
0 0.389063 0.260937 0.015625 0.034375
0 0.400781 0.275781 0.014063 0.026563
0 0.411719 0.257812 0.017188 0.031250
0 0.451563 0.259375 0.015625 0.028125
0 0.436719 0.278906 0.017188 0.035938
0 0.470313 0.299219 0.015625 0.032813
0 0.514062 0.302344 0.018750 0.035938
0 0.497656 0.261719 0.017188 0.032813
0 0.466406 0.237500 0.014063 0.028125
0 0.472656 0.226562 0.010938 0.021875
0 0.519531 0.241406 0.017188 0.029688
0 0.547656 0.243750 0.017188 0.031250
0 0.552344 0.282031 0.017188 0.039062
0 0.582031 0.250000 0.017188 0.034375
0 0.559375 0.210938 0.012500 0.031250
0 0.571875 0.212500 0.012500 0.018750
0 0.575000 0.235156 0.012500 0.023438
0 0.600781 0.235938 0.014063 0.031250
0 0.610938 0.199219 0.012500 0.026563
0 0.627344 0.208594 0.010938 0.026563
0 0.635156 0.224219 0.010938 0.026563
0 0.639844 0.242969 0.014063 0.029688
0 0.675781 0.227344 0.014063 0.032813
0 0.662500 0.214844 0.012500 0.023438
0 0.503125 0.380469 0.028125 0.064063
0 0.551563 0.391406 0.031250 0.060938
0 0.615625 0.417969 0.031250 0.070312
0 0.607813 0.371094 0.028125 0.054688
0 0.600000 0.317188 0.025000 0.043750
0 0.632812 0.291406 0.021875 0.039062
0 0.648438 0.325781 0.021875 0.048438
0 0.696875 0.345313 0.021875 0.050000
0 0.667188 0.432813 0.034375 0.071875
0 0.658594 0.386719 0.026563 0.054688
0 0.719531 0.456250 0.039062 0.081250
0 0.743750 0.397656 0.028125 0.054688
0 0.775000 0.448438 0.031250 0.059375
0 0.801563 0.353906 0.021875 0.051563
0 0.814063 0.504688 0.034375 0.068750
0 0.842969 0.426563 0.026563 0.059375
0 0.907813 0.460938 0.031250 0.065625
0 0.896094 0.387500 0.023438 0.050000
0 0.855469 0.377344 0.023438 0.054688
0 0.878125 0.314844 0.018750 0.045313
0 0.875000 0.359375 0.021875 0.043750
0 0.917969 0.357031 0.020313 0.045313
0 0.926563 0.326563 0.015625 0.037500
0 0.928906 0.292969 0.014063 0.032813
0 0.678906 0.266406 0.017188 0.035938
0 0.709375 0.249219 0.015625 0.035938
0 0.723438 0.283594 0.018750 0.039062
0 0.733594 0.257812 0.017188 0.037500
0 0.735156 0.229688 0.014063 0.031250
0 0.757031 0.225000 0.017188 0.031250
0 0.771094 0.281250 0.017188 0.040625
0 0.774219 0.249219 0.014063 0.029688
0 0.781250 0.236719 0.012500 0.026563
0 0.751563 0.258594 0.015625 0.029688
0 0.816406 0.300000 0.020313 0.034375
0 0.850781 0.301563 0.017188 0.037500
0 0.820312 0.342188 0.021875 0.050000
0 0.816406 0.270313 0.017188 0.031250
0 0.810156 0.238281 0.017188 0.035938
0 0.838281 0.254688 0.014063 0.031250
0 0.851562 0.267969 0.015625 0.032813
0 0.859375 0.255469 0.015625 0.029688
0 0.868750 0.247656 0.015625 0.032813
0 0.905469 0.281250 0.017188 0.037500
0 0.933594 0.259375 0.017188 0.031250
