0 0.079688 0.639063 0.156250 0.409375
0 0.185938 0.517969 0.037500 0.076563
0 0.239063 0.530469 0.037500 0.076563
0 0.296875 0.586719 0.093750 0.210938
0 0.360938 0.564844 0.053125 0.117188
0 0.415625 0.492969 0.056250 0.089063
0 0.417188 0.381250 0.043750 0.090625
0 0.485938 0.542969 0.028125 0.057813
0 0.580469 0.667188 0.160938 0.384375
0 0.716406 0.596875 0.042188 0.096875
0 0.703125 0.554688 0.046875 0.081250
0 0.664062 0.553125 0.034375 0.071875
0 0.769531 0.604688 0.057813 0.128125
0 0.807031 0.575000 0.035938 0.078125
0 0.864063 0.615625 0.053125 0.103125
0 0.945312 0.667188 0.106250 0.237500
