0 0.091406 0.535938 0.107813 0.181250
0 0.225000 0.414062 0.090625 0.143750
0 0.231250 0.314844 0.065625 0.107813
0 0.279688 0.360156 0.062500 0.092188
0 0.296875 0.288281 0.050000 0.082813
0 0.217969 0.254688 0.060938 0.078125
0 0.089063 0.433594 0.081250 0.123438
0 0.104688 0.317188 0.071875 0.115625
0 0.019531 0.307031 0.035938 0.098438
0 0.021875 0.403125 0.040625 0.112500
0 0.360938 0.619531 0.131250 0.242188
0 0.409375 0.467188 0.084375 0.146875
0 0.468750 0.404688 0.081250 0.131250
0 0.435156 0.332813 0.060938 0.103125
0 0.498438 0.319531 0.056250 0.110938
0 0.607031 0.516406 0.098438 0.154688
0 0.589063 0.380469 0.065625 0.114063
0 0.686719 0.375000 0.067187 0.115625
0 0.767969 0.348438 0.060938 0.103125
0 0.811719 0.398438 0.085938 0.137500
0 0.871875 0.485938 0.106250 0.181250
0 0.928906 0.376563 0.085938 0.146875
