0 0.040625 0.314844 0.062500 0.107813
0 0.133594 0.347656 0.079688 0.126562
0 0.259375 0.391406 0.087500 0.145313
0 0.526563 0.487500 0.121875 0.178125
0 0.557031 0.311719 0.070312 0.098438
0 0.678906 0.364844 0.073438 0.114063
0 0.435938 0.274219 0.053125 0.089063
0 0.342969 0.271094 0.051563 0.064063
0 0.316406 0.232031 0.035938 0.060938
0 0.244531 0.257031 0.039062 0.070312
0 0.175781 0.242188 0.045313 0.059375
0 0.129688 0.225781 0.040625 0.054688
0 0.419531 0.250781 0.045313 0.057813
0 0.488281 0.256250 0.045313 0.071875
0 0.518750 0.216406 0.034375 0.054688
0 0.557031 0.242969 0.039062 0.064063
0 0.594531 0.220313 0.035938 0.056250
0 0.656250 0.216406 0.031250 0.060938
0 0.707813 0.269531 0.056250 0.079688
0 0.796094 0.242188 0.045313 0.075000
0 0.857031 0.280469 0.064063 0.085938
0 0.939844 0.250781 0.051563 0.070312
0 0.945312 0.206250 0.037500 0.056250
