0 0.164062 0.488281 0.050000 0.101562
0 0.358594 0.202344 0.020313 0.039062
0 0.400000 0.214844 0.018750 0.032813
0 0.358594 0.233594 0.017188 0.032813
0 0.388281 0.273438 0.023438 0.040625
0 0.457813 0.225781 0.021875 0.042188
0 0.414844 0.162500 0.020313 0.034375
0 0.485938 0.141406 0.015625 0.035938
0 0.510156 0.129688 0.014063 0.028125
0 0.532813 0.124219 0.012500 0.029688
0 0.564844 0.130469 0.014063 0.029688
0 0.582031 0.123438 0.010938 0.034375
0 0.560937 0.181250 0.018750 0.034375
0 0.475781 0.341406 0.032813 0.057813
0 0.521875 0.325781 0.025000 0.051563
0 0.616406 0.250000 0.026563 0.065625
0 0.652344 0.221094 0.023438 0.057813
0 0.699219 0.262500 0.032813 0.075000
0 0.671875 0.360938 0.034375 0.071875
0 0.780469 0.272656 0.032813 0.067187
0 0.858594 0.130469 0.017188 0.029688
0 0.825000 0.300781 0.031250 0.067187
0 0.900000 0.303125 0.028125 0.062500
0 0.894531 0.084375 0.017188 0.040625
0 0.921875 0.155469 0.012500 0.032813
