0 0.378125 0.270313 0.021875 0.046875
0 0.349219 0.239844 0.020313 0.039062
0 0.385938 0.185156 0.015625 0.029688
0 0.414062 0.162500 0.018750 0.037500
0 0.456250 0.223438 0.021875 0.046875
0 0.480469 0.312500 0.026563 0.062500
0 0.530469 0.141406 0.014063 0.026563
0 0.564063 0.135938 0.015625 0.031250
0 0.593750 0.108594 0.015625 0.032813
0 0.533594 0.330469 0.029688 0.060938
0 0.596875 0.313281 0.034375 0.070312
0 0.622656 0.246094 0.023438 0.045313
0 0.659375 0.210156 0.021875 0.048438
0 0.683594 0.301563 0.045313 0.084375
0 0.784375 0.275781 0.028125 0.064063
0 0.836719 0.311719 0.029688 0.064063
0 0.896094 0.150000 0.014063 0.028125
0 0.926563 0.153906 0.015625 0.032813
