0 0.089063 0.431250 0.059375 0.075000
0 0.215625 0.475781 0.040625 0.064063
0 0.221875 0.427344 0.037500 0.054688
0 0.286719 0.437500 0.029688 0.043750
0 0.357813 0.482031 0.056250 0.098438
0 0.421094 0.465625 0.039062 0.068750
0 0.660938 0.500000 0.046875 0.078125
0 0.609375 0.465625 0.043750 0.071875
0 0.567188 0.460156 0.031250 0.045313
0 0.562500 0.421094 0.025000 0.039062
0 0.698438 0.432031 0.034375 0.054688
0 0.756250 0.439844 0.028125 0.057813
0 0.792188 0.457031 0.037500 0.067187
0 0.878906 0.470313 0.051563 0.078125
