0 0.209375 0.660156 0.087500 0.173438
0 0.122656 0.586719 0.067187 0.120313
0 0.084375 0.511719 0.050000 0.082813
0 0.088281 0.433594 0.045313 0.085938
0 0.033594 0.441406 0.048438 0.073438
0 0.171094 0.421875 0.032813 0.065625
0 0.203906 0.425781 0.029688 0.064063
0 0.228906 0.448438 0.035938 0.075000
0 0.245313 0.400781 0.028125 0.042188
0 0.285938 0.435156 0.053125 0.095313
0 0.307813 0.417188 0.037500 0.062500
0 0.332813 0.521094 0.056250 0.107813
0 0.391406 0.534375 0.060938 0.118750
0 0.405469 0.476562 0.035938 0.071875
0 0.372656 0.445312 0.032813 0.062500
0 0.382031 0.412500 0.029688 0.053125
0 0.360156 0.378125 0.023438 0.046875
0 0.350000 0.364063 0.018750 0.053125
0 0.306250 0.364063 0.025000 0.040625
0 0.401563 0.366406 0.025000 0.048438
0 0.446094 0.367969 0.029688 0.051563
0 0.458594 0.409375 0.029688 0.059375
0 0.469531 0.460156 0.035938 0.079688
0 0.517969 0.493750 0.045313 0.109375
0 0.544531 0.453125 0.035938 0.075000
0 0.519531 0.410156 0.029688 0.060938
0 0.557031 0.363281 0.026563 0.054688
0 0.579688 0.382031 0.028125 0.057813
0 0.611719 0.417188 0.039062 0.068750
0 0.628125 0.366406 0.028125 0.060938
0 0.653125 0.381250 0.025000 0.059375
0 0.690625 0.361719 0.028125 0.060938
0 0.693750 0.886719 0.128125 0.226562
0 0.758594 0.675781 0.079688 0.185938
0 0.829688 0.562500 0.071875 0.137500
0 0.800781 0.477344 0.051563 0.092188
0 0.819531 0.430469 0.039062 0.079688
0 0.850000 0.404688 0.031250 0.068750
0 0.865625 0.374219 0.034375 0.060938
0 0.982031 0.550781 0.039062 0.139063
0 0.966406 0.517969 0.045313 0.104688
0 0.968750 0.436719 0.040625 0.085938
0 0.984375 0.402344 0.031250 0.070312
0 0.975000 0.373438 0.034375 0.065625
