0 0.160938 0.321094 0.037500 0.092188
0 0.264063 0.375781 0.056250 0.117188
0 0.252344 0.275781 0.032813 0.064063
0 0.378125 0.381250 0.056250 0.150000
0 0.367188 0.279688 0.028125 0.053125
0 0.405469 0.180469 0.023438 0.060938
0 0.480469 0.276562 0.032813 0.081250
0 0.528906 0.361719 0.051563 0.123438
0 0.526563 0.278906 0.025000 0.064063
0 0.508594 0.237500 0.017188 0.053125
0 0.569531 0.267188 0.026563 0.056250
0 0.717188 0.339844 0.053125 0.110938
0 0.709375 0.257031 0.028125 0.057813
0 0.752344 0.289062 0.035938 0.078125
0 0.919531 0.357813 0.051563 0.137500
0 0.919531 0.285156 0.045313 0.085938
0 0.980469 0.405469 0.039062 0.170313
