0 0.071094 0.764063 0.089063 0.150000
0 0.164844 0.636719 0.067187 0.110938
0 0.144531 0.528906 0.057813 0.092188
0 0.218750 0.555469 0.053125 0.092188
0 0.289062 0.675781 0.081250 0.132812
0 0.333594 0.550000 0.057813 0.100000
0 0.375000 0.624219 0.084375 0.110938
0 0.335938 0.236719 0.046875 0.095313
0 0.442188 0.492969 0.050000 0.098438
0 0.485156 0.531250 0.054688 0.084375
0 0.553125 0.583594 0.078125 0.117188
0 0.587500 0.771094 0.078125 0.142187
0 0.686719 0.863281 0.101562 0.182813
0 0.573438 0.290625 0.056250 0.087500
0 0.676563 0.249219 0.062500 0.104688
0 0.944531 0.365625 0.045313 0.087500
