0 0.128125 0.517969 0.043750 0.079688
0 0.222656 0.334375 0.017188 0.037500
0 0.254688 0.346094 0.021875 0.039062
0 0.287500 0.295313 0.018750 0.031250
0 0.332813 0.342188 0.021875 0.046875
0 0.350781 0.325000 0.014063 0.031250
0 0.350000 0.292187 0.015625 0.034375
0 0.386719 0.256250 0.014063 0.028125
0 0.414062 0.260937 0.015625 0.028125
0 0.424219 0.254688 0.014063 0.025000
0 0.402344 0.294531 0.014063 0.029688
0 0.407813 0.326563 0.021875 0.040625
0 0.449219 0.334375 0.020313 0.037500
0 0.473438 0.303125 0.018750 0.034375
0 0.443750 0.258594 0.015625 0.035938
0 0.463281 0.241406 0.014063 0.026563
0 0.468750 0.232813 0.012500 0.025000
0 0.473438 0.261719 0.015625 0.029688
0 0.506250 0.260937 0.012500 0.028125
0 0.513281 0.251563 0.010938 0.025000
0 0.529687 0.275000 0.018750 0.034375
0 0.546875 0.253125 0.012500 0.031250
0 0.503906 0.324219 0.020313 0.035938
0 0.479688 0.397656 0.031250 0.048438
0 0.539844 0.353906 0.020313 0.054688
0 0.555469 0.274219 0.014063 0.029688
0 0.557813 0.225781 0.012500 0.026563
0 0.570312 0.214844 0.009375 0.017188
0 0.575781 0.232031 0.014063 0.029688
0 0.578125 0.260156 0.015625 0.029688
0 0.603906 0.248438 0.010938 0.025000
0 0.605469 0.227344 0.010938 0.026563
0 0.610938 0.206250 0.015625 0.025000
0 0.603125 0.323438 0.021875 0.046875
0 0.540625 0.425781 0.031250 0.060938
0 0.585156 0.450781 0.032813 0.073438
0 0.639063 0.460156 0.034375 0.064063
0 0.614844 0.363281 0.023438 0.045313
0 0.663281 0.358594 0.029688 0.045313
0 0.652344 0.339844 0.020313 0.042188
0 0.636719 0.298438 0.017188 0.028125
0 0.639844 0.249219 0.014063 0.029688
0 0.676563 0.207813 0.009375 0.025000
0 0.678906 0.226562 0.010938 0.025000
0 0.688281 0.224219 0.010938 0.026563
0 0.675781 0.270313 0.017188 0.034375
0 0.712500 0.248438 0.015625 0.037500
0 0.682813 0.311719 0.018750 0.045313
0 0.695312 0.354688 0.021875 0.050000
0 0.725781 0.390625 0.023438 0.053125
0 0.739844 0.247656 0.017188 0.032813
0 0.752344 0.236719 0.014063 0.026563
0 0.787500 0.277344 0.015625 0.039062
0 0.778906 0.263281 0.014063 0.026563
0 0.792969 0.258594 0.014063 0.029688
0 0.787500 0.235938 0.015625 0.034375
0 0.818750 0.241406 0.012500 0.026563
0 0.829688 0.262500 0.018750 0.034375
0 0.817188 0.290625 0.018750 0.034375
0 0.820312 0.352344 0.018750 0.048438
0 0.818750 0.334375 0.018750 0.031250
0 0.856250 0.255469 0.012500 0.023438
0 0.864063 0.267969 0.015625 0.035938
0 0.889844 0.253906 0.010938 0.029688
0 0.857031 0.317969 0.017188 0.039062
0 0.878906 0.331250 0.017188 0.043750
0 0.899219 0.315625 0.014063 0.034375
0 0.908594 0.285938 0.014063 0.037500
0 0.944531 0.304688 0.017188 0.034375
0 0.949219 0.282031 0.014063 0.026563
0 0.929688 0.318750 0.018750 0.031250
0 0.939063 0.399219 0.018750 0.045313
0 0.858594 0.400781 0.023438 0.048438
0 0.933594 0.463281 0.035938 0.060938
0 0.791406 0.419531 0.023438 0.060938
0 0.848438 0.462500 0.028125 0.056250
0 0.705469 0.532813 0.039062 0.075000
0 0.818750 0.505469 0.037500 0.070312
0 0.275781 0.378125 0.020313 0.031250
0 0.709375 0.296875 0.021875 0.037500
0 0.643750 0.224219 0.012500 0.029688
