0 0.060156 0.299219 0.060938 0.092188
0 0.025781 0.358594 0.048438 0.067187
0 0.086719 0.364844 0.039062 0.060938
0 0.119531 0.368750 0.045313 0.065625
0 0.142187 0.358594 0.028125 0.057813
0 0.157813 0.375000 0.021875 0.040625
0 0.168750 0.382812 0.021875 0.053125
0 0.221875 0.385156 0.028125 0.045313
0 0.246094 0.385156 0.032813 0.054688
0 0.275000 0.385156 0.028125 0.039062
0 0.314063 0.383594 0.021875 0.039062
0 0.328906 0.384375 0.026563 0.050000
0 0.370313 0.382031 0.031250 0.048438
0 0.396875 0.376563 0.028125 0.040625
0 0.419531 0.346875 0.042188 0.062500
0 0.522656 0.375000 0.054688 0.075000
0 0.675781 0.378125 0.023438 0.050000
0 0.700000 0.391406 0.025000 0.042188
0 0.734375 0.335938 0.031250 0.053125
0 0.780469 0.373438 0.045313 0.065625
0 0.839063 0.323438 0.043750 0.081250
0 0.870313 0.310938 0.065625 0.096875
0 0.960938 0.318750 0.059375 0.118750
