0 0.627344 0.521094 0.032813 0.057813
0 0.702344 0.545312 0.039062 0.059375
0 0.933594 0.639844 0.051563 0.082813
0 0.772656 0.525781 0.032813 0.057813
0 0.753125 0.465625 0.025000 0.043750
0 0.877344 0.442969 0.042188 0.048438
0 0.935156 0.396875 0.023438 0.034375
0 0.916406 0.373438 0.023438 0.043750
0 0.950000 0.251563 0.018750 0.043750
0 0.825781 0.328906 0.023438 0.032813
0 0.772656 0.360938 0.026563 0.028125
0 0.738281 0.346094 0.023438 0.039062
0 0.522656 0.411719 0.023438 0.032813
0 0.574219 0.475000 0.023438 0.043750
0 0.560937 0.370313 0.021875 0.028125
0 0.500000 0.400000 0.015625 0.028125
0 0.738281 0.258594 0.023438 0.029688
0 0.796875 0.285156 0.021875 0.032813
0 0.775781 0.297656 0.020313 0.029688
0 0.696875 0.312500 0.015625 0.018750
