0 0.119531 0.579688 0.070312 0.096875
0 0.105469 0.478125 0.042188 0.065625
0 0.029688 0.475000 0.037500 0.053125
0 0.159375 0.465625 0.037500 0.056250
0 0.199219 0.485156 0.039062 0.045313
0 0.220313 0.425781 0.028125 0.045313
0 0.260937 0.448438 0.046875 0.059375
0 0.291406 0.417188 0.035938 0.043750
0 0.310156 0.486719 0.045313 0.076563
0 0.364063 0.482031 0.050000 0.073438
0 0.341406 0.422656 0.020313 0.029688
0 0.389063 0.438281 0.025000 0.032813
0 0.435938 0.438281 0.028125 0.039062
0 0.440625 0.476562 0.028125 0.050000
0 0.528125 0.427344 0.031250 0.042188
0 0.546875 0.429688 0.028125 0.050000
0 0.604688 0.434375 0.037500 0.053125
0 0.664844 0.430469 0.032813 0.042188
0 0.649219 0.316406 0.026563 0.045313
0 0.739063 0.542188 0.078125 0.115625
0 0.656250 0.703906 0.131250 0.204688
0 0.858594 0.564844 0.060938 0.076563
0 0.808594 0.485156 0.048438 0.067187
0 0.828125 0.432813 0.040625 0.062500
0 0.857031 0.415625 0.035938 0.053125
0 0.928125 0.446875 0.050000 0.068750
