0 0.152344 0.676563 0.104688 0.131250
0 0.157031 0.603906 0.070312 0.085938
0 0.203906 0.600781 0.048438 0.104688
0 0.258594 0.602344 0.045313 0.067187
0 0.335938 0.610938 0.059375 0.090625
0 0.375781 0.621875 0.054688 0.084375
0 0.636719 0.600000 0.042188 0.071875
0 0.665625 0.625781 0.046875 0.085938
0 0.707813 0.637500 0.050000 0.081250
0 0.757812 0.615625 0.050000 0.078125
0 0.801563 0.707031 0.106250 0.145313
0 0.945312 0.634375 0.056250 0.093750
0 0.925000 0.592187 0.043750 0.062500
0 0.982813 0.617188 0.037500 0.100000
