0 0.239844 0.618750 0.120313 0.156250
0 0.315625 0.559375 0.065625 0.096875
0 0.038281 0.529687 0.067187 0.093750
0 0.081250 0.492188 0.043750 0.071875
0 0.144531 0.464063 0.035938 0.053125
0 0.182031 0.453906 0.035938 0.048438
0 0.212500 0.489844 0.053125 0.076563
0 0.225781 0.456250 0.042188 0.043750
0 0.287500 0.482813 0.040625 0.062500
0 0.307813 0.457813 0.031250 0.046875
0 0.338281 0.478125 0.032813 0.037500
0 0.387500 0.522656 0.053125 0.089063
0 0.417969 0.501563 0.032813 0.050000
0 0.456250 0.561719 0.075000 0.104688
0 0.479688 0.496875 0.040625 0.059375
0 0.511719 0.503125 0.042188 0.053125
0 0.531250 0.472656 0.028125 0.048438
0 0.581250 0.496875 0.034375 0.059375
0 0.607813 0.478125 0.031250 0.053125
0 0.626563 0.380469 0.034375 0.051563
0 0.858594 0.492188 0.045313 0.065625
0 0.973438 0.552344 0.043750 0.089063
