0 0.211719 0.371094 0.042188 0.079688
0 0.327344 0.228125 0.014063 0.025000
0 0.317188 0.211719 0.012500 0.032813
0 0.353906 0.193750 0.014063 0.034375
0 0.411719 0.215625 0.014063 0.025000
0 0.448438 0.216406 0.012500 0.029688
0 0.484375 0.221094 0.018750 0.032813
0 0.421875 0.178125 0.012500 0.021875
0 0.425781 0.150781 0.014063 0.023438
0 0.456250 0.182031 0.012500 0.026563
0 0.458594 0.149219 0.014063 0.020313
0 0.482813 0.146094 0.012500 0.020313
0 0.492969 0.169531 0.014063 0.026563
0 0.539062 0.182031 0.012500 0.029688
0 0.529687 0.145313 0.009375 0.021875
0 0.515625 0.147656 0.009375 0.020313
0 0.500000 0.142187 0.012500 0.025000
0 0.489844 0.133594 0.010938 0.026563
0 0.514062 0.114844 0.009375 0.023438
0 0.554688 0.171094 0.012500 0.029688
0 0.585938 0.178125 0.015625 0.025000
0 0.567188 0.141406 0.015625 0.029688
0 0.551563 0.128906 0.009375 0.017188
0 0.594531 0.107813 0.010938 0.021875
0 0.599219 0.146875 0.014063 0.028125
0 0.611719 0.135156 0.007812 0.020313
0 0.639844 0.142969 0.010938 0.023438
0 0.629688 0.139063 0.009375 0.025000
0 0.626563 0.098438 0.009375 0.018750
0 0.636719 0.097656 0.010938 0.017188
0 0.661719 0.119531 0.010938 0.023438
0 0.676563 0.112500 0.006250 0.015625
0 0.691406 0.122656 0.007812 0.020313
0 0.701563 0.128906 0.009375 0.017188
0 0.705469 0.117969 0.014063 0.023438
0 0.676563 0.170313 0.012500 0.034375
0 0.653906 0.138281 0.010938 0.023438
0 0.509375 0.293750 0.018750 0.046875
0 0.589063 0.275000 0.025000 0.059375
0 0.576562 0.242188 0.018750 0.037500
0 0.632031 0.206250 0.017188 0.040625
0 0.631250 0.301563 0.021875 0.056250
0 0.622656 0.245313 0.020313 0.043750
0 0.665625 0.271875 0.018750 0.043750
0 0.667969 0.217188 0.017188 0.043750
0 0.709375 0.197656 0.015625 0.035938
0 0.714063 0.157813 0.015625 0.034375
0 0.741406 0.178125 0.014063 0.034375
0 0.728125 0.233594 0.021875 0.035938
0 0.692969 0.315625 0.026563 0.065625
0 0.744531 0.335938 0.026563 0.059375
0 0.768750 0.275000 0.021875 0.046875
0 0.819531 0.356250 0.026563 0.050000
0 0.850781 0.304688 0.020313 0.046875
0 0.899219 0.410938 0.026563 0.068750
0 0.917188 0.330469 0.015625 0.048438
0 0.940625 0.278906 0.018750 0.039062
0 0.925000 0.253125 0.012500 0.034375
0 0.942188 0.223438 0.012500 0.021875
0 0.935938 0.239063 0.012500 0.025000
0 0.935156 0.171875 0.014063 0.028125
0 0.915625 0.181250 0.012500 0.031250
0 0.889063 0.231250 0.012500 0.040625
0 0.863281 0.185156 0.014063 0.029688
0 0.885938 0.200781 0.012500 0.026563
0 0.842188 0.150000 0.012500 0.028125
0 0.877344 0.286719 0.017188 0.051563
0 0.851562 0.223438 0.018750 0.034375
0 0.813281 0.272656 0.017188 0.042188
0 0.787500 0.200000 0.015625 0.043750
0 0.819531 0.206250 0.017188 0.034375
0 0.829688 0.172656 0.012500 0.029688
0 0.800000 0.158594 0.015625 0.035938
0 0.783594 0.134375 0.014063 0.028125
0 0.771875 0.173438 0.012500 0.031250
0 0.770313 0.140625 0.012500 0.025000
0 0.754688 0.124219 0.012500 0.026563
