0 0.206250 0.327344 0.043750 0.070312
0 0.296875 0.196094 0.012500 0.032813
0 0.315625 0.200781 0.015625 0.032813
0 0.334375 0.197656 0.015625 0.026563
0 0.358594 0.159375 0.010938 0.021875
0 0.357031 0.183594 0.017188 0.026563
0 0.384375 0.205469 0.015625 0.032813
0 0.385938 0.178125 0.015625 0.028125
0 0.410156 0.208594 0.017188 0.032813
0 0.414062 0.171094 0.015625 0.032813
0 0.422656 0.150000 0.014063 0.028125
0 0.444531 0.203125 0.020313 0.037500
0 0.432813 0.123438 0.012500 0.028125
0 0.456250 0.133594 0.012500 0.023438
0 0.482031 0.148438 0.014063 0.028125
0 0.481250 0.114844 0.009375 0.020313
0 0.497656 0.120313 0.010938 0.021875
0 0.503125 0.153125 0.012500 0.025000
0 0.512500 0.182813 0.015625 0.031250
0 0.527344 0.117969 0.010938 0.023438
0 0.533594 0.158594 0.017188 0.029688
0 0.553125 0.108594 0.012500 0.023438
0 0.567188 0.135156 0.015625 0.029688
0 0.569531 0.162500 0.017188 0.028125
0 0.600000 0.140625 0.015625 0.031250
0 0.580469 0.108594 0.010938 0.026563
0 0.592187 0.098438 0.009375 0.018750
0 0.607813 0.114063 0.012500 0.025000
0 0.624219 0.100781 0.010938 0.026563
0 0.636719 0.112500 0.014063 0.025000
0 0.705469 0.089844 0.010938 0.020313
0 0.696094 0.109375 0.010938 0.028125
0 0.721875 0.091406 0.009375 0.020313
0 0.499219 0.244531 0.023438 0.054688
0 0.550000 0.251563 0.025000 0.056250
0 0.572656 0.216406 0.020313 0.045313
0 0.610938 0.227344 0.025000 0.054688
0 0.610938 0.306250 0.025000 0.053125
0 0.644531 0.194531 0.017188 0.039062
0 0.675781 0.167188 0.017188 0.034375
0 0.694531 0.213281 0.023438 0.045313
0 0.690625 0.269531 0.028125 0.048438
0 0.721094 0.202344 0.023438 0.039062
0 0.741406 0.253906 0.020313 0.042188
0 0.725000 0.158594 0.018750 0.035938
0 0.750781 0.143750 0.017188 0.028125
0 0.767188 0.121875 0.012500 0.028125
0 0.783594 0.132031 0.014063 0.023438
0 0.806250 0.133594 0.015625 0.035938
0 0.767188 0.209375 0.018750 0.043750
0 0.799219 0.192188 0.020313 0.034375
0 0.791406 0.263281 0.023438 0.054688
0 0.760156 0.325000 0.032813 0.059375
0 0.825781 0.230469 0.023438 0.045313
0 0.845313 0.269531 0.028125 0.045313
0 0.842969 0.316406 0.032813 0.057813
0 0.878125 0.236719 0.021875 0.045313
0 0.896094 0.200781 0.017188 0.039062
0 0.945312 0.201563 0.018750 0.037500
0 0.934375 0.250781 0.021875 0.042188
0 0.932031 0.293750 0.026563 0.046875
0 0.914062 0.375000 0.034375 0.071875
0 0.742188 0.125000 0.012500 0.028125
0 0.670313 0.128125 0.015625 0.028125
0 0.667969 0.093750 0.010938 0.025000
0 0.663281 0.105469 0.010938 0.023438
0 0.628906 0.136719 0.014063 0.029688
0 0.451563 0.173438 0.015625 0.031250
0 0.457813 0.192188 0.015625 0.034375
0 0.510938 0.132031 0.012500 0.023438
0 0.511719 0.107031 0.010938 0.023438
0 0.534375 0.109375 0.009375 0.021875
