0 0.203125 0.457813 0.043750 0.090625
0 0.296094 0.214844 0.017188 0.032813
0 0.314844 0.217969 0.017188 0.035938
0 0.327344 0.242188 0.017188 0.043750
0 0.377344 0.234375 0.023438 0.043750
0 0.401563 0.238281 0.018750 0.048438
0 0.417188 0.260937 0.028125 0.043750
0 0.407031 0.217969 0.020313 0.035938
0 0.372656 0.189844 0.014063 0.032813
0 0.381250 0.171875 0.015625 0.031250
0 0.425000 0.153125 0.012500 0.028125
0 0.459375 0.147656 0.012500 0.023438
0 0.468750 0.153125 0.012500 0.021875
0 0.473438 0.172656 0.015625 0.032813
0 0.471094 0.193750 0.020313 0.031250
0 0.464063 0.220313 0.021875 0.043750
0 0.475000 0.137500 0.009375 0.025000
0 0.489844 0.139063 0.014063 0.025000
0 0.501563 0.122656 0.009375 0.023438
0 0.492969 0.163281 0.017188 0.026563
0 0.517188 0.167188 0.015625 0.037500
0 0.538281 0.155469 0.017188 0.032813
0 0.541406 0.145313 0.014063 0.031250
0 0.521094 0.135938 0.014063 0.025000
0 0.563281 0.152344 0.014063 0.026563
0 0.564844 0.185156 0.020313 0.039062
0 0.585156 0.160156 0.017188 0.035938
0 0.600781 0.150781 0.017188 0.029688
0 0.586719 0.121094 0.014063 0.023438
0 0.609375 0.105469 0.012500 0.020313
0 0.613281 0.138281 0.014063 0.029688
0 0.634375 0.160156 0.018750 0.029688
0 0.631250 0.114063 0.012500 0.028125
0 0.646875 0.120313 0.018750 0.034375
0 0.680469 0.111719 0.014063 0.029688
0 0.732031 0.069531 0.014063 0.029688
0 0.557813 0.237500 0.021875 0.043750
0 0.617188 0.253906 0.028125 0.054688
0 0.620313 0.217188 0.021875 0.040625
0 0.668750 0.224219 0.021875 0.042188
0 0.711719 0.192969 0.020313 0.048438
0 0.736719 0.180469 0.020313 0.039062
0 0.739844 0.237500 0.017188 0.043750
0 0.770313 0.251563 0.021875 0.050000
0 0.777344 0.317188 0.029688 0.062500
0 0.767969 0.201563 0.020313 0.046875
0 0.732813 0.142187 0.018750 0.031250
0 0.760938 0.130469 0.015625 0.035938
0 0.785156 0.141406 0.014063 0.029688
0 0.794531 0.168750 0.017188 0.031250
0 0.793750 0.212500 0.025000 0.043750
0 0.808594 0.128125 0.010938 0.028125
0 0.825000 0.139063 0.009375 0.025000
0 0.830469 0.171094 0.014063 0.032813
0 0.841406 0.148438 0.014063 0.031250
0 0.853906 0.146875 0.010938 0.031250
0 0.867969 0.175000 0.017188 0.034375
0 0.857813 0.214063 0.021875 0.046875
0 0.845313 0.241406 0.015625 0.048438
0 0.885938 0.235156 0.015625 0.039062
0 0.889844 0.204688 0.014063 0.037500
0 0.883594 0.164844 0.014063 0.032813
0 0.897656 0.183594 0.010938 0.026563
0 0.909375 0.146875 0.015625 0.034375
0 0.905469 0.357031 0.029688 0.064063
0 0.917188 0.257031 0.021875 0.054688
0 0.942969 0.204688 0.017188 0.043750
0 0.937500 0.175000 0.015625 0.031250
0 0.954688 0.180469 0.012500 0.032813
