0 0.092969 0.248438 0.020313 0.040625
0 0.296875 0.220313 0.018750 0.037500
0 0.367969 0.194531 0.020313 0.045313
0 0.385156 0.168750 0.017188 0.034375
0 0.406250 0.175781 0.012500 0.035938
0 0.423438 0.228906 0.028125 0.060938
0 0.427344 0.171875 0.017188 0.028125
0 0.432813 0.148438 0.015625 0.028125
0 0.460938 0.207031 0.018750 0.042188
0 0.493750 0.218750 0.025000 0.043750
0 0.497656 0.176563 0.020313 0.037500
0 0.492188 0.150000 0.012500 0.034375
0 0.471094 0.139063 0.014063 0.025000
0 0.505469 0.153125 0.014063 0.025000
0 0.525781 0.165625 0.020313 0.034375
0 0.519531 0.132031 0.014063 0.026563
0 0.549219 0.139844 0.014063 0.032813
0 0.564844 0.189844 0.020313 0.048438
0 0.585938 0.178125 0.015625 0.037500
0 0.582813 0.127344 0.009375 0.026563
0 0.592187 0.130469 0.012500 0.029688
0 0.621094 0.172656 0.020313 0.035938
0 0.628906 0.138281 0.017188 0.029688
0 0.612500 0.114844 0.018750 0.026563
0 0.639844 0.114844 0.014063 0.032813
0 0.660156 0.143750 0.020313 0.028125
0 0.667969 0.111719 0.014063 0.029688
0 0.693750 0.122656 0.012500 0.026563
0 0.690625 0.103906 0.015625 0.029688
0 0.720313 0.116406 0.012500 0.026563
0 0.742188 0.138281 0.015625 0.035938
0 0.575000 0.275000 0.031250 0.059375
0 0.571094 0.246875 0.023438 0.034375
0 0.627344 0.206250 0.020313 0.037500
0 0.632031 0.254688 0.023438 0.053125
0 0.677344 0.212500 0.020313 0.043750
0 0.666406 0.200781 0.017188 0.035938
0 0.692969 0.190625 0.020313 0.046875
0 0.703125 0.177344 0.018750 0.035938
0 0.685156 0.264063 0.026563 0.046875
0 0.725781 0.228906 0.026563 0.051563
0 0.757031 0.210938 0.020313 0.037500
0 0.753125 0.267188 0.025000 0.053125
0 0.775781 0.260156 0.023438 0.048438
0 0.803906 0.320312 0.026563 0.062500
0 0.862500 0.328906 0.028125 0.054688
0 0.925781 0.367188 0.026563 0.065625
0 0.888281 0.258594 0.023438 0.054688
0 0.938281 0.302344 0.023438 0.054688
0 0.803906 0.217969 0.023438 0.051563
0 0.751563 0.179688 0.012500 0.028125
0 0.771094 0.192969 0.014063 0.035938
0 0.778125 0.143750 0.015625 0.031250
0 0.790625 0.157031 0.015625 0.029688
0 0.808594 0.163281 0.014063 0.039062
0 0.807031 0.132812 0.014063 0.037500
0 0.823438 0.150781 0.018750 0.039062
0 0.831250 0.138281 0.018750 0.035938
0 0.850000 0.243750 0.018750 0.046875
0 0.853906 0.197656 0.020313 0.035938
0 0.850000 0.156250 0.015625 0.025000
0 0.864063 0.150000 0.015625 0.034375
0 0.877344 0.185156 0.014063 0.035938
0 0.883594 0.171875 0.014063 0.034375
0 0.903125 0.157813 0.015625 0.040625
0 0.923438 0.164062 0.015625 0.040625
0 0.910156 0.196875 0.017188 0.040625
0 0.942188 0.234375 0.018750 0.043750
0 0.959375 0.213281 0.015625 0.039062
0 0.967188 0.190625 0.012500 0.037500
0 0.902344 0.234375 0.020313 0.034375
