0 0.278906 0.246094 0.017188 0.029688
0 0.296875 0.239844 0.018750 0.029688
0 0.300781 0.264063 0.020313 0.034375
0 0.362500 0.258594 0.018750 0.039062
0 0.382812 0.228125 0.015625 0.037500
0 0.403125 0.224219 0.025000 0.051563
0 0.364063 0.192969 0.015625 0.029688
0 0.440625 0.149219 0.009375 0.032813
0 0.448438 0.157031 0.012500 0.026563
0 0.441406 0.223438 0.017188 0.037500
0 0.412500 0.167969 0.018750 0.029688
0 0.419531 0.176563 0.014063 0.025000
0 0.468750 0.184375 0.015625 0.031250
0 0.446094 0.187500 0.014063 0.028125
0 0.472656 0.228125 0.020313 0.040625
0 0.490625 0.192969 0.018750 0.039062
0 0.483594 0.164844 0.014063 0.029688
0 0.467969 0.155469 0.014063 0.029688
0 0.396094 0.189063 0.014063 0.021875
0 0.521094 0.203906 0.020313 0.035938
0 0.515625 0.142187 0.015625 0.028125
0 0.507031 0.121094 0.014063 0.026563
0 0.534375 0.171094 0.018750 0.032813
0 0.558594 0.162500 0.017188 0.034375
0 0.542969 0.111719 0.010938 0.026563
0 0.560156 0.104688 0.010938 0.025000
0 0.582031 0.140625 0.014063 0.031250
0 0.564844 0.132812 0.010938 0.028125
0 0.587500 0.123438 0.012500 0.021875
0 0.595313 0.098438 0.009375 0.021875
0 0.603125 0.152344 0.012500 0.029688
0 0.615625 0.132812 0.012500 0.025000
0 0.614063 0.096094 0.012500 0.023438
0 0.639063 0.110156 0.012500 0.020313
0 0.643750 0.124219 0.012500 0.026563
0 0.637500 0.094531 0.012500 0.017188
0 0.671875 0.098438 0.012500 0.031250
0 0.695312 0.098438 0.009375 0.025000
0 0.503125 0.276562 0.031250 0.050000
0 0.554688 0.260937 0.021875 0.043750
0 0.542188 0.317969 0.028125 0.051563
0 0.622656 0.317188 0.029688 0.059375
0 0.625000 0.243750 0.021875 0.043750
0 0.625781 0.199219 0.017188 0.035938
0 0.668750 0.198438 0.018750 0.037500
0 0.667188 0.160938 0.015625 0.037500
0 0.676563 0.150781 0.018750 0.032813
0 0.693750 0.180469 0.018750 0.042188
0 0.689844 0.313281 0.029688 0.070312
0 0.728125 0.239844 0.021875 0.051563
0 0.715625 0.233594 0.015625 0.039062
0 0.732031 0.186719 0.023438 0.045313
0 0.756250 0.215625 0.021875 0.050000
0 0.752344 0.321875 0.035938 0.075000
0 0.785156 0.379688 0.029688 0.071875
0 0.784375 0.278906 0.028125 0.054688
0 0.779688 0.195312 0.018750 0.040625
0 0.776563 0.149219 0.018750 0.035938
0 0.766406 0.125781 0.014063 0.029688
0 0.746094 0.117969 0.014063 0.029688
0 0.744531 0.148438 0.017188 0.028125
0 0.798438 0.148438 0.018750 0.037500
0 0.828906 0.131250 0.014063 0.034375
0 0.832031 0.113281 0.014063 0.026563
0 0.857031 0.117969 0.014063 0.032813
0 0.859375 0.142187 0.015625 0.028125
0 0.846094 0.171875 0.014063 0.034375
0 0.830469 0.211719 0.020313 0.048438
0 0.804688 0.235156 0.021875 0.039062
0 0.855469 0.250000 0.023438 0.040625
0 0.841406 0.318750 0.023438 0.062500
0 0.903125 0.364844 0.034375 0.082813
0 0.908594 0.254688 0.017188 0.053125
0 0.917969 0.234375 0.020313 0.046875
0 0.924219 0.207031 0.014063 0.029688
0 0.875000 0.203125 0.018750 0.043750
0 0.881250 0.152344 0.015625 0.029688
0 0.886719 0.129688 0.010938 0.031250
0 0.895313 0.177344 0.018750 0.039062
0 0.921875 0.150781 0.012500 0.029688
