0 0.207813 0.810156 0.278125 0.379688
0 0.058594 0.738281 0.110938 0.339063
0 0.151563 0.507812 0.075000 0.100000
0 0.148438 0.421094 0.046875 0.064063
0 0.204688 0.474219 0.062500 0.104688
0 0.276562 0.507031 0.093750 0.145313
0 0.283594 0.437500 0.070312 0.096875
0 0.356250 0.525000 0.096875 0.153125
0 0.373438 0.423438 0.056250 0.093750
0 0.456250 0.435156 0.050000 0.076563
0 0.511719 0.509375 0.114063 0.193750
0 0.589844 0.517969 0.076563 0.142187
0 0.600781 0.437500 0.051563 0.075000
0 0.591406 0.400781 0.045313 0.064063
0 0.647656 0.466406 0.057813 0.089063
0 0.651563 0.420313 0.059375 0.084375
0 0.741406 0.417188 0.051563 0.084375
0 0.790625 0.396094 0.050000 0.082813
0 0.776563 0.492969 0.090625 0.120313
0 0.890625 0.466406 0.078125 0.110938
0 0.950000 0.437500 0.065625 0.106250
0 0.967188 0.405469 0.046875 0.073438
