0 0.021094 0.367188 0.039062 0.043750
0 0.125781 0.522656 0.129688 0.092188
0 0.164844 0.442188 0.079688 0.059375
0 0.112500 0.360156 0.059375 0.045313
0 0.147656 0.354688 0.032813 0.040625
0 0.227344 0.366406 0.045313 0.032813
0 0.310156 0.395313 0.064063 0.050000
0 0.355469 0.435938 0.076563 0.062500
0 0.379688 0.382812 0.056250 0.034375
0 0.382031 0.282813 0.045313 0.037500
0 0.460156 0.371094 0.042188 0.035938
0 0.483594 0.414062 0.060938 0.046875
0 0.529687 0.395313 0.046875 0.037500
0 0.592969 0.385938 0.032813 0.034375
0 0.880469 0.542969 0.123438 0.079688
0 0.858594 0.485156 0.101562 0.070312
0 0.860938 0.445312 0.068750 0.056250
0 0.842188 0.406250 0.059375 0.037500
0 0.802344 0.394531 0.039062 0.035938
0 0.932031 0.407031 0.045313 0.035938
