0 0.195312 0.447656 0.050000 0.110938
0 0.257812 0.438281 0.046875 0.101562
0 0.314063 0.277344 0.025000 0.042188
0 0.364844 0.257031 0.020313 0.039062
0 0.410938 0.237500 0.018750 0.037500
0 0.426563 0.275781 0.021875 0.045313
0 0.447656 0.218750 0.020313 0.043750
0 0.446875 0.183594 0.021875 0.039062
0 0.471094 0.193750 0.020313 0.043750
0 0.401563 0.132031 0.018750 0.032813
0 0.412500 0.113281 0.018750 0.035938
0 0.453906 0.150000 0.014063 0.028125
0 0.468750 0.152344 0.015625 0.023438
0 0.529687 0.138281 0.012500 0.032813
0 0.549219 0.154688 0.014063 0.031250
0 0.575781 0.157813 0.020313 0.031250
0 0.535938 0.201563 0.025000 0.037500
0 0.653125 0.253125 0.028125 0.050000
0 0.712500 0.289062 0.028125 0.056250
0 0.769531 0.259375 0.023438 0.050000
0 0.688281 0.153125 0.020313 0.040625
0 0.707813 0.148438 0.015625 0.037500
0 0.728125 0.153906 0.018750 0.035938
0 0.748438 0.143750 0.015625 0.037500
0 0.770313 0.158594 0.015625 0.032813
0 0.799219 0.179688 0.017188 0.037500
0 0.810938 0.132031 0.015625 0.029688
0 0.876563 0.227344 0.018750 0.045313
