0 0.481250 0.189063 0.025000 0.053125
0 0.509375 0.261719 0.034375 0.064063
0 0.537500 0.199219 0.021875 0.035938
0 0.621875 0.196094 0.018750 0.039062
0 0.671094 0.211719 0.017188 0.035938
0 0.657813 0.192969 0.012500 0.029688
0 0.660156 0.250000 0.020313 0.050000
0 0.696875 0.197656 0.018750 0.035938
0 0.743750 0.200000 0.018750 0.034375
0 0.717188 0.264063 0.025000 0.050000
0 0.767188 0.233594 0.018750 0.045313
0 0.817188 0.251563 0.018750 0.043750
0 0.735156 0.353906 0.023438 0.070312
0 0.813281 0.391406 0.029688 0.076563
0 0.888281 0.413281 0.029688 0.082813
