0 0.115625 0.564844 0.046875 0.117188
0 0.231250 0.274219 0.021875 0.054688
0 0.266406 0.254688 0.020313 0.050000
0 0.313281 0.242969 0.017188 0.039062
0 0.324219 0.216406 0.017188 0.045313
0 0.339063 0.233594 0.018750 0.048438
0 0.359375 0.214063 0.015625 0.040625
0 0.378906 0.270313 0.020313 0.046875
0 0.379688 0.200000 0.015625 0.037500
0 0.396875 0.208594 0.015625 0.039062
0 0.410938 0.239844 0.018750 0.039062
0 0.421875 0.179688 0.012500 0.028125
0 0.439844 0.195312 0.017188 0.037500
0 0.442969 0.306250 0.023438 0.056250
0 0.479688 0.247656 0.021875 0.042188
0 0.464844 0.165625 0.014063 0.034375
0 0.474219 0.171094 0.014063 0.035938
0 0.488281 0.171094 0.017188 0.042188
0 0.499219 0.160156 0.014063 0.035938
0 0.503906 0.211719 0.017188 0.039062
0 0.534375 0.166406 0.015625 0.032813
0 0.559375 0.165625 0.012500 0.031250
0 0.561719 0.145313 0.014063 0.034375
0 0.558594 0.215625 0.017188 0.040625
0 0.575781 0.203906 0.014063 0.032813
0 0.589063 0.181250 0.012500 0.034375
0 0.586719 0.143750 0.014063 0.040625
0 0.603906 0.135156 0.014063 0.029688
0 0.641406 0.133594 0.014063 0.029688
0 0.671094 0.135156 0.014063 0.032813
0 0.621875 0.164062 0.018750 0.028125
0 0.615625 0.189063 0.012500 0.031250
0 0.628906 0.200000 0.017188 0.040625
0 0.618750 0.289844 0.025000 0.054688
0 0.675000 0.189063 0.012500 0.031250
0 0.694531 0.141406 0.014063 0.029688
0 0.691406 0.160156 0.014063 0.035938
0 0.712500 0.164844 0.015625 0.039062
0 0.667969 0.258594 0.029688 0.048438
0 0.721094 0.217188 0.014063 0.040625
0 0.744531 0.203125 0.014063 0.043750
0 0.708594 0.289844 0.026563 0.057813
0 0.760938 0.229688 0.015625 0.043750
0 0.787500 0.177344 0.015625 0.035938
0 0.781250 0.213281 0.015625 0.045313
0 0.814063 0.197656 0.015625 0.035938
0 0.830469 0.222656 0.014063 0.039062
0 0.878125 0.237500 0.015625 0.037500
0 0.893750 0.275000 0.018750 0.046875
0 0.912500 0.264063 0.012500 0.034375
0 0.937500 0.272656 0.015625 0.045313
0 0.950781 0.256250 0.010938 0.034375
0 0.982813 0.269531 0.012500 0.039062
0 0.977344 0.304688 0.010938 0.034375
0 0.975781 0.333594 0.014063 0.035938
0 0.980469 0.366406 0.014063 0.048438
0 0.958594 0.366406 0.017188 0.045313
0 0.924219 0.325000 0.014063 0.059375
0 0.960938 0.425781 0.025000 0.067187
0 0.861719 0.377344 0.020313 0.057813
0 0.821094 0.301563 0.017188 0.056250
0 0.816406 0.249219 0.014063 0.048438
0 0.794531 0.257812 0.017188 0.053125
0 0.769531 0.286719 0.017188 0.054688
0 0.875000 0.414844 0.025000 0.064063
0 0.862500 0.515625 0.028125 0.075000
0 0.792188 0.421094 0.034375 0.082813
0 0.730469 0.391406 0.026563 0.070312
0 0.664062 0.399219 0.025000 0.067187
0 0.617969 0.360156 0.026563 0.064063
0 0.560156 0.342188 0.029688 0.059375
