0 0.210938 0.405469 0.068750 0.117188
0 0.260937 0.259375 0.018750 0.031250
0 0.278906 0.257031 0.020313 0.035938
0 0.357031 0.235938 0.020313 0.034375
0 0.397656 0.267188 0.020313 0.043750
0 0.365625 0.194531 0.015625 0.029688
0 0.385938 0.198438 0.015625 0.031250
0 0.396094 0.217969 0.017188 0.035938
0 0.403125 0.197656 0.015625 0.029688
0 0.407031 0.174219 0.017188 0.029688
0 0.438281 0.195312 0.017188 0.031250
0 0.432813 0.229688 0.021875 0.040625
0 0.453906 0.151563 0.010938 0.021875
0 0.471094 0.150781 0.014063 0.026563
0 0.484375 0.178125 0.015625 0.034375
0 0.500000 0.179688 0.018750 0.034375
0 0.526563 0.202344 0.015625 0.035938
0 0.524219 0.162500 0.014063 0.028125
0 0.518750 0.125781 0.012500 0.032813
0 0.535938 0.136719 0.018750 0.039062
0 0.548438 0.163281 0.012500 0.026563
0 0.557813 0.175781 0.015625 0.032813
0 0.559375 0.110156 0.015625 0.023438
0 0.566406 0.135938 0.014063 0.028125
0 0.584375 0.140625 0.018750 0.034375
0 0.588281 0.121875 0.014063 0.028125
0 0.599219 0.096875 0.010938 0.025000
0 0.621094 0.100781 0.010938 0.023438
0 0.614063 0.137500 0.015625 0.034375
0 0.609375 0.214063 0.015625 0.034375
0 0.650781 0.132812 0.014063 0.031250
0 0.643750 0.103125 0.015625 0.028125
0 0.670313 0.097656 0.012500 0.023438
0 0.703125 0.098438 0.012500 0.028125
0 0.557813 0.259375 0.021875 0.043750
0 0.498438 0.296875 0.028125 0.043750
0 0.549219 0.317969 0.026563 0.051563
0 0.614844 0.257031 0.023438 0.048438
0 0.621875 0.310156 0.028125 0.051563
0 0.663281 0.210156 0.020313 0.039062
0 0.693750 0.185156 0.021875 0.035938
0 0.745313 0.186719 0.021875 0.048438
0 0.749219 0.229688 0.020313 0.040625
0 0.694531 0.246094 0.029688 0.064063
0 0.692969 0.308594 0.032813 0.057813
0 0.732813 0.346094 0.034375 0.067187
0 0.771875 0.289062 0.028125 0.056250
0 0.785156 0.155469 0.017188 0.035938
0 0.803125 0.127344 0.015625 0.032813
0 0.784375 0.193750 0.018750 0.043750
0 0.808594 0.263281 0.020313 0.051563
0 0.835156 0.292187 0.023438 0.056250
0 0.796875 0.403906 0.034375 0.076563
0 0.898438 0.382031 0.031250 0.060938
0 0.905469 0.318750 0.029688 0.056250
0 0.925781 0.273438 0.023438 0.056250
0 0.870313 0.266406 0.018750 0.045313
0 0.831250 0.190625 0.018750 0.040625
0 0.831250 0.145313 0.018750 0.037500
0 0.845313 0.132031 0.012500 0.026563
0 0.862500 0.158594 0.015625 0.029688
0 0.868750 0.133594 0.012500 0.032813
0 0.908594 0.144531 0.014063 0.029688
0 0.934375 0.158594 0.012500 0.026563
0 0.932813 0.200000 0.015625 0.043750
0 0.924219 0.221094 0.020313 0.048438
0 0.884375 0.185938 0.018750 0.037500
0 0.875781 0.204688 0.017188 0.037500
