0 0.216406 0.497656 0.039062 0.079688
0 0.396875 0.276562 0.018750 0.037500
0 0.371094 0.189063 0.014063 0.025000
0 0.404688 0.223438 0.018750 0.031250
0 0.462500 0.225000 0.018750 0.037500
0 0.418750 0.165625 0.012500 0.028125
0 0.494531 0.139844 0.010938 0.026563
0 0.521094 0.129688 0.010938 0.028125
0 0.549219 0.128125 0.014063 0.025000
0 0.571094 0.135938 0.010938 0.028125
0 0.568750 0.185938 0.015625 0.037500
0 0.592187 0.125000 0.012500 0.025000
0 0.484375 0.343750 0.028125 0.043750
0 0.538281 0.333594 0.023438 0.042188
0 0.624219 0.264844 0.020313 0.045313
0 0.661719 0.225000 0.023438 0.043750
0 0.693750 0.308594 0.031250 0.060938
0 0.711719 0.260156 0.026563 0.060938
0 0.778906 0.286719 0.026563 0.060938
0 0.829688 0.322656 0.028125 0.060938
0 0.914062 0.304688 0.025000 0.056250
0 0.849219 0.121094 0.014063 0.026563
0 0.938281 0.159375 0.014063 0.031250
0 0.911719 0.150781 0.010938 0.023438
0 0.895313 0.143750 0.012500 0.025000
