0 0.142187 0.267188 0.018750 0.037500
0 0.143750 0.409375 0.056250 0.093750
0 0.323438 0.233594 0.018750 0.032813
0 0.379688 0.202344 0.021875 0.035938
0 0.392969 0.247656 0.020313 0.035938
0 0.420313 0.248438 0.018750 0.040625
0 0.448438 0.270313 0.018750 0.037500
0 0.471875 0.202344 0.015625 0.029688
0 0.467969 0.189844 0.014063 0.023438
0 0.519531 0.225000 0.020313 0.040625
0 0.553906 0.230469 0.020313 0.039062
0 0.574219 0.162500 0.017188 0.031250
0 0.603125 0.271094 0.021875 0.042188
0 0.632812 0.285938 0.025000 0.056250
0 0.701563 0.196875 0.015625 0.031250
0 0.710938 0.222656 0.018750 0.035938
0 0.734375 0.208594 0.018750 0.035938
0 0.750781 0.242188 0.020313 0.037500
0 0.778125 0.216406 0.018750 0.035938
0 0.790625 0.250000 0.018750 0.040625
0 0.828125 0.298438 0.021875 0.050000
0 0.864063 0.310938 0.025000 0.059375
0 0.921875 0.303125 0.018750 0.043750
0 0.945312 0.235156 0.015625 0.045313
