0 0.017969 0.514844 0.026563 0.060938
0 0.047656 0.528125 0.051563 0.078125
0 0.178906 0.585938 0.070312 0.103125
0 0.185156 0.487500 0.029688 0.050000
0 0.209375 0.502344 0.037500 0.064063
0 0.281250 0.485938 0.031250 0.046875
0 0.319531 0.486719 0.023438 0.048438
0 0.285156 0.605469 0.092188 0.139063
0 0.371875 0.476562 0.025000 0.040625
0 0.387500 0.496875 0.021875 0.037500
0 0.417188 0.483594 0.021875 0.029688
0 0.434375 0.502344 0.031250 0.051563
0 0.455469 0.546875 0.048438 0.078125
0 0.496094 0.495313 0.029688 0.043750
0 0.534375 0.487500 0.025000 0.043750
0 0.543750 0.562500 0.050000 0.078125
0 0.553125 0.764063 0.178125 0.300000
0 0.677344 0.444531 0.020313 0.042188
0 0.706250 0.505469 0.031250 0.042188
0 0.711719 0.544531 0.039062 0.064063
0 0.878125 0.593750 0.084375 0.137500
0 0.938281 0.557813 0.045313 0.071875
0 0.964844 0.535938 0.039062 0.056250
