0 0.129688 0.522656 0.109375 0.195312
0 0.132031 0.355469 0.082813 0.126562
0 0.325781 0.158594 0.048438 0.101562
0 0.325000 0.332813 0.056250 0.131250
0 0.364063 0.464844 0.112500 0.210938
0 0.249219 0.842969 0.314063 0.310938
0 0.482031 0.321094 0.054688 0.101562
0 0.464063 0.289844 0.037500 0.079688
0 0.539062 0.317969 0.040625 0.064063
0 0.576562 0.503125 0.090625 0.187500
0 0.659375 0.320312 0.065625 0.109375
0 0.723438 0.423438 0.087500 0.162500
0 0.739844 0.325000 0.060938 0.106250
0 0.776563 0.794531 0.209375 0.395313
0 0.880469 0.418750 0.079688 0.171875
0 0.925781 0.408594 0.070312 0.139063
