0 0.188281 0.445312 0.042188 0.081250
0 0.341406 0.250000 0.020313 0.043750
0 0.387500 0.248438 0.025000 0.040625
0 0.443750 0.262500 0.018750 0.040625
0 0.497656 0.225781 0.023438 0.035938
0 0.442969 0.220313 0.017188 0.034375
0 0.391406 0.196875 0.017188 0.031250
0 0.366406 0.195312 0.014063 0.028125
0 0.423438 0.185156 0.015625 0.032813
0 0.471875 0.187500 0.018750 0.031250
0 0.466406 0.145313 0.014063 0.025000
0 0.500000 0.131250 0.012500 0.025000
0 0.527344 0.132031 0.010938 0.023438
0 0.542188 0.132031 0.012500 0.020313
0 0.513281 0.189844 0.017188 0.029688
0 0.538281 0.200000 0.020313 0.031250
0 0.586719 0.178125 0.014063 0.031250
0 0.578906 0.125781 0.010938 0.029688
0 0.617969 0.114063 0.010938 0.021875
0 0.621094 0.142969 0.014063 0.026563
0 0.636719 0.259375 0.020313 0.043750
0 0.585938 0.245313 0.021875 0.040625
0 0.629688 0.213281 0.018750 0.032813
0 0.656250 0.184375 0.021875 0.034375
0 0.747656 0.179688 0.014063 0.028125
0 0.732813 0.152344 0.012500 0.023438
0 0.700000 0.171875 0.018750 0.025000
0 0.698438 0.204688 0.015625 0.034375
0 0.717188 0.228906 0.018750 0.045313
0 0.760938 0.264063 0.018750 0.034375
0 0.667969 0.278125 0.026563 0.046875
0 0.773438 0.303906 0.021875 0.051563
0 0.803125 0.307031 0.018750 0.045313
0 0.835938 0.314844 0.025000 0.051563
0 0.864844 0.282813 0.020313 0.040625
0 0.911719 0.350000 0.023438 0.059375
0 0.927344 0.314844 0.017188 0.042188
0 0.928906 0.203906 0.017188 0.042188
0 0.947656 0.179688 0.010938 0.034375
0 0.863281 0.193750 0.014063 0.031250
0 0.889063 0.232813 0.018750 0.040625
0 0.836719 0.235156 0.017188 0.035938
0 0.849219 0.207031 0.017188 0.029688
0 0.839844 0.187500 0.017188 0.031250
0 0.932813 0.287500 0.015625 0.037500
