0 0.102344 0.485156 0.045313 0.089063
0 0.271875 0.249219 0.015625 0.039062
0 0.281250 0.256250 0.015625 0.034375
0 0.297656 0.265625 0.023438 0.043750
0 0.357031 0.266406 0.020313 0.048438
0 0.384375 0.289062 0.025000 0.053125
0 0.375000 0.250000 0.021875 0.037500
0 0.384375 0.203906 0.018750 0.032813
0 0.383594 0.176563 0.020313 0.028125
0 0.416406 0.173438 0.017188 0.034375
0 0.426563 0.161719 0.015625 0.032813
0 0.442969 0.225000 0.020313 0.037500
0 0.450781 0.187500 0.020313 0.043750
0 0.465625 0.161719 0.015625 0.032813
0 0.481250 0.170313 0.015625 0.031250
0 0.489844 0.189063 0.020313 0.037500
0 0.492188 0.227344 0.021875 0.042188
0 0.504688 0.140625 0.012500 0.025000
0 0.517188 0.150000 0.015625 0.028125
0 0.507812 0.168750 0.015625 0.028125
0 0.552344 0.195312 0.020313 0.043750
0 0.578906 0.167188 0.017188 0.040625
0 0.554688 0.121094 0.015625 0.029688
0 0.585156 0.139063 0.017188 0.028125
0 0.603906 0.138281 0.017188 0.032813
0 0.599219 0.114063 0.010938 0.028125
0 0.597656 0.097656 0.010938 0.026563
0 0.616406 0.106250 0.010938 0.025000
0 0.642969 0.132812 0.014063 0.025000
0 0.642969 0.096875 0.014063 0.025000
0 0.664062 0.106250 0.015625 0.031250
0 0.686719 0.110156 0.014063 0.029688
0 0.552344 0.169531 0.017188 0.023438
0 0.529687 0.281250 0.025000 0.053125
0 0.542969 0.317188 0.023438 0.053125
0 0.569531 0.253906 0.026563 0.054688
0 0.622656 0.246875 0.023438 0.056250
0 0.632031 0.208594 0.023438 0.042188
0 0.650000 0.178906 0.021875 0.042188
0 0.670313 0.207813 0.021875 0.050000
0 0.689844 0.225781 0.020313 0.045313
0 0.693750 0.169531 0.021875 0.045313
0 0.682813 0.175781 0.018750 0.042188
0 0.737500 0.117969 0.012500 0.039062
0 0.743750 0.147656 0.015625 0.035938
0 0.739063 0.172656 0.015625 0.032813
0 0.728906 0.207813 0.020313 0.043750
0 0.753125 0.212500 0.021875 0.050000
0 0.779688 0.180469 0.018750 0.045313
0 0.764063 0.131250 0.015625 0.031250
0 0.782813 0.139063 0.015625 0.037500
0 0.804688 0.144531 0.015625 0.039062
0 0.725000 0.253906 0.031250 0.067187
0 0.686719 0.314063 0.035938 0.068750
0 0.617188 0.311719 0.031250 0.064063
0 0.752344 0.332813 0.035938 0.075000
0 0.783594 0.270313 0.023438 0.056250
0 0.806250 0.262500 0.021875 0.059375
0 0.825781 0.204688 0.020313 0.053125
0 0.831250 0.146875 0.012500 0.031250
0 0.831250 0.124219 0.012500 0.026563
0 0.849219 0.175000 0.017188 0.043750
0 0.860156 0.132812 0.010938 0.021875
0 0.860938 0.153125 0.012500 0.028125
0 0.871875 0.205469 0.021875 0.048438
0 0.885156 0.160156 0.014063 0.035938
0 0.892188 0.175000 0.018750 0.043750
0 0.894531 0.138281 0.014063 0.032813
0 0.796094 0.396875 0.039062 0.081250
0 0.836719 0.315625 0.029688 0.065625
0 0.858594 0.257812 0.026563 0.059375
0 0.892969 0.353906 0.039062 0.082813
0 0.917969 0.303906 0.032813 0.067187
0 0.908594 0.255469 0.020313 0.048438
0 0.917188 0.231250 0.015625 0.040625
0 0.917969 0.203125 0.014063 0.031250
0 0.932813 0.153125 0.009375 0.018750
