0 0.107031 0.278906 0.064063 0.070312
0 0.147656 0.260156 0.042188 0.057813
0 0.047656 0.311719 0.051563 0.073438
0 0.268750 0.303906 0.062500 0.079688
0 0.343750 0.264063 0.065625 0.100000
0 0.342188 0.171875 0.037500 0.056250
0 0.425000 0.182031 0.037500 0.057813
0 0.472656 0.257812 0.042188 0.053125
0 0.442969 0.233594 0.032813 0.054688
0 0.519531 0.288281 0.054688 0.089063
0 0.517969 0.230469 0.054688 0.067187
0 0.546094 0.165625 0.045313 0.065625
0 0.607031 0.202344 0.042188 0.057813
0 0.673438 0.250781 0.043750 0.070312
0 0.735938 0.275000 0.065625 0.096875
0 0.958594 0.163281 0.057813 0.107813
0 0.665625 0.202344 0.034375 0.051563
