0 0.528906 0.789844 0.132812 0.242188
0 0.444531 0.668750 0.132812 0.200000
0 0.335156 0.593750 0.104688 0.143750
0 0.335156 0.480469 0.092188 0.117188
0 0.314844 0.400781 0.082813 0.114063
0 0.259375 0.349219 0.065625 0.089063
0 0.225781 0.307031 0.042188 0.064063
0 0.196875 0.300000 0.040625 0.062500
0 0.148438 0.278125 0.046875 0.059375
0 0.079688 0.171094 0.040625 0.057813
0 0.186719 0.175000 0.035938 0.040625
0 0.221094 0.237500 0.039062 0.050000
0 0.240625 0.178125 0.025000 0.031250
0 0.275000 0.219531 0.021875 0.035938
0 0.300781 0.196875 0.029688 0.046875
0 0.331250 0.203906 0.034375 0.048438
0 0.356250 0.243750 0.043750 0.068750
0 0.397656 0.252344 0.032813 0.064063
0 0.418750 0.253906 0.031250 0.064063
0 0.446094 0.252344 0.045313 0.076563
0 0.475781 0.267969 0.042188 0.073438
0 0.521875 0.270313 0.053125 0.084375
0 0.542969 0.300781 0.054688 0.095313
0 0.658594 0.278125 0.067187 0.109375
0 0.709375 0.394531 0.078125 0.092188
0 0.836719 0.346875 0.098438 0.143750
0 0.954688 0.383594 0.090625 0.154688
0 0.974219 0.215625 0.023438 0.031250
0 0.935938 0.207031 0.021875 0.032813
0 0.923438 0.178906 0.025000 0.042188
0 0.883594 0.215625 0.020313 0.031250
0 0.880469 0.196094 0.017188 0.029688
0 0.847656 0.195312 0.017188 0.031250
0 0.832031 0.182813 0.017188 0.025000
0 0.814063 0.199219 0.021875 0.026563
0 0.774219 0.204688 0.017188 0.025000
0 0.794531 0.204688 0.023438 0.021875
0 0.728125 0.177344 0.015625 0.017188
0 0.709375 0.175781 0.018750 0.023438
0 0.692188 0.168750 0.018750 0.021875
0 0.660938 0.182813 0.018750 0.028125
0 0.627344 0.173438 0.014063 0.025000
0 0.594531 0.172656 0.020313 0.020313
0 0.588281 0.127344 0.020313 0.029688
0 0.564063 0.172656 0.015625 0.020313
0 0.550781 0.167969 0.014063 0.020313
0 0.560156 0.150781 0.010938 0.017188
0 0.548438 0.130469 0.012500 0.026563
0 0.528906 0.159375 0.010938 0.012500
0 0.461719 0.141406 0.017188 0.020313
0 0.360938 0.130469 0.015625 0.020313
