0 0.369531 0.373438 0.095313 0.146875
0 0.502344 0.432031 0.026563 0.042188
0 0.532031 0.531250 0.026563 0.046875
0 0.607031 0.514062 0.026563 0.043750
0 0.185938 0.416406 0.028125 0.042188
0 0.128906 0.433594 0.064063 0.076563
0 0.021094 0.496094 0.035938 0.067187
0 0.685156 0.614063 0.054688 0.068750
0 0.663281 0.588281 0.035938 0.060938
0 0.649219 0.557813 0.035938 0.056250
0 0.718750 0.493750 0.031250 0.050000
0 0.774219 0.539844 0.029688 0.054688
0 0.839063 0.518750 0.031250 0.059375
0 0.856250 0.590625 0.050000 0.065625
0 0.860156 0.729688 0.101562 0.156250
0 0.963281 0.610156 0.048438 0.079688
