0 0.160156 0.465625 0.048438 0.090625
0 0.339844 0.223438 0.014063 0.034375
0 0.343750 0.184375 0.012500 0.034375
0 0.480469 0.221875 0.017188 0.034375
0 0.446094 0.219531 0.017188 0.032813
0 0.417188 0.210938 0.012500 0.028125
0 0.414062 0.180469 0.015625 0.023438
0 0.423438 0.153125 0.012500 0.021875
0 0.446094 0.153125 0.010938 0.021875
0 0.451563 0.181250 0.015625 0.031250
0 0.468750 0.187500 0.015625 0.031250
0 0.462500 0.129688 0.009375 0.025000
0 0.478125 0.150781 0.009375 0.023438
0 0.506250 0.150000 0.012500 0.025000
0 0.500000 0.121875 0.012500 0.018750
0 0.521094 0.124219 0.010938 0.026563
0 0.534375 0.187500 0.015625 0.031250
0 0.560156 0.161719 0.014063 0.026563
0 0.532813 0.153906 0.012500 0.023438
0 0.542969 0.127344 0.010938 0.020313
0 0.582813 0.170313 0.015625 0.028125
0 0.598438 0.143750 0.012500 0.028125
0 0.585156 0.111719 0.010938 0.020313
0 0.603125 0.121094 0.009375 0.023438
0 0.618750 0.146094 0.012500 0.035938
0 0.646875 0.142187 0.012500 0.031250
0 0.614844 0.117188 0.007812 0.025000
0 0.607813 0.103906 0.012500 0.020313
0 0.628125 0.101562 0.009375 0.018750
0 0.654688 0.105469 0.009375 0.026563
0 0.675781 0.124219 0.010938 0.020313
0 0.696094 0.123438 0.010938 0.021875
0 0.714844 0.142969 0.014063 0.026563
0 0.704688 0.161719 0.015625 0.026563
0 0.663281 0.188281 0.017188 0.032813
0 0.620313 0.207813 0.015625 0.040625
0 0.632812 0.250781 0.015625 0.042188
0 0.569531 0.253906 0.020313 0.039062
0 0.603125 0.307813 0.028125 0.065625
0 0.550781 0.292187 0.026563 0.046875
0 0.514844 0.283594 0.029688 0.048438
0 0.674219 0.342969 0.029688 0.067187
0 0.662500 0.257812 0.018750 0.046875
0 0.666406 0.220313 0.017188 0.034375
0 0.695312 0.210938 0.015625 0.031250
0 0.712500 0.228125 0.018750 0.040625
0 0.738281 0.176563 0.014063 0.034375
0 0.750781 0.157031 0.014063 0.029688
0 0.748438 0.125781 0.009375 0.023438
0 0.757812 0.127344 0.012500 0.026563
0 0.777344 0.136719 0.010938 0.032813
0 0.767188 0.183594 0.015625 0.035938
0 0.757812 0.340625 0.025000 0.059375
0 0.771094 0.267188 0.020313 0.050000
0 0.803125 0.275000 0.018750 0.040625
0 0.843750 0.306250 0.018750 0.046875
0 0.828906 0.366406 0.026563 0.054688
0 0.907031 0.336719 0.020313 0.051563
0 0.917188 0.283594 0.018750 0.042188
0 0.865625 0.273438 0.018750 0.046875
0 0.874219 0.232031 0.014063 0.035938
0 0.885938 0.211719 0.015625 0.035938
0 0.897656 0.194531 0.010938 0.029688
0 0.900781 0.173438 0.010938 0.028125
0 0.908594 0.160938 0.010938 0.025000
0 0.931250 0.176563 0.012500 0.034375
0 0.939063 0.212500 0.012500 0.031250
0 0.920313 0.240625 0.009375 0.031250
0 0.926563 0.226562 0.012500 0.031250
0 0.839063 0.217969 0.015625 0.035938
0 0.842188 0.197656 0.015625 0.029688
0 0.857813 0.184375 0.012500 0.028125
0 0.867188 0.157813 0.012500 0.034375
0 0.873438 0.147656 0.012500 0.023438
0 0.840625 0.152344 0.012500 0.032813
0 0.822656 0.175781 0.010938 0.026563
0 0.806250 0.201563 0.012500 0.034375
0 0.786719 0.203906 0.014063 0.035938
0 0.789844 0.172656 0.017188 0.020313
