0 0.107813 0.696094 0.087500 0.139063
0 0.052344 0.646094 0.051563 0.073438
0 0.131250 0.605469 0.050000 0.067187
0 0.174219 0.625781 0.045313 0.082813
0 0.220313 0.657031 0.075000 0.095313
0 0.261719 0.625781 0.045313 0.070312
0 0.308594 0.606250 0.057813 0.081250
0 0.377344 0.488281 0.045313 0.067187
0 0.627344 0.414062 0.048438 0.087500
0 0.674219 0.596094 0.054688 0.076563
0 0.746094 0.684375 0.073438 0.100000
0 0.791406 0.787500 0.154688 0.209375
0 0.772656 0.585938 0.060938 0.106250
0 0.807813 0.578125 0.050000 0.090625
0 0.875781 0.587500 0.057813 0.081250
0 0.910938 0.573438 0.043750 0.065625
0 0.914062 0.636719 0.065625 0.114063
0 0.957813 0.625781 0.084375 0.142187
