0 0.194531 0.336719 0.142187 0.176563
0 0.269531 0.527344 0.032813 0.054688
0 0.364844 0.483594 0.026563 0.051563
0 0.406250 0.496094 0.028125 0.045313
0 0.383594 0.603125 0.035938 0.071875
0 0.441406 0.620313 0.048438 0.090625
0 0.453906 0.480469 0.020313 0.032813
0 0.481250 0.469531 0.021875 0.045313
0 0.517188 0.458594 0.021875 0.035938
0 0.560937 0.452344 0.021875 0.035938
0 0.532813 0.510938 0.034375 0.062500
0 0.577344 0.561719 0.035938 0.064063
0 0.571094 0.692188 0.085938 0.150000
0 0.818750 0.910156 0.137500 0.176563
0 0.697656 0.595313 0.048438 0.081250
0 0.615625 0.514844 0.025000 0.035938
0 0.688281 0.467969 0.026563 0.048438
0 0.700781 0.497656 0.026563 0.042188
0 0.741406 0.475781 0.032813 0.048438
0 0.787500 0.513281 0.043750 0.064063
0 0.838281 0.486719 0.035938 0.051563
0 0.909375 0.525000 0.046875 0.078125
0 0.924219 0.620313 0.073438 0.125000
0 0.938281 0.483594 0.039062 0.064063
