0 0.086719 0.575781 0.045313 0.104688
0 0.184375 0.303125 0.018750 0.053125
0 0.214063 0.295313 0.021875 0.053125
0 0.257031 0.253906 0.020313 0.039062
0 0.297656 0.231250 0.020313 0.046875
0 0.298438 0.256250 0.021875 0.043750
0 0.319531 0.239063 0.017188 0.046875
0 0.340625 0.223438 0.015625 0.034375
0 0.355469 0.210156 0.020313 0.032813
0 0.381250 0.200000 0.018750 0.040625
0 0.378906 0.255469 0.017188 0.035938
0 0.358594 0.278906 0.023438 0.048438
0 0.431250 0.326563 0.025000 0.056250
0 0.426563 0.203906 0.015625 0.039062
0 0.432813 0.175000 0.012500 0.043750
0 0.448438 0.177344 0.015625 0.029688
0 0.464844 0.164062 0.017188 0.040625
0 0.486719 0.166406 0.014063 0.042188
0 0.484375 0.217188 0.015625 0.040625
0 0.461719 0.264844 0.020313 0.048438
0 0.513281 0.178125 0.017188 0.046875
0 0.548438 0.146875 0.012500 0.040625
0 0.572656 0.144531 0.014063 0.035938
0 0.591406 0.135156 0.014063 0.035938
0 0.601562 0.162500 0.015625 0.034375
0 0.573438 0.209375 0.015625 0.040625
0 0.548438 0.228906 0.015625 0.039062
0 0.625000 0.135156 0.015625 0.029688
0 0.617969 0.209375 0.014063 0.040625
0 0.599219 0.202344 0.017188 0.042188
0 0.650781 0.147656 0.014063 0.035938
0 0.663281 0.141406 0.014063 0.029688
0 0.652344 0.189844 0.014063 0.035938
0 0.685938 0.147656 0.015625 0.029688
0 0.685156 0.174219 0.014063 0.042188
0 0.704688 0.169531 0.015625 0.035938
0 0.690625 0.222656 0.015625 0.035938
0 0.668750 0.244531 0.021875 0.048438
0 0.618750 0.308594 0.021875 0.048438
0 0.568750 0.360156 0.028125 0.060938
0 0.603125 0.382031 0.025000 0.057813
0 0.654688 0.411719 0.028125 0.060938
0 0.717969 0.417969 0.023438 0.070312
0 0.789844 0.464063 0.026563 0.078125
0 0.865625 0.513281 0.025000 0.079688
0 0.888281 0.427344 0.020313 0.054688
0 0.954688 0.506250 0.021875 0.068750
0 0.946094 0.396875 0.020313 0.056250
0 0.975000 0.380469 0.015625 0.048438
0 0.985156 0.278125 0.014063 0.043750
0 0.947656 0.256250 0.014063 0.034375
0 0.977344 0.339063 0.017188 0.046875
0 0.931250 0.285938 0.015625 0.043750
0 0.904688 0.240625 0.015625 0.034375
0 0.900781 0.276562 0.014063 0.034375
0 0.888281 0.299219 0.014063 0.045313
0 0.871875 0.244531 0.012500 0.039062
0 0.841406 0.233594 0.017188 0.042188
0 0.821875 0.245313 0.015625 0.037500
0 0.798438 0.238281 0.015625 0.032813
0 0.808594 0.202344 0.017188 0.039062
0 0.770313 0.199219 0.015625 0.042188
0 0.747656 0.205469 0.017188 0.039062
0 0.740625 0.244531 0.015625 0.042188
0 0.729688 0.233594 0.015625 0.032813
0 0.750000 0.303125 0.015625 0.053125
0 0.814844 0.314063 0.020313 0.050000
0 0.788281 0.282031 0.017188 0.048438
0 0.863281 0.357031 0.017188 0.048438
0 0.867188 0.326563 0.018750 0.050000
0 0.924219 0.354688 0.017188 0.053125
