0 0.059375 0.600000 0.109375 0.212500
0 0.222656 0.678906 0.129688 0.214063
0 0.179688 0.475781 0.053125 0.092188
0 0.414844 0.450000 0.060938 0.112500
0 0.182031 0.539062 0.070312 0.084375
0 0.446094 0.620313 0.101562 0.178125
0 0.384375 0.842969 0.181250 0.276562
0 0.502344 0.258594 0.029688 0.067187
0 0.491406 0.453906 0.067187 0.120313
0 0.576562 0.446094 0.056250 0.117188
0 0.632031 0.425000 0.070312 0.121875
0 0.652344 0.656250 0.126562 0.184375
0 0.801563 0.711719 0.140625 0.239063
0 0.774219 0.484375 0.060938 0.090625
0 0.841406 0.472656 0.070312 0.129688
0 0.910938 0.455469 0.040625 0.076563
