0 0.168750 0.392188 0.037500 0.071875
0 0.214063 0.439063 0.084375 0.159375
0 0.254688 0.392188 0.050000 0.090625
0 0.315625 0.351562 0.065625 0.100000
0 0.347656 0.389844 0.064063 0.107813
0 0.348438 0.508594 0.071875 0.123438
0 0.377344 0.621875 0.114063 0.231250
0 0.417969 0.483594 0.092188 0.142187
0 0.413281 0.396094 0.064063 0.085938
0 0.460938 0.305469 0.062500 0.114063
0 0.490625 0.434375 0.071875 0.143750
0 0.538281 0.407031 0.098438 0.192188
0 0.575781 0.526563 0.132812 0.237500
0 0.508594 0.339063 0.060938 0.087500
0 0.594531 0.332031 0.064063 0.101562
0 0.671875 0.346875 0.040625 0.090625
0 0.725781 0.361719 0.104688 0.192188
0 0.818750 0.320312 0.078125 0.150000
0 0.839063 0.369531 0.093750 0.164062
0 0.856250 0.537500 0.115625 0.218750
0 0.899219 0.350781 0.057813 0.120313
