0 0.203125 0.216406 0.015625 0.032813
0 0.292969 0.214844 0.014063 0.035938
0 0.346875 0.191406 0.015625 0.035938
0 0.364844 0.202344 0.017188 0.035938
0 0.396875 0.242188 0.018750 0.037500
0 0.435938 0.224219 0.025000 0.057813
0 0.485156 0.230469 0.020313 0.039062
0 0.460938 0.215625 0.015625 0.037500
0 0.425000 0.175781 0.012500 0.026563
0 0.403906 0.175000 0.017188 0.031250
0 0.384375 0.172656 0.012500 0.023438
0 0.432031 0.148438 0.010938 0.025000
0 0.493750 0.179688 0.015625 0.031250
0 0.482031 0.161719 0.014063 0.026563
0 0.516406 0.177344 0.014063 0.032813
0 0.547656 0.184375 0.017188 0.031250
0 0.474219 0.136719 0.010938 0.023438
0 0.483594 0.133594 0.010938 0.023438
0 0.582813 0.178906 0.018750 0.032813
0 0.545312 0.140625 0.012500 0.025000
0 0.521875 0.135156 0.009375 0.023438
0 0.515625 0.133594 0.015625 0.026563
0 0.579688 0.126562 0.009375 0.025000
0 0.589063 0.135938 0.012500 0.031250
0 0.600781 0.125000 0.010938 0.025000
0 0.624219 0.140625 0.014063 0.025000
0 0.656250 0.148438 0.018750 0.031250
0 0.662500 0.114844 0.015625 0.035938
0 0.682031 0.124219 0.010938 0.032813
0 0.717188 0.119531 0.015625 0.029688
0 0.611719 0.114844 0.014063 0.023438
0 0.636719 0.125781 0.014063 0.020313
0 0.568750 0.271875 0.028125 0.062500
0 0.578125 0.250000 0.028125 0.053125
0 0.639063 0.250781 0.018750 0.051563
0 0.639844 0.203906 0.014063 0.039062
0 0.656250 0.192969 0.015625 0.029688
0 0.675781 0.225000 0.020313 0.043750
0 0.683594 0.263281 0.020313 0.045313
0 0.739063 0.274219 0.028125 0.051563
0 0.722656 0.239844 0.020313 0.045313
0 0.699219 0.176563 0.017188 0.031250
0 0.700781 0.216406 0.017188 0.039062
0 0.746094 0.185938 0.017188 0.031250
0 0.754688 0.210156 0.018750 0.035938
0 0.771094 0.260156 0.020313 0.042188
0 0.798438 0.294531 0.021875 0.054688
0 0.845313 0.322656 0.025000 0.051563
0 0.912500 0.366406 0.025000 0.057813
0 0.928906 0.306250 0.020313 0.050000
0 0.882812 0.266406 0.021875 0.048438
0 0.840625 0.246094 0.018750 0.042188
0 0.798438 0.221875 0.015625 0.034375
0 0.772656 0.130469 0.014063 0.035938
0 0.745313 0.164844 0.015625 0.023438
0 0.789844 0.157031 0.010938 0.029688
0 0.799219 0.141406 0.010938 0.026563
0 0.807031 0.165625 0.010938 0.028125
0 0.816406 0.157031 0.010938 0.032813
0 0.825781 0.140625 0.014063 0.031250
0 0.845313 0.213281 0.015625 0.026563
0 0.856250 0.185156 0.015625 0.032813
0 0.834375 0.189844 0.015625 0.026563
0 0.846094 0.165625 0.010938 0.031250
0 0.857031 0.159375 0.010938 0.031250
0 0.871875 0.173438 0.012500 0.037500
0 0.887500 0.166406 0.012500 0.039062
0 0.910156 0.165625 0.010938 0.031250
0 0.907031 0.215625 0.010938 0.025000
0 0.928906 0.235938 0.014063 0.040625
0 0.948438 0.222656 0.012500 0.029688
0 0.955469 0.183594 0.017188 0.032813
