0 0.096875 0.297656 0.118750 0.151563
0 0.199219 0.469531 0.048438 0.089063
0 0.221875 0.371094 0.050000 0.085938
0 0.256250 0.429688 0.059375 0.087500
0 0.377344 0.335938 0.039062 0.062500
0 0.410938 0.368750 0.046875 0.068750
0 0.482031 0.375000 0.064063 0.087500
0 0.446094 0.523438 0.079688 0.090625
0 0.516406 0.263281 0.045313 0.057813
0 0.657813 0.254688 0.046875 0.065625
0 0.700000 0.436719 0.071875 0.104688
0 0.742969 0.348438 0.042188 0.071875
0 0.868750 0.563281 0.084375 0.110938
0 0.946094 0.592969 0.104688 0.198438
0 0.889063 0.392969 0.046875 0.070312
0 0.971875 0.274219 0.043750 0.060938
0 0.033594 0.381250 0.051563 0.053125
