0 0.152344 0.568750 0.079688 0.115625
0 0.133594 0.494531 0.054688 0.079688
0 0.072656 0.450781 0.035938 0.060938
0 0.046094 0.435938 0.042188 0.065625
0 0.012500 0.386719 0.021875 0.039062
0 0.082031 0.364844 0.017188 0.023438
0 0.098438 0.359375 0.015625 0.028125
0 0.096875 0.414844 0.028125 0.045313
0 0.126562 0.421875 0.034375 0.046875
0 0.176563 0.453906 0.043750 0.073438
0 0.166406 0.346875 0.026563 0.043750
0 0.131250 0.358594 0.015625 0.023438
0 0.204688 0.378906 0.021875 0.029688
0 0.232031 0.436719 0.032813 0.051563
0 0.232031 0.501563 0.042188 0.062500
0 0.307813 0.553906 0.071875 0.104688
0 0.325000 0.488281 0.037500 0.060938
0 0.257812 0.406250 0.018750 0.034375
0 0.271875 0.415625 0.025000 0.034375
0 0.303125 0.404688 0.018750 0.037500
0 0.307031 0.385156 0.017188 0.023438
0 0.336719 0.413281 0.023438 0.035938
0 0.332031 0.375000 0.014063 0.021875
0 0.365625 0.441406 0.028125 0.045313
0 0.422656 0.516406 0.045313 0.070312
0 0.528125 0.534375 0.046875 0.084375
0 0.362500 0.375781 0.015625 0.029688
0 0.408594 0.382031 0.014063 0.017188
0 0.421875 0.400000 0.015625 0.028125
0 0.407813 0.421094 0.025000 0.035938
0 0.423438 0.435156 0.031250 0.039062
0 0.454688 0.421094 0.018750 0.032813
0 0.459375 0.389063 0.012500 0.018750
0 0.488281 0.386719 0.014063 0.023438
0 0.500000 0.398438 0.018750 0.025000
0 0.532031 0.434375 0.029688 0.040625
0 0.507031 0.439844 0.023438 0.042188
0 0.486719 0.441406 0.026563 0.048438
0 0.466406 0.435938 0.020313 0.031250
0 0.551563 0.385156 0.012500 0.026563
0 0.555469 0.401563 0.014063 0.025000
0 0.568750 0.405469 0.015625 0.029688
0 0.582031 0.419531 0.020313 0.035938
0 0.593750 0.397656 0.015625 0.026563
0 0.553125 0.424219 0.018750 0.026563
0 0.540625 0.473438 0.034375 0.053125
0 0.602344 0.478125 0.029688 0.053125
0 0.626563 0.478906 0.034375 0.064063
0 0.622656 0.436719 0.026563 0.035938
0 0.648438 0.414844 0.021875 0.032813
0 0.674219 0.403906 0.014063 0.026563
0 0.673438 0.463281 0.031250 0.054688
0 0.700000 0.427344 0.025000 0.045313
0 0.726562 0.418750 0.015625 0.025000
0 0.752344 0.433594 0.020313 0.035938
0 0.733594 0.484375 0.035938 0.062500
0 0.774219 0.458594 0.020313 0.035938
0 0.797656 0.434375 0.026563 0.037500
0 0.785938 0.414844 0.015625 0.026563
0 0.821875 0.439063 0.018750 0.034375
0 0.825000 0.418750 0.015625 0.025000
0 0.841406 0.435156 0.017188 0.029688
0 0.863281 0.458594 0.020313 0.039062
0 0.799219 0.502344 0.042188 0.067187
0 0.831250 0.497656 0.034375 0.070312
0 0.887500 0.487500 0.037500 0.059375
0 0.892969 0.452344 0.026563 0.042188
0 0.918750 0.489844 0.025000 0.060938
0 0.944531 0.486719 0.026563 0.060938
0 0.934375 0.434375 0.015625 0.028125
0 0.945312 0.432813 0.015625 0.028125
