0 0.829688 0.365625 0.050000 0.100000
0 0.876563 0.265625 0.021875 0.056250
0 0.703125 0.236719 0.025000 0.039062
0 0.667188 0.225781 0.025000 0.042188
0 0.630469 0.210938 0.023438 0.043750
0 0.580469 0.234375 0.023438 0.046875
0 0.536719 0.213281 0.026563 0.039062
0 0.455469 0.231250 0.020313 0.043750
0 0.367969 0.190625 0.017188 0.034375
0 0.326563 0.197656 0.018750 0.032813
0 0.396094 0.170313 0.014063 0.034375
0 0.411719 0.175781 0.017188 0.032813
0 0.440625 0.159375 0.015625 0.034375
0 0.438281 0.136719 0.014063 0.026563
0 0.459375 0.162500 0.015625 0.037500
0 0.465625 0.132812 0.018750 0.025000
0 0.477344 0.159375 0.020313 0.037500
0 0.499219 0.121875 0.014063 0.034375
0 0.500781 0.189063 0.023438 0.043750
0 0.523438 0.174219 0.018750 0.042188
0 0.498438 0.158594 0.018750 0.029688
0 0.525781 0.125000 0.014063 0.031250
0 0.539062 0.147656 0.018750 0.039062
0 0.557813 0.153125 0.021875 0.031250
0 0.568750 0.129688 0.018750 0.043750
0 0.579688 0.117969 0.018750 0.029688
0 0.598438 0.138281 0.018750 0.029688
0 0.579688 0.179688 0.018750 0.034375
0 0.545312 0.182813 0.021875 0.031250
0 0.618750 0.100000 0.021875 0.028125
0 0.617188 0.160938 0.018750 0.031250
0 0.625000 0.122656 0.015625 0.032813
0 0.656250 0.135156 0.012500 0.029688
0 0.657031 0.111719 0.014063 0.026563
0 0.674219 0.107813 0.010938 0.031250
0 0.705469 0.119531 0.014063 0.026563
0 0.655469 0.189844 0.017188 0.039062
0 0.695312 0.176563 0.018750 0.037500
0 0.715625 0.182813 0.018750 0.037500
0 0.721094 0.141406 0.014063 0.035938
0 0.736719 0.144531 0.014063 0.029688
0 0.741406 0.170313 0.014063 0.031250
0 0.798438 0.204688 0.018750 0.043750
0 0.770313 0.173438 0.012500 0.043750
0 0.759375 0.135938 0.012500 0.028125
0 0.793750 0.127344 0.012500 0.029688
0 0.807813 0.157031 0.015625 0.035938
0 0.821094 0.128906 0.010938 0.032813
0 0.828906 0.168750 0.014063 0.037500
0 0.854688 0.203125 0.018750 0.046875
0 0.852344 0.145313 0.010938 0.034375
0 0.873438 0.143750 0.012500 0.031250
0 0.908594 0.175781 0.014063 0.039062
0 0.942188 0.165625 0.012500 0.034375
0 0.925781 0.246094 0.023438 0.054688
0 0.893750 0.235938 0.018750 0.046875
0 0.936719 0.227344 0.017188 0.045313
