0 0.868750 0.289844 0.015625 0.045313
0 0.907813 0.174219 0.012500 0.032813
0 0.934375 0.178125 0.009375 0.028125
0 0.929688 0.204688 0.012500 0.028125
0 0.927344 0.235938 0.014063 0.037500
0 0.811719 0.149219 0.010938 0.032813
0 0.824219 0.185156 0.014063 0.032813
0 0.791406 0.164062 0.010938 0.031250
0 0.721094 0.188281 0.014063 0.035938
0 0.731250 0.152344 0.012500 0.032813
0 0.773438 0.152344 0.012500 0.032813
0 0.749219 0.167969 0.014063 0.035938
0 0.775781 0.226562 0.017188 0.037500
0 0.771875 0.183594 0.015625 0.035938
0 0.696875 0.181250 0.015625 0.037500
0 0.664062 0.185938 0.015625 0.034375
0 0.630469 0.224219 0.017188 0.042188
0 0.635938 0.121094 0.012500 0.026563
0 0.664062 0.117969 0.009375 0.026563
0 0.428125 0.150781 0.012500 0.029688
0 0.445312 0.183594 0.012500 0.032813
0 0.453906 0.149219 0.010938 0.026563
0 0.471875 0.156250 0.012500 0.028125
0 0.479688 0.192188 0.015625 0.031250
0 0.485938 0.142969 0.012500 0.023438
0 0.505469 0.184375 0.014063 0.037500
0 0.501563 0.127344 0.009375 0.020313
0 0.526563 0.131250 0.012500 0.031250
0 0.151563 0.435938 0.037500 0.075000
