0 0.063281 0.357813 0.042188 0.075000
0 0.110156 0.342188 0.039062 0.075000
0 0.141406 0.353125 0.054688 0.075000
0 0.202344 0.368750 0.064063 0.090625
0 0.279688 0.431250 0.068750 0.096875
0 0.311719 0.482813 0.064063 0.103125
0 0.441406 0.435156 0.070312 0.114063
0 0.500000 0.475781 0.068750 0.126562
0 0.645313 0.520313 0.075000 0.153125
0 0.778125 0.721094 0.106250 0.170313
0 0.903125 0.521094 0.081250 0.123438
0 0.860156 0.456250 0.064063 0.100000
0 0.821875 0.410938 0.050000 0.100000
0 0.656250 0.375000 0.065625 0.090625
0 0.553125 0.364844 0.053125 0.092188
0 0.463281 0.353125 0.045313 0.068750
0 0.419531 0.347656 0.054688 0.082813
0 0.346875 0.296094 0.053125 0.085938
0 0.286719 0.273438 0.045313 0.075000
0 0.233594 0.278906 0.045313 0.067187
0 0.494531 0.150781 0.048438 0.085938
0 0.500781 0.235156 0.029688 0.070312
0 0.589844 0.243750 0.042188 0.068750
0 0.607031 0.228906 0.026563 0.064063
0 0.707031 0.130469 0.035938 0.076563
0 0.703125 0.282813 0.046875 0.078125
0 0.760938 0.281250 0.043750 0.081250
0 0.749219 0.234375 0.035938 0.056250
0 0.814063 0.240625 0.040625 0.071875
0 0.867969 0.273438 0.042188 0.087500
