0 0.067969 0.296875 0.020313 0.050000
0 0.296094 0.212500 0.017188 0.031250
0 0.314063 0.220313 0.015625 0.043750
0 0.334375 0.218750 0.018750 0.037500
0 0.332813 0.194531 0.018750 0.026563
0 0.353906 0.193750 0.020313 0.034375
0 0.353125 0.221875 0.018750 0.040625
0 0.367188 0.243750 0.021875 0.043750
0 0.377344 0.210938 0.020313 0.034375
0 0.410938 0.240625 0.018750 0.043750
0 0.407031 0.275000 0.020313 0.046875
0 0.396094 0.159375 0.010938 0.025000
0 0.413281 0.192188 0.014063 0.034375
0 0.437500 0.193750 0.015625 0.031250
0 0.421875 0.160938 0.015625 0.031250
0 0.438281 0.161719 0.014063 0.029688
0 0.467969 0.203125 0.020313 0.046875
0 0.444531 0.188281 0.017188 0.029688
0 0.471875 0.135156 0.012500 0.020313
0 0.482813 0.146875 0.015625 0.028125
0 0.495313 0.124219 0.012500 0.023438
0 0.504688 0.141406 0.015625 0.029688
0 0.507031 0.153125 0.014063 0.031250
0 0.502344 0.180469 0.014063 0.029688
0 0.530469 0.178125 0.017188 0.034375
0 0.515625 0.133594 0.012500 0.020313
0 0.552344 0.155469 0.014063 0.029688
0 0.547656 0.146094 0.014063 0.026563
0 0.562500 0.119531 0.015625 0.026563
0 0.564844 0.151563 0.014063 0.028125
0 0.554688 0.181250 0.018750 0.037500
0 0.569531 0.230469 0.023438 0.048438
0 0.590625 0.161719 0.018750 0.039062
0 0.588281 0.151563 0.017188 0.031250
0 0.615625 0.112500 0.009375 0.021875
0 0.626563 0.114844 0.012500 0.029688
0 0.619531 0.142187 0.014063 0.031250
0 0.643750 0.151563 0.012500 0.031250
0 0.651563 0.146094 0.012500 0.029688
0 0.657031 0.114063 0.010938 0.031250
0 0.674219 0.109375 0.010938 0.018750
0 0.678906 0.122656 0.014063 0.035938
0 0.615625 0.213281 0.021875 0.048438
0 0.616406 0.251563 0.023438 0.050000
0 0.660156 0.193750 0.017188 0.037500
0 0.671875 0.219531 0.015625 0.039062
0 0.702344 0.108594 0.014063 0.026563
0 0.701563 0.178906 0.018750 0.035938
0 0.717969 0.183594 0.014063 0.039062
0 0.721875 0.235156 0.018750 0.045313
0 0.695312 0.256250 0.021875 0.050000
0 0.713281 0.342969 0.032813 0.064063
0 0.768750 0.357813 0.031250 0.062500
0 0.735156 0.148438 0.014063 0.034375
0 0.746875 0.136719 0.012500 0.035938
0 0.770313 0.127344 0.012500 0.023438
0 0.779688 0.147656 0.012500 0.029688
0 0.796875 0.139844 0.012500 0.029688
0 0.820312 0.134375 0.012500 0.031250
0 0.842969 0.153906 0.010938 0.029688
0 0.825781 0.169531 0.014063 0.035938
0 0.794531 0.166406 0.014063 0.026563
0 0.798438 0.206250 0.015625 0.040625
0 0.820312 0.200000 0.015625 0.037500
0 0.753906 0.192188 0.017188 0.037500
0 0.735156 0.183594 0.014063 0.032813
0 0.825000 0.255469 0.018750 0.054688
0 0.844531 0.221094 0.020313 0.045313
0 0.760156 0.253125 0.023438 0.046875
0 0.787500 0.285156 0.025000 0.054688
0 0.866406 0.186719 0.014063 0.039062
0 0.858594 0.230469 0.017188 0.039062
0 0.894531 0.232813 0.017188 0.046875
0 0.906250 0.222656 0.012500 0.042188
0 0.893750 0.182031 0.015625 0.039062
0 0.907031 0.178906 0.014063 0.039062
0 0.912500 0.149219 0.012500 0.032813
0 0.950781 0.183594 0.014063 0.026563
0 0.949219 0.195312 0.010938 0.034375
0 0.935156 0.208594 0.014063 0.039062
0 0.953125 0.228906 0.015625 0.042188
0 0.923438 0.270313 0.018750 0.046875
0 0.912500 0.336719 0.025000 0.060938
