0 0.128906 0.394531 0.026563 0.042188
0 0.152344 0.405469 0.026563 0.045313
0 0.179688 0.428906 0.031250 0.054688
0 0.232813 0.442969 0.037500 0.057813
0 0.309375 0.432813 0.037500 0.053125
0 0.317969 0.404688 0.020313 0.031250
0 0.337500 0.413281 0.025000 0.045313
0 0.375781 0.403125 0.023438 0.040625
0 0.403906 0.357813 0.020313 0.031250
0 0.383594 0.451563 0.039062 0.062500
0 0.426563 0.430469 0.031250 0.051563
0 0.442188 0.416406 0.021875 0.042188
0 0.469531 0.414062 0.023438 0.040625
0 0.507031 0.406250 0.026563 0.040625
0 0.528125 0.445312 0.034375 0.065625
0 0.567188 0.496875 0.043750 0.071875
0 0.585156 0.409375 0.017188 0.031250
0 0.603906 0.414844 0.020313 0.039062
0 0.626563 0.438281 0.034375 0.051563
0 0.669531 0.407813 0.020313 0.037500
0 0.717969 0.457031 0.039062 0.060938
0 0.743750 0.419531 0.018750 0.035938
0 0.764844 0.412500 0.023438 0.034375
0 0.766406 0.442969 0.020313 0.042188
0 0.809375 0.410156 0.028125 0.039062
0 0.843750 0.464063 0.040625 0.053125
0 0.903125 0.435156 0.031250 0.051563
0 0.924219 0.428125 0.023438 0.043750
0 0.974219 0.414844 0.023438 0.045313
0 0.718750 0.417188 0.021875 0.040625
