0 0.037500 0.366406 0.031250 0.054688
0 0.256250 0.280469 0.021875 0.039062
0 0.289062 0.260937 0.018750 0.040625
0 0.300781 0.259375 0.020313 0.040625
0 0.325781 0.276562 0.020313 0.037500
0 0.344531 0.270313 0.020313 0.037500
0 0.316406 0.221875 0.017188 0.034375
0 0.343750 0.224219 0.015625 0.029688
0 0.371094 0.228125 0.017188 0.034375
0 0.370313 0.206250 0.018750 0.031250
0 0.384375 0.199219 0.015625 0.029688
0 0.414844 0.222656 0.017188 0.039062
0 0.407813 0.278125 0.028125 0.053125
0 0.440625 0.225000 0.018750 0.046875
0 0.431250 0.189844 0.018750 0.032813
0 0.412500 0.173438 0.015625 0.031250
0 0.452344 0.188281 0.017188 0.032813
0 0.470313 0.185938 0.018750 0.037500
0 0.452344 0.149219 0.017188 0.026563
0 0.472656 0.145313 0.014063 0.031250
0 0.484375 0.158594 0.015625 0.029688
0 0.474219 0.232813 0.020313 0.043750
0 0.492188 0.201563 0.018750 0.040625
0 0.512500 0.161719 0.015625 0.029688
0 0.485156 0.130469 0.010938 0.023438
0 0.535156 0.142187 0.014063 0.028125
0 0.556250 0.152344 0.015625 0.032813
0 0.569531 0.159375 0.017188 0.040625
0 0.560937 0.112500 0.012500 0.028125
0 0.589063 0.119531 0.012500 0.023438
0 0.585156 0.138281 0.014063 0.029688
0 0.612500 0.156250 0.018750 0.034375
0 0.607813 0.135938 0.015625 0.028125
0 0.592969 0.100781 0.014063 0.029688
0 0.618750 0.116406 0.012500 0.026563
0 0.639844 0.111719 0.014063 0.029688
0 0.650000 0.116406 0.012500 0.026563
0 0.675781 0.116406 0.014063 0.029688
0 0.699219 0.099219 0.017188 0.032813
0 0.482813 0.306250 0.028125 0.059375
0 0.533594 0.208594 0.023438 0.039062
0 0.541406 0.300781 0.026563 0.057813
0 0.566406 0.253125 0.023438 0.043750
0 0.608594 0.252344 0.023438 0.048438
0 0.600781 0.334375 0.029688 0.065625
0 0.680469 0.324219 0.029688 0.057813
0 0.658594 0.269531 0.023438 0.048438
0 0.622656 0.208594 0.023438 0.048438
0 0.657031 0.203906 0.026563 0.048438
0 0.651563 0.175000 0.018750 0.040625
0 0.683594 0.156250 0.020313 0.037500
0 0.694531 0.178125 0.020313 0.040625
0 0.699219 0.213281 0.023438 0.051563
0 0.723438 0.267969 0.031250 0.060938
0 0.749219 0.235938 0.026563 0.059375
0 0.785156 0.291406 0.026563 0.064063
0 0.814844 0.221875 0.026563 0.053125
0 0.732813 0.200781 0.018750 0.045313
0 0.713281 0.137500 0.017188 0.037500
0 0.732031 0.157031 0.020313 0.035938
0 0.735156 0.121875 0.014063 0.028125
0 0.751563 0.117188 0.015625 0.028125
0 0.750781 0.149219 0.017188 0.039062
0 0.761719 0.161719 0.017188 0.035938
0 0.767969 0.128125 0.014063 0.031250
0 0.783594 0.115625 0.014063 0.031250
0 0.796875 0.135938 0.012500 0.031250
0 0.796875 0.176563 0.018750 0.037500
0 0.814844 0.167188 0.017188 0.037500
0 0.827344 0.134375 0.017188 0.034375
0 0.814063 0.125000 0.015625 0.034375
0 0.844531 0.188281 0.020313 0.042188
0 0.871875 0.222656 0.018750 0.039062
0 0.920313 0.281250 0.028125 0.056250
0 0.891406 0.189063 0.017188 0.037500
0 0.870313 0.167969 0.018750 0.035938
0 0.857031 0.157031 0.014063 0.032813
0 0.861719 0.135938 0.014063 0.028125
0 0.867969 0.124219 0.014063 0.026563
0 0.888281 0.150781 0.014063 0.026563
0 0.897656 0.128906 0.010938 0.026563
0 0.924219 0.201563 0.014063 0.040625
0 0.928125 0.171875 0.012500 0.021875
0 0.927344 0.155469 0.010938 0.023438
