0 0.083594 0.504688 0.045313 0.100000
0 0.291406 0.267188 0.020313 0.040625
0 0.321094 0.217969 0.014063 0.035938
0 0.334375 0.229688 0.015625 0.034375
0 0.342188 0.257031 0.018750 0.035938
0 0.347656 0.300781 0.023438 0.045313
0 0.350781 0.228906 0.017188 0.035938
0 0.364063 0.256250 0.018750 0.037500
0 0.375781 0.235156 0.020313 0.042188
0 0.391406 0.286719 0.023438 0.051563
0 0.399219 0.222656 0.020313 0.039062
0 0.424219 0.225000 0.020313 0.046875
0 0.412500 0.202344 0.015625 0.029688
0 0.422656 0.182031 0.014063 0.029688
0 0.446875 0.204688 0.018750 0.037500
0 0.480469 0.222656 0.023438 0.045313
0 0.489063 0.194531 0.015625 0.035938
0 0.469531 0.175000 0.014063 0.028125
0 0.467969 0.146875 0.014063 0.028125
0 0.483594 0.147656 0.014063 0.026563
0 0.502344 0.149219 0.014063 0.032813
0 0.521094 0.163281 0.014063 0.029688
0 0.519531 0.128906 0.014063 0.026563
0 0.539062 0.133594 0.015625 0.029688
0 0.540625 0.175000 0.018750 0.037500
0 0.563281 0.185156 0.020313 0.032813
0 0.559375 0.137500 0.015625 0.031250
0 0.562500 0.117969 0.012500 0.023438
0 0.582813 0.129688 0.015625 0.028125
0 0.578125 0.152344 0.018750 0.032813
0 0.590625 0.111719 0.012500 0.029688
0 0.612500 0.114063 0.009375 0.015625
0 0.615625 0.142969 0.015625 0.029688
0 0.632812 0.131250 0.015625 0.034375
0 0.653906 0.132031 0.014063 0.032813
0 0.668750 0.131250 0.012500 0.031250
0 0.655469 0.100000 0.010938 0.025000
0 0.661719 0.109375 0.014063 0.021875
0 0.699219 0.110938 0.014063 0.025000
0 0.559375 0.239063 0.025000 0.043750
0 0.546094 0.289844 0.029688 0.054688
0 0.603125 0.334375 0.034375 0.062500
0 0.606250 0.244531 0.025000 0.054688
0 0.617969 0.213281 0.020313 0.042188
0 0.664844 0.259375 0.029688 0.053125
0 0.666406 0.213281 0.023438 0.042188
0 0.682813 0.199219 0.021875 0.042188
0 0.711719 0.217188 0.023438 0.053125
0 0.727344 0.187500 0.020313 0.040625
0 0.743750 0.235938 0.021875 0.059375
0 0.757812 0.171875 0.021875 0.046875
0 0.746875 0.137500 0.015625 0.037500
0 0.717969 0.144531 0.014063 0.032813
0 0.733594 0.150000 0.014063 0.028125
0 0.761719 0.122656 0.014063 0.026563
0 0.799219 0.150000 0.017188 0.028125
0 0.807031 0.118750 0.010938 0.028125
0 0.817188 0.144531 0.012500 0.032813
0 0.835156 0.128906 0.014063 0.029688
0 0.853125 0.163281 0.015625 0.035938
0 0.867188 0.148438 0.018750 0.034375
0 0.877344 0.133594 0.010938 0.032813
0 0.832813 0.210938 0.021875 0.046875
0 0.861719 0.224219 0.017188 0.048438
0 0.858594 0.270313 0.026563 0.046875
0 0.810156 0.257812 0.023438 0.043750
0 0.766406 0.228125 0.023438 0.037500
0 0.796875 0.280469 0.025000 0.054688
0 0.828906 0.309375 0.026563 0.059375
0 0.840625 0.396875 0.037500 0.081250
0 0.896875 0.450781 0.043750 0.079688
0 0.849219 0.354688 0.032813 0.062500
0 0.921875 0.301563 0.025000 0.053125
0 0.906250 0.219531 0.018750 0.042188
0 0.894531 0.187500 0.014063 0.031250
0 0.899219 0.159375 0.014063 0.028125
0 0.903906 0.136719 0.014063 0.029688
0 0.942188 0.151563 0.012500 0.028125
0 0.938281 0.175000 0.010938 0.028125
0 0.937500 0.221094 0.018750 0.045313
