0 0.211719 0.357031 0.048438 0.092188
0 0.285938 0.261719 0.021875 0.039062
0 0.333594 0.282031 0.023438 0.042188
0 0.346875 0.260937 0.021875 0.040625
0 0.350781 0.214844 0.017188 0.039062
0 0.381250 0.203906 0.018750 0.032813
0 0.386719 0.205469 0.014063 0.023438
0 0.428906 0.279688 0.029688 0.046875
0 0.440625 0.235156 0.018750 0.032813
0 0.420313 0.217969 0.018750 0.039062
0 0.423438 0.173438 0.015625 0.028125
0 0.441406 0.200781 0.017188 0.035938
0 0.465625 0.194531 0.018750 0.032813
0 0.445312 0.163281 0.015625 0.029688
0 0.467188 0.159375 0.015625 0.028125
0 0.495313 0.171875 0.015625 0.034375
0 0.493750 0.211719 0.018750 0.035938
0 0.483594 0.133594 0.014063 0.020313
0 0.516406 0.141406 0.017188 0.039062
0 0.538281 0.133594 0.017188 0.029688
0 0.554688 0.124219 0.012500 0.020313
0 0.563281 0.162500 0.014063 0.037500
0 0.550000 0.161719 0.015625 0.029688
0 0.576562 0.162500 0.015625 0.034375
0 0.525000 0.234375 0.018750 0.040625
0 0.588281 0.139844 0.010938 0.029688
0 0.588281 0.109375 0.014063 0.025000
0 0.610156 0.121875 0.014063 0.018750
0 0.604688 0.142187 0.012500 0.031250
0 0.687500 0.107813 0.015625 0.037500
0 0.477344 0.323438 0.029688 0.053125
0 0.543750 0.316406 0.031250 0.060938
0 0.564844 0.239063 0.020313 0.043750
0 0.607813 0.256250 0.021875 0.046875
0 0.614063 0.207031 0.021875 0.045313
0 0.595313 0.317969 0.031250 0.060938
0 0.657031 0.264063 0.020313 0.046875
0 0.666406 0.203125 0.023438 0.046875
0 0.677344 0.167969 0.020313 0.042188
0 0.708594 0.204688 0.020313 0.043750
0 0.709375 0.283594 0.031250 0.057813
0 0.707813 0.335156 0.031250 0.064063
0 0.769531 0.321094 0.026563 0.060938
0 0.699219 0.178125 0.017188 0.034375
0 0.705469 0.143750 0.020313 0.040625
0 0.729688 0.155469 0.018750 0.035938
0 0.743750 0.187500 0.015625 0.037500
0 0.748438 0.152344 0.015625 0.035938
0 0.732031 0.128906 0.014063 0.032813
0 0.749219 0.106250 0.014063 0.028125
0 0.762500 0.128906 0.015625 0.032813
0 0.787500 0.142187 0.018750 0.037500
0 0.808594 0.132031 0.010938 0.029688
0 0.798438 0.182031 0.015625 0.042188
0 0.813281 0.171094 0.017188 0.029688
0 0.842969 0.194531 0.020313 0.042188
0 0.869531 0.231250 0.020313 0.043750
0 0.884375 0.187500 0.018750 0.037500
0 0.915625 0.188281 0.018750 0.045313
0 0.867969 0.132031 0.014063 0.026563
0 0.967188 0.111719 0.015625 0.032813
