0 0.074219 0.366406 0.076563 0.110938
0 0.145313 0.343750 0.065625 0.084375
0 0.150781 0.296875 0.039062 0.059375
0 0.175781 0.264844 0.029688 0.051563
0 0.091406 0.272656 0.035938 0.054688
0 0.060938 0.296094 0.043750 0.054688
0 0.018750 0.267188 0.034375 0.065625
0 0.050000 0.683594 0.093750 0.220313
0 0.348438 0.568750 0.103125 0.175000
0 0.392969 0.403125 0.082813 0.118750
0 0.358594 0.334375 0.042188 0.062500
0 0.341406 0.305469 0.029688 0.048438
0 0.307813 0.265625 0.028125 0.056250
0 0.254688 0.274219 0.028125 0.051563
0 0.232813 0.312500 0.050000 0.081250
0 0.392969 0.282813 0.032813 0.050000
0 0.410938 0.347656 0.056250 0.089063
0 0.472656 0.330469 0.051563 0.085938
0 0.928125 0.230469 0.090625 0.154688
