0 0.155469 0.644531 0.132812 0.185938
0 0.148438 0.410156 0.096875 0.142187
0 0.032813 0.387500 0.056250 0.125000
0 0.259375 0.526563 0.125000 0.143750
0 0.463281 0.562500 0.139063 0.143750
0 0.260937 0.313281 0.093750 0.126562
0 0.189844 0.260156 0.054688 0.079688
0 0.352344 0.215625 0.067187 0.100000
0 0.395313 0.292187 0.081250 0.118750
0 0.560937 0.441406 0.106250 0.110938
0 0.520313 0.347656 0.090625 0.114063
0 0.467969 0.248438 0.070312 0.081250
0 0.690625 0.360938 0.090625 0.115625
0 0.678125 0.269531 0.081250 0.092188
0 0.846875 0.239844 0.071875 0.120313
0 0.943750 0.384375 0.084375 0.131250
0 0.975000 0.281250 0.053125 0.115625
0 0.795313 0.252344 0.065625 0.110938
