0 0.178125 0.481250 0.037500 0.068750
0 0.340625 0.221094 0.018750 0.035938
0 0.363281 0.219531 0.017188 0.029688
0 0.368750 0.261719 0.021875 0.042188
0 0.391406 0.267969 0.023438 0.045313
0 0.412500 0.200000 0.018750 0.034375
0 0.474219 0.246875 0.023438 0.040625
0 0.459375 0.212500 0.018750 0.034375
0 0.446875 0.166406 0.015625 0.029688
0 0.458594 0.164062 0.014063 0.031250
0 0.467188 0.138281 0.012500 0.023438
0 0.494531 0.196094 0.020313 0.042188
0 0.510156 0.140625 0.014063 0.028125
0 0.530469 0.123438 0.014063 0.025000
0 0.527344 0.158594 0.014063 0.035938
0 0.559375 0.159375 0.015625 0.031250
0 0.564063 0.135156 0.015625 0.029688
0 0.552344 0.128125 0.014063 0.034375
0 0.576562 0.121094 0.015625 0.029688
0 0.594531 0.125000 0.014063 0.025000
0 0.601562 0.107813 0.009375 0.018750
0 0.626563 0.142969 0.015625 0.035938
0 0.666406 0.121875 0.014063 0.031250
0 0.593750 0.157813 0.021875 0.034375
0 0.567969 0.240625 0.023438 0.050000
0 0.620313 0.254688 0.021875 0.050000
0 0.618750 0.208594 0.021875 0.045313
0 0.664844 0.227344 0.020313 0.045313
0 0.670313 0.277344 0.025000 0.057813
0 0.707031 0.171094 0.020313 0.042188
0 0.730469 0.229688 0.023438 0.050000
0 0.742969 0.173438 0.020313 0.050000
0 0.731250 0.154688 0.018750 0.031250
0 0.773438 0.165625 0.018750 0.040625
0 0.790625 0.210938 0.018750 0.050000
0 0.815625 0.172656 0.021875 0.039062
0 0.838281 0.212500 0.023438 0.050000
0 0.853125 0.184375 0.018750 0.040625
0 0.865625 0.162500 0.018750 0.031250
0 0.907813 0.182813 0.015625 0.043750
0 0.885156 0.225000 0.020313 0.050000
0 0.931250 0.243750 0.021875 0.053125
0 0.918750 0.342188 0.025000 0.065625
0 0.921875 0.291406 0.018750 0.045313
0 0.850781 0.308594 0.026563 0.070312
0 0.815625 0.383594 0.037500 0.082813
0 0.801563 0.287500 0.025000 0.062500
0 0.890625 0.399219 0.040625 0.082813
