0 0.158594 0.450000 0.060938 0.125000
0 0.376563 0.230469 0.018750 0.039062
0 0.393750 0.231250 0.025000 0.050000
0 0.375000 0.190625 0.021875 0.037500
0 0.399219 0.164844 0.020313 0.035938
0 0.428125 0.168750 0.018750 0.034375
0 0.434375 0.198438 0.018750 0.037500
0 0.446094 0.246875 0.026563 0.040625
0 0.420313 0.227344 0.021875 0.039062
0 0.468750 0.235938 0.021875 0.043750
0 0.469531 0.188281 0.017188 0.035938
0 0.466406 0.157031 0.017188 0.032813
0 0.454688 0.153125 0.015625 0.034375
0 0.438281 0.142187 0.014063 0.031250
0 0.485156 0.142187 0.014063 0.034375
0 0.496094 0.121094 0.010938 0.023438
0 0.535156 0.157031 0.017188 0.032813
0 0.503906 0.200000 0.020313 0.046875
0 0.532813 0.196094 0.018750 0.042188
0 0.555469 0.160156 0.017188 0.039062
0 0.574219 0.139063 0.017188 0.034375
0 0.532813 0.135938 0.012500 0.025000
0 0.585156 0.168750 0.020313 0.040625
0 0.585156 0.107813 0.014063 0.028125
0 0.604688 0.130469 0.018750 0.035938
0 0.618750 0.142969 0.015625 0.032813
0 0.622656 0.120313 0.014063 0.028125
0 0.605469 0.100781 0.014063 0.023438
0 0.657031 0.099219 0.020313 0.032813
0 0.661719 0.134375 0.017188 0.034375
0 0.686719 0.119531 0.014063 0.032813
0 0.700781 0.117188 0.014063 0.028125
0 0.638281 0.218750 0.020313 0.043750
0 0.607813 0.253906 0.031250 0.067187
0 0.557813 0.273438 0.025000 0.046875
0 0.625000 0.298438 0.028125 0.056250
0 0.694531 0.321875 0.032813 0.056250
0 0.724219 0.283594 0.032813 0.070312
0 0.753125 0.241406 0.021875 0.048438
0 0.749219 0.204688 0.020313 0.046875
0 0.728906 0.171094 0.020313 0.042188
0 0.714063 0.156250 0.015625 0.043750
0 0.703906 0.200781 0.020313 0.045313
0 0.692969 0.166406 0.020313 0.039062
0 0.680469 0.182031 0.020313 0.045313
0 0.741406 0.133594 0.020313 0.035938
0 0.764063 0.145313 0.018750 0.034375
0 0.788281 0.128906 0.020313 0.042188
0 0.787500 0.157031 0.018750 0.039062
0 0.775000 0.187500 0.021875 0.046875
0 0.811719 0.245313 0.023438 0.056250
0 0.785156 0.234375 0.026563 0.043750
0 0.832813 0.332813 0.028125 0.068750
0 0.832813 0.234375 0.018750 0.046875
0 0.819531 0.173438 0.020313 0.040625
0 0.839844 0.157031 0.017188 0.051563
0 0.857813 0.194531 0.015625 0.035938
0 0.874219 0.179688 0.014063 0.034375
0 0.895313 0.200000 0.015625 0.034375
0 0.892188 0.232813 0.021875 0.040625
0 0.884375 0.266406 0.021875 0.054688
0 0.920313 0.321875 0.025000 0.056250
0 0.946875 0.217969 0.015625 0.048438
0 0.940625 0.167188 0.015625 0.043750
