0 0.170313 0.460938 0.037500 0.090625
0 0.313281 0.228906 0.014063 0.042188
0 0.345313 0.175781 0.015625 0.039062
0 0.353906 0.181250 0.017188 0.034375
0 0.410156 0.203906 0.017188 0.042188
0 0.419531 0.165625 0.010938 0.028125
0 0.444531 0.221875 0.017188 0.040625
0 0.478125 0.224219 0.018750 0.045313
0 0.496094 0.282031 0.026563 0.057813
0 0.461719 0.164062 0.014063 0.040625
0 0.490625 0.135938 0.012500 0.028125
0 0.499219 0.162500 0.017188 0.040625
0 0.517969 0.116406 0.010938 0.023438
0 0.535938 0.127344 0.012500 0.029688
0 0.546094 0.117969 0.014063 0.029688
0 0.564844 0.246094 0.017188 0.042188
0 0.548438 0.301563 0.025000 0.065625
0 0.590625 0.058594 0.012500 0.035938
0 0.632812 0.089063 0.009375 0.025000
0 0.660156 0.090625 0.007812 0.028125
0 0.685156 0.096094 0.010938 0.020313
0 0.696875 0.110938 0.012500 0.025000
0 0.631250 0.121875 0.012500 0.028125
0 0.645313 0.135156 0.015625 0.029688
0 0.605469 0.301563 0.026563 0.071875
0 0.639063 0.182031 0.021875 0.048438
0 0.626563 0.246875 0.021875 0.056250
0 0.667188 0.292969 0.021875 0.048438
0 0.668750 0.220313 0.018750 0.043750
0 0.675781 0.168750 0.017188 0.037500
0 0.687500 0.349219 0.031250 0.067187
0 0.696875 0.159375 0.012500 0.034375
0 0.711719 0.185156 0.017188 0.039062
0 0.720313 0.232031 0.021875 0.048438
0 0.725000 0.132812 0.015625 0.031250
0 0.737500 0.168750 0.015625 0.031250
0 0.749219 0.117969 0.014063 0.035938
0 0.772656 0.182031 0.014063 0.039062
0 0.798438 0.169531 0.012500 0.029688
0 0.791406 0.213281 0.014063 0.039062
0 0.811719 0.282813 0.026563 0.056250
0 0.775000 0.337500 0.028125 0.068750
0 0.840625 0.352344 0.028125 0.067187
0 0.861719 0.319531 0.023438 0.060938
0 0.914062 0.375781 0.021875 0.051563
0 0.871875 0.267969 0.018750 0.039062
0 0.925781 0.285156 0.023438 0.051563
0 0.843750 0.085156 0.015625 0.032813
0 0.896875 0.142187 0.012500 0.034375
0 0.932031 0.153125 0.017188 0.040625
0 0.855469 0.211719 0.017188 0.039062
0 0.870313 0.179688 0.012500 0.034375
0 0.884375 0.217188 0.018750 0.037500
0 0.445312 0.136719 0.012500 0.029688
0 0.522656 0.153125 0.014063 0.034375
0 0.552344 0.160938 0.014063 0.037500
0 0.557813 0.176563 0.015625 0.040625
0 0.582813 0.157031 0.015625 0.039062
0 0.935938 0.221875 0.015625 0.043750
0 0.896875 0.189844 0.015625 0.032813
0 0.834375 0.171875 0.015625 0.037500
0 0.783594 0.125781 0.010938 0.035938
0 0.721875 0.101562 0.009375 0.028125
