0 0.050781 0.685938 0.092188 0.165625
0 0.281250 0.572656 0.053125 0.060938
0 0.250781 0.550781 0.039062 0.064063
0 0.364844 0.539062 0.039062 0.056250
0 0.393750 0.557813 0.037500 0.056250
0 0.428906 0.578125 0.045313 0.059375
0 0.408594 0.636719 0.079688 0.110938
0 0.499219 0.691406 0.114063 0.154688
0 0.623438 0.637500 0.056250 0.090625
0 0.705469 0.689844 0.135938 0.204688
0 0.587500 0.564063 0.040625 0.053125
0 0.531250 0.553125 0.034375 0.046875
0 0.494531 0.557813 0.039062 0.053125
0 0.658594 0.542969 0.039062 0.060938
0 0.701563 0.542969 0.031250 0.048438
0 0.728906 0.542969 0.035938 0.054688
0 0.758594 0.541406 0.032813 0.051563
0 0.738281 0.482031 0.026563 0.039062
0 0.789844 0.514844 0.023438 0.042188
0 0.594531 0.455469 0.026563 0.032813
0 0.811719 0.632031 0.079688 0.110938
0 0.843750 0.615625 0.050000 0.087500
0 0.829688 0.546875 0.028125 0.046875
0 0.863281 0.548438 0.032813 0.050000
0 0.846875 0.521094 0.025000 0.032813
0 0.884375 0.519531 0.031250 0.051563
0 0.903125 0.522656 0.021875 0.039062
0 0.969531 0.535938 0.032813 0.046875
