0 0.339844 0.184375 0.020313 0.037500
0 0.382812 0.237500 0.021875 0.040625
0 0.412500 0.266406 0.025000 0.045313
0 0.400781 0.204688 0.017188 0.034375
0 0.389844 0.189844 0.014063 0.029688
0 0.397656 0.168750 0.017188 0.031250
0 0.418750 0.161719 0.015625 0.029688
0 0.428906 0.178125 0.014063 0.031250
0 0.428906 0.210156 0.014063 0.035938
0 0.451563 0.217969 0.018750 0.042188
0 0.476562 0.235938 0.021875 0.040625
0 0.477344 0.182031 0.017188 0.042188
0 0.462500 0.175781 0.012500 0.029688
0 0.471875 0.145313 0.015625 0.031250
0 0.484375 0.142187 0.015625 0.028125
0 0.505469 0.121094 0.010938 0.023438
0 0.512500 0.196875 0.021875 0.040625
0 0.522656 0.166406 0.014063 0.032813
0 0.544531 0.199219 0.020313 0.035938
0 0.553906 0.170313 0.017188 0.031250
0 0.549219 0.149219 0.014063 0.023438
0 0.545312 0.135156 0.012500 0.020313
0 0.576562 0.148438 0.015625 0.031250
0 0.607813 0.150781 0.015625 0.029688
0 0.585938 0.171094 0.018750 0.032813
0 0.600781 0.134375 0.014063 0.031250
0 0.600000 0.116406 0.012500 0.020313
0 0.609375 0.109375 0.012500 0.025000
0 0.628906 0.121094 0.014063 0.020313
0 0.631250 0.143750 0.015625 0.031250
0 0.663281 0.137500 0.014063 0.031250
0 0.653906 0.108594 0.014063 0.026563
0 0.686719 0.121094 0.014063 0.032813
0 0.704688 0.132031 0.012500 0.026563
0 0.566406 0.264063 0.029688 0.053125
0 0.592187 0.328906 0.031250 0.073438
0 0.614063 0.257031 0.028125 0.057813
0 0.641406 0.213281 0.020313 0.045313
0 0.668750 0.199219 0.018750 0.048438
0 0.713281 0.200000 0.020313 0.037500
0 0.707813 0.159375 0.015625 0.034375
0 0.726562 0.160938 0.015625 0.031250
0 0.742969 0.166406 0.014063 0.032813
0 0.757812 0.155469 0.012500 0.026563
0 0.750781 0.139844 0.017188 0.032813
0 0.782031 0.137500 0.017188 0.034375
0 0.804688 0.165625 0.015625 0.031250
0 0.785938 0.181250 0.015625 0.034375
0 0.784375 0.224219 0.018750 0.039062
0 0.757031 0.246875 0.023438 0.046875
0 0.748438 0.204688 0.018750 0.040625
0 0.720313 0.279688 0.031250 0.062500
0 0.682813 0.359375 0.034375 0.068750
0 0.827344 0.250000 0.026563 0.040625
0 0.843750 0.223438 0.021875 0.040625
0 0.836719 0.171875 0.017188 0.028125
0 0.842188 0.149219 0.015625 0.035938
0 0.866406 0.183594 0.017188 0.029688
0 0.879688 0.177344 0.015625 0.035938
0 0.890625 0.235938 0.021875 0.046875
0 0.876563 0.289062 0.021875 0.056250
0 0.849219 0.331250 0.029688 0.062500
0 0.886719 0.402344 0.057813 0.110938
0 0.921875 0.304688 0.021875 0.062500
0 0.946094 0.242188 0.017188 0.040625
0 0.957813 0.223438 0.018750 0.040625
0 0.944531 0.194531 0.017188 0.035938
0 0.939844 0.166406 0.014063 0.029688
0 0.898438 0.203125 0.012500 0.034375
