0 0.185156 0.363281 0.039062 0.085938
0 0.239063 0.388281 0.043750 0.089063
0 0.220313 0.340625 0.021875 0.056250
0 0.165625 0.347656 0.021875 0.051563
0 0.151563 0.343750 0.021875 0.046875
0 0.268750 0.358594 0.031250 0.064063
0 0.291406 0.360938 0.029688 0.065625
0 0.341406 0.340625 0.023438 0.046875
0 0.370313 0.447656 0.056250 0.120313
0 0.384375 0.389844 0.034375 0.067187
0 0.376563 0.349219 0.018750 0.042188
0 0.431250 0.343750 0.025000 0.053125
0 0.450781 0.353906 0.029688 0.064063
0 0.499219 0.429688 0.048438 0.112500
0 0.525781 0.347656 0.026563 0.064063
0 0.557813 0.376563 0.031250 0.075000
0 0.562500 0.350781 0.025000 0.042188
0 0.628906 0.396875 0.039062 0.065625
0 0.662500 0.370313 0.025000 0.046875
0 0.688281 0.359375 0.020313 0.053125
0 0.735938 0.401563 0.040625 0.087500
0 0.756250 0.369531 0.025000 0.057813
0 0.798438 0.427344 0.034375 0.076563
0 0.798438 0.379688 0.028125 0.059375
