0 0.209375 0.321875 0.031250 0.065625
0 0.275781 0.232813 0.017188 0.037500
0 0.375781 0.196875 0.017188 0.037500
0 0.358594 0.239844 0.020313 0.035938
0 0.389063 0.170313 0.015625 0.028125
0 0.414844 0.164844 0.017188 0.032813
0 0.469531 0.133594 0.010938 0.023438
0 0.392969 0.203906 0.017188 0.035938
0 0.377344 0.269531 0.017188 0.039062
0 0.422656 0.221875 0.020313 0.040625
0 0.427344 0.172656 0.020313 0.045313
0 0.489063 0.145313 0.012500 0.043750
0 0.500000 0.131250 0.012500 0.025000
0 0.490625 0.180469 0.015625 0.039062
0 0.521875 0.136719 0.009375 0.023438
0 0.514844 0.182813 0.017188 0.037500
0 0.471875 0.203125 0.021875 0.037500
0 0.449219 0.263281 0.020313 0.051563
0 0.485156 0.242969 0.020313 0.042188
0 0.562500 0.186719 0.018750 0.035938
0 0.554688 0.145313 0.012500 0.031250
0 0.564063 0.149219 0.009375 0.029688
0 0.585156 0.121875 0.010938 0.028125
0 0.594531 0.132031 0.014063 0.032813
0 0.608594 0.115625 0.010938 0.025000
0 0.626563 0.120313 0.012500 0.025000
0 0.585938 0.180469 0.015625 0.042188
0 0.617969 0.173438 0.020313 0.037500
0 0.655469 0.112500 0.014063 0.031250
0 0.675000 0.118750 0.012500 0.028125
0 0.692969 0.118750 0.010938 0.021875
0 0.707813 0.112500 0.012500 0.025000
0 0.570312 0.283594 0.028125 0.048438
0 0.592187 0.242969 0.025000 0.039062
0 0.635156 0.206250 0.014063 0.043750
0 0.632031 0.260156 0.029688 0.054688
0 0.671094 0.218750 0.017188 0.037500
0 0.678906 0.286719 0.020313 0.048438
0 0.707031 0.189063 0.017188 0.031250
0 0.724219 0.153125 0.020313 0.040625
0 0.758594 0.127344 0.014063 0.026563
0 0.748438 0.156250 0.018750 0.025000
0 0.739844 0.191406 0.017188 0.035938
0 0.759375 0.183594 0.018750 0.023438
0 0.752344 0.220313 0.020313 0.040625
0 0.736719 0.264844 0.023438 0.051563
0 0.775000 0.286719 0.025000 0.048438
0 0.775781 0.142969 0.010938 0.023438
0 0.801563 0.139063 0.012500 0.025000
0 0.789844 0.162500 0.020313 0.028125
0 0.791406 0.214063 0.017188 0.037500
0 0.819531 0.146094 0.010938 0.029688
0 0.832031 0.157813 0.020313 0.028125
0 0.836719 0.176563 0.017188 0.031250
0 0.838281 0.203906 0.017188 0.039062
0 0.842188 0.241406 0.021875 0.035938
0 0.834375 0.309375 0.031250 0.046875
0 0.866406 0.271875 0.017188 0.053125
0 0.855469 0.195312 0.014063 0.025000
0 0.853906 0.153125 0.014063 0.031250
0 0.880469 0.174219 0.014063 0.032813
0 0.892969 0.157813 0.010938 0.021875
0 0.909375 0.168750 0.009375 0.034375
0 0.900781 0.217188 0.010938 0.034375
0 0.908594 0.379688 0.023438 0.050000
0 0.921094 0.303906 0.020313 0.048438
0 0.924219 0.247656 0.017188 0.045313
0 0.933594 0.235938 0.017188 0.046875
0 0.949219 0.225781 0.017188 0.042188
0 0.947656 0.184375 0.010938 0.021875
0 0.809375 0.151563 0.012500 0.028125
0 0.728125 0.194531 0.021875 0.039062
0 0.655469 0.137500 0.010938 0.021875
0 0.728125 0.234375 0.028125 0.040625
