1 0.133594 0.375781 0.085938 0.185938
1 0.052344 0.371094 0.035938 0.101562
1 0.180469 0.385938 0.035938 0.103125
1 0.281250 0.380469 0.040625 0.101562
1 0.378906 0.371094 0.042188 0.095313
1 0.456250 0.347656 0.037500 0.095313
1 0.510156 0.359375 0.042188 0.103125
1 0.581250 0.340625 0.040625 0.087500
1 0.613281 0.308594 0.023438 0.064063
1 0.643750 0.382031 0.084375 0.204688
1 0.684375 0.346094 0.043750 0.126562
1 0.711719 0.330469 0.032813 0.101562
1 0.783594 0.315625 0.064063 0.134375
1 0.848438 0.320312 0.046875 0.125000
1 0.890625 0.322656 0.037500 0.110938
1 0.970313 0.336719 0.062500 0.164062
