0 0.952344 0.514062 0.048438 0.078125
0 0.885156 0.574219 0.076563 0.126562
0 0.770313 0.660156 0.071875 0.145313
0 0.692969 0.687500 0.160938 0.259375
0 0.603906 0.522656 0.051563 0.089063
0 0.660938 0.500000 0.046875 0.075000
0 0.693750 0.467188 0.031250 0.065625
0 0.739063 0.473438 0.031250 0.053125
0 0.779688 0.467969 0.034375 0.073438
0 0.816406 0.473438 0.035938 0.062500
0 0.859375 0.472656 0.031250 0.060938
0 0.883594 0.480469 0.032813 0.067187
0 0.915625 0.475781 0.025000 0.045313
0 0.614844 0.454688 0.023438 0.050000
0 0.644531 0.453125 0.029688 0.046875
0 0.600781 0.432031 0.017188 0.035938
0 0.563281 0.450781 0.026563 0.048438
0 0.566406 0.424219 0.020313 0.042188
0 0.510938 0.423438 0.018750 0.037500
0 0.525000 0.421875 0.018750 0.034375
0 0.508594 0.457031 0.026563 0.051563
0 0.492188 0.469531 0.050000 0.085938
0 0.476562 0.536719 0.062500 0.117188
0 0.398438 0.497656 0.050000 0.082813
0 0.331250 0.575781 0.078125 0.142187
0 0.160156 0.643750 0.101562 0.184375
0 0.086719 0.534375 0.070312 0.121875
0 0.015625 0.460156 0.025000 0.079688
0 0.023438 0.432031 0.028125 0.060938
0 0.061719 0.460156 0.039062 0.073438
0 0.080469 0.410156 0.032813 0.057813
0 0.057813 0.346875 0.025000 0.034375
0 0.136719 0.401563 0.029688 0.046875
0 0.149219 0.396875 0.020313 0.040625
0 0.151563 0.469531 0.050000 0.076563
0 0.206250 0.425781 0.025000 0.045313
0 0.237500 0.410938 0.021875 0.040625
0 0.292969 0.491406 0.057813 0.089063
0 0.298438 0.456250 0.037500 0.065625
0 0.309375 0.416406 0.025000 0.057813
0 0.327344 0.412500 0.023438 0.037500
0 0.282031 0.410156 0.020313 0.039062
0 0.227344 0.387500 0.023438 0.028125
0 0.342969 0.404688 0.020313 0.043750
0 0.374219 0.397656 0.014063 0.029688
0 0.383594 0.419531 0.020313 0.045313
0 0.404688 0.400781 0.025000 0.042188
0 0.407031 0.456250 0.035938 0.050000
0 0.432813 0.416406 0.025000 0.042188
0 0.459375 0.436719 0.021875 0.042188
0 0.461719 0.412500 0.020313 0.037500
