0 0.126562 0.617969 0.062500 0.098438
0 0.204688 0.590625 0.053125 0.075000
0 0.279688 0.548438 0.040625 0.056250
0 0.337500 0.532031 0.028125 0.039062
0 0.343750 0.521875 0.025000 0.028125
0 0.370313 0.506250 0.025000 0.034375
0 0.391406 0.510938 0.023438 0.037500
0 0.403906 0.501563 0.023438 0.025000
0 0.389063 0.571875 0.046875 0.075000
0 0.332813 0.633594 0.062500 0.098438
0 0.503906 0.728125 0.089063 0.125000
0 0.487500 0.662500 0.056250 0.068750
0 0.510156 0.582813 0.035938 0.046875
0 0.504688 0.547656 0.025000 0.032813
0 0.495313 0.530469 0.028125 0.029688
0 0.507812 0.509375 0.018750 0.031250
0 0.468750 0.522656 0.021875 0.029688
0 0.460938 0.503125 0.025000 0.031250
0 0.562500 0.519531 0.021875 0.029688
0 0.601562 0.478125 0.015625 0.031250
0 0.603906 0.553906 0.026563 0.042188
0 0.613281 0.596875 0.032813 0.043750
0 0.648438 0.610938 0.046875 0.065625
0 0.626563 0.539844 0.021875 0.029688
0 0.646094 0.514062 0.014063 0.021875
0 0.691406 0.526563 0.020313 0.031250
0 0.712500 0.542188 0.025000 0.031250
0 0.707813 0.568750 0.034375 0.046875
0 0.721875 0.607813 0.043750 0.062500
0 0.742969 0.554688 0.023438 0.040625
0 0.783594 0.782031 0.082813 0.129688
0 0.868750 0.692969 0.075000 0.101562
0 0.806250 0.603906 0.043750 0.057813
0 0.770313 0.548438 0.025000 0.034375
0 0.753906 0.528125 0.017188 0.021875
0 0.784375 0.526563 0.018750 0.028125
0 0.801563 0.528906 0.015625 0.029688
0 0.838281 0.543750 0.026563 0.037500
0 0.849219 0.527344 0.017188 0.023438
0 0.865625 0.589844 0.031250 0.048438
0 0.863281 0.548438 0.020313 0.034375
0 0.887500 0.546094 0.021875 0.032813
0 0.920313 0.547656 0.028125 0.035938
0 0.935938 0.579688 0.034375 0.050000
0 0.975000 0.571875 0.031250 0.043750
