0 0.024219 0.460156 0.032813 0.057813
0 0.232031 0.330469 0.014063 0.032813
0 0.257812 0.355469 0.018750 0.045313
0 0.283594 0.305469 0.017188 0.032813
0 0.294531 0.353906 0.017188 0.039062
0 0.335156 0.347656 0.020313 0.045313
0 0.353125 0.319531 0.015625 0.029688
0 0.355469 0.281250 0.014063 0.025000
0 0.384375 0.323438 0.015625 0.037500
0 0.410156 0.331250 0.020313 0.034375
0 0.467188 0.396094 0.028125 0.054688
0 0.450000 0.331250 0.021875 0.037500
0 0.544531 0.392969 0.026563 0.042188
0 0.594531 0.428906 0.026563 0.054688
0 0.657031 0.435156 0.023438 0.060938
0 0.707031 0.464063 0.032813 0.075000
0 0.820312 0.485156 0.028125 0.060938
0 0.909375 0.453906 0.025000 0.060938
0 0.846094 0.461719 0.026563 0.054688
0 0.783594 0.417188 0.029688 0.059375
0 0.719531 0.403906 0.023438 0.045313
0 0.654688 0.366406 0.018750 0.045313
0 0.532813 0.343750 0.021875 0.040625
0 0.504688 0.307813 0.015625 0.034375
0 0.389844 0.260937 0.014063 0.025000
0 0.409375 0.260937 0.012500 0.025000
0 0.428125 0.239063 0.012500 0.021875
0 0.446875 0.258594 0.015625 0.029688
0 0.477344 0.259375 0.014063 0.031250
0 0.504688 0.259375 0.012500 0.028125
0 0.516406 0.270313 0.014063 0.031250
0 0.526563 0.246094 0.012500 0.029688
0 0.544531 0.247656 0.020313 0.023438
0 0.562500 0.270313 0.015625 0.034375
0 0.581250 0.255469 0.015625 0.032813
0 0.685938 0.360156 0.018750 0.035938
0 0.812500 0.350781 0.021875 0.045313
0 0.858594 0.360938 0.023438 0.043750
0 0.835938 0.329688 0.015625 0.034375
0 0.876563 0.346875 0.018750 0.040625
0 0.939063 0.349219 0.018750 0.039062
0 0.689063 0.299219 0.018750 0.035938
0 0.597656 0.331250 0.023438 0.034375
0 0.635938 0.297656 0.021875 0.039062
0 0.661719 0.262500 0.017188 0.031250
0 0.602344 0.247656 0.010938 0.023438
0 0.726562 0.280469 0.015625 0.029688
0 0.702344 0.247656 0.014063 0.029688
0 0.735156 0.244531 0.017188 0.032813
0 0.778906 0.281250 0.014063 0.034375
0 0.817188 0.298438 0.015625 0.034375
0 0.851562 0.275000 0.015625 0.028125
0 0.877344 0.302344 0.014063 0.032813
0 0.906250 0.321875 0.018750 0.034375
0 0.893750 0.272656 0.015625 0.026563
0 0.874219 0.256250 0.014063 0.037500
0 0.932813 0.302344 0.012500 0.032813
0 0.822656 0.263281 0.014063 0.032813
0 0.795313 0.239844 0.015625 0.032813
0 0.781250 0.241406 0.012500 0.023438
0 0.763281 0.228125 0.014063 0.025000
0 0.701563 0.218750 0.012500 0.028125
0 0.609375 0.203125 0.009375 0.028125
0 0.557031 0.228125 0.010938 0.031250
0 0.572656 0.217969 0.014063 0.023438
0 0.636719 0.219531 0.010938 0.023438
0 0.662500 0.214844 0.012500 0.023438
0 0.676563 0.225000 0.012500 0.025000
0 0.936719 0.278906 0.014063 0.029688
0 0.592187 0.389063 0.031250 0.046875
0 0.839844 0.302344 0.017188 0.029688
0 0.842188 0.249219 0.012500 0.026563
0 0.917969 0.303125 0.014063 0.040625
0 0.764063 0.257812 0.012500 0.025000
0 0.600000 0.217188 0.012500 0.028125
0 0.624219 0.213281 0.010938 0.026563
0 0.643750 0.237500 0.012500 0.028125
0 0.405469 0.296094 0.014063 0.026563
0 0.432813 0.307031 0.018750 0.032813
0 0.466406 0.310938 0.020313 0.037500
0 0.465625 0.238281 0.012500 0.023438
0 0.646094 0.343750 0.020313 0.043750
