0 0.025000 0.432031 0.028125 0.051563
0 0.237500 0.339844 0.015625 0.035938
0 0.259375 0.374219 0.018750 0.039062
0 0.290625 0.307031 0.015625 0.039062
0 0.338281 0.350781 0.020313 0.048438
0 0.358594 0.294531 0.014063 0.035938
0 0.394531 0.269531 0.014063 0.032813
0 0.390625 0.334375 0.012500 0.031250
0 0.407031 0.337500 0.017188 0.037500
0 0.429688 0.256250 0.015625 0.034375
0 0.442969 0.342969 0.017188 0.035938
0 0.446875 0.268750 0.012500 0.025000
0 0.456250 0.242969 0.009375 0.023438
0 0.466406 0.239063 0.010938 0.018750
0 0.469531 0.307031 0.014063 0.029688
0 0.500000 0.323438 0.021875 0.037500
0 0.508594 0.269531 0.014063 0.026563
0 0.539844 0.250781 0.020313 0.029688
0 0.459375 0.412500 0.028125 0.050000
0 0.533594 0.362500 0.020313 0.050000
0 0.542969 0.405469 0.026563 0.051563
0 0.556250 0.288281 0.018750 0.029688
0 0.556250 0.232031 0.012500 0.026563
0 0.571094 0.231250 0.017188 0.034375
0 0.599219 0.225781 0.010938 0.026563
0 0.606250 0.211719 0.015625 0.032813
0 0.579688 0.268750 0.012500 0.031250
0 0.596094 0.328906 0.020313 0.045313
0 0.609375 0.368750 0.021875 0.046875
0 0.594531 0.440625 0.026563 0.062500
0 0.638281 0.453125 0.032813 0.056250
0 0.644531 0.375000 0.023438 0.053125
0 0.629688 0.310938 0.018750 0.031250
0 0.634375 0.254688 0.012500 0.025000
0 0.635156 0.233594 0.020313 0.035938
0 0.654688 0.212500 0.012500 0.025000
0 0.667188 0.230469 0.012500 0.029688
0 0.660938 0.246094 0.015625 0.026563
0 0.671875 0.274219 0.015625 0.035938
0 0.693750 0.228906 0.012500 0.032813
0 0.701563 0.260937 0.018750 0.031250
0 0.682813 0.354688 0.021875 0.040625
0 0.700781 0.489844 0.032813 0.060938
0 0.726562 0.405469 0.025000 0.045313
0 0.733594 0.254688 0.020313 0.034375
0 0.721094 0.292187 0.020313 0.028125
0 0.764063 0.282813 0.015625 0.028125
0 0.750000 0.238281 0.015625 0.035938
0 0.769531 0.242969 0.010938 0.026563
0 0.781250 0.257812 0.015625 0.031250
0 0.813281 0.266406 0.017188 0.032813
0 0.832813 0.259375 0.012500 0.034375
0 0.863281 0.258594 0.010938 0.039062
0 0.775781 0.427344 0.023438 0.045313
0 0.820312 0.526563 0.034375 0.090625
0 0.836719 0.426563 0.029688 0.050000
0 0.803125 0.365625 0.018750 0.046875
0 0.811719 0.304688 0.014063 0.031250
0 0.838281 0.300781 0.017188 0.039062
0 0.887500 0.284375 0.015625 0.031250
0 0.853906 0.367969 0.017188 0.051563
0 0.867188 0.353125 0.018750 0.050000
0 0.904688 0.322656 0.012500 0.035938
0 0.921875 0.300000 0.015625 0.034375
0 0.920313 0.282031 0.015625 0.026563
0 0.928906 0.368750 0.020313 0.050000
0 0.902344 0.467188 0.029688 0.062500
0 0.846875 0.282813 0.015625 0.025000
0 0.852344 0.270313 0.010938 0.028125
0 0.408594 0.305469 0.020313 0.042188
0 0.594531 0.256250 0.014063 0.034375
0 0.623438 0.218750 0.012500 0.025000
