0 0.119531 0.580469 0.048438 0.085938
0 0.212500 0.352344 0.018750 0.039062
0 0.241406 0.385156 0.020313 0.051563
0 0.270313 0.394531 0.025000 0.048438
0 0.275000 0.320312 0.021875 0.040625
0 0.325000 0.378906 0.025000 0.054688
0 0.351562 0.336719 0.015625 0.039062
0 0.345313 0.306250 0.021875 0.034375
0 0.380469 0.348438 0.023438 0.040625
0 0.407031 0.342969 0.020313 0.048438
0 0.404688 0.311719 0.021875 0.035938
0 0.400781 0.285156 0.014063 0.020313
0 0.387500 0.271094 0.012500 0.029688
0 0.432031 0.253125 0.014063 0.034375
0 0.447656 0.264063 0.014063 0.034375
0 0.465625 0.278125 0.018750 0.034375
0 0.468750 0.245313 0.012500 0.025000
0 0.475000 0.232813 0.015625 0.028125
0 0.447656 0.352344 0.020313 0.045313
0 0.435156 0.318750 0.020313 0.046875
0 0.467969 0.328125 0.020313 0.046875
0 0.500000 0.329688 0.025000 0.040625
0 0.507812 0.273438 0.015625 0.034375
0 0.524219 0.282813 0.020313 0.040625
0 0.523438 0.247656 0.018750 0.035938
0 0.545312 0.258594 0.018750 0.039062
0 0.562500 0.285156 0.021875 0.045313
0 0.586719 0.260937 0.020313 0.037500
0 0.573438 0.219531 0.012500 0.026563
0 0.585938 0.207031 0.015625 0.029688
0 0.616406 0.254688 0.017188 0.031250
0 0.623438 0.208594 0.018750 0.029688
0 0.643750 0.208594 0.015625 0.032813
0 0.654688 0.225781 0.015625 0.029688
0 0.651563 0.257031 0.018750 0.035938
0 0.682031 0.210938 0.017188 0.034375
0 0.693750 0.234375 0.015625 0.034375
0 0.700781 0.219531 0.017188 0.039062
0 0.686719 0.283594 0.020313 0.039062
0 0.725781 0.264063 0.020313 0.037500
0 0.733594 0.308594 0.020313 0.042188
0 0.699219 0.332031 0.023438 0.042188
0 0.649219 0.317188 0.023438 0.040625
0 0.611719 0.336719 0.029688 0.045313
0 0.542188 0.379688 0.028125 0.056250
0 0.475000 0.432813 0.037500 0.056250
0 0.533594 0.449219 0.035938 0.076563
0 0.601562 0.467969 0.034375 0.076563
0 0.646875 0.487500 0.034375 0.075000
0 0.675000 0.388281 0.031250 0.060938
0 0.663281 0.352344 0.020313 0.039062
0 0.627344 0.392969 0.029688 0.054688
0 0.723438 0.571094 0.040625 0.076563
0 0.710938 0.382812 0.028125 0.056250
0 0.742188 0.425000 0.031250 0.062500
0 0.797656 0.442188 0.032813 0.062500
0 0.854688 0.543750 0.040625 0.084375
0 0.883594 0.489844 0.032813 0.076563
0 0.951563 0.490625 0.034375 0.078125
0 0.889063 0.406250 0.028125 0.059375
0 0.841406 0.372656 0.023438 0.051563
0 0.853906 0.353125 0.020313 0.037500
0 0.829688 0.314844 0.018750 0.039062
0 0.803125 0.285938 0.018750 0.037500
0 0.789062 0.274219 0.018750 0.039062
0 0.770313 0.273438 0.021875 0.043750
0 0.760156 0.245313 0.020313 0.034375
0 0.809375 0.244531 0.015625 0.042188
0 0.839063 0.246875 0.015625 0.028125
0 0.850000 0.271094 0.015625 0.035938
0 0.873438 0.260937 0.012500 0.028125
0 0.885938 0.278906 0.015625 0.035938
0 0.904688 0.264844 0.015625 0.035938
0 0.880469 0.334375 0.020313 0.050000
0 0.906250 0.348438 0.021875 0.046875
0 0.931250 0.331250 0.021875 0.037500
0 0.932813 0.298438 0.018750 0.040625
0 0.950781 0.334375 0.020313 0.050000
0 0.957031 0.317188 0.014063 0.034375
0 0.975781 0.290625 0.010938 0.025000
0 0.979688 0.313281 0.012500 0.039062
0 0.978125 0.379688 0.021875 0.046875
