0 0.203125 0.362500 0.040625 0.081250
0 0.293750 0.216406 0.015625 0.035938
0 0.332031 0.221875 0.020313 0.034375
0 0.343750 0.203906 0.018750 0.032813
0 0.347656 0.182031 0.017188 0.026563
0 0.357813 0.226562 0.018750 0.034375
0 0.382812 0.246094 0.021875 0.039062
0 0.381250 0.225000 0.018750 0.034375
0 0.392188 0.191406 0.018750 0.032813
0 0.410938 0.204688 0.015625 0.037500
0 0.416406 0.192188 0.017188 0.037500
0 0.415625 0.162500 0.015625 0.034375
0 0.443750 0.167188 0.018750 0.037500
0 0.439063 0.231250 0.021875 0.046875
0 0.445312 0.215625 0.018750 0.040625
0 0.484375 0.219531 0.021875 0.039062
0 0.483594 0.172656 0.014063 0.029688
0 0.471875 0.151563 0.012500 0.028125
0 0.456250 0.146094 0.015625 0.029688
0 0.468750 0.132031 0.012500 0.026563
0 0.493750 0.135156 0.009375 0.020313
0 0.492969 0.157031 0.017188 0.032813
0 0.522656 0.174219 0.014063 0.039062
0 0.535938 0.190625 0.015625 0.037500
0 0.503125 0.119531 0.012500 0.029688
0 0.525000 0.128125 0.012500 0.028125
0 0.542188 0.143750 0.015625 0.031250
0 0.554688 0.161719 0.015625 0.039062
0 0.546875 0.128125 0.012500 0.025000
0 0.585938 0.173438 0.021875 0.034375
0 0.581250 0.119531 0.012500 0.029688
0 0.593750 0.110156 0.009375 0.029688
0 0.604688 0.120313 0.012500 0.028125
0 0.614844 0.110156 0.010938 0.023438
0 0.626563 0.112500 0.012500 0.028125
0 0.617188 0.149219 0.015625 0.032813
0 0.571875 0.245313 0.025000 0.053125
0 0.582813 0.278906 0.028125 0.057813
0 0.493750 0.286719 0.028125 0.064063
0 0.610938 0.323438 0.031250 0.062500
0 0.632031 0.220313 0.020313 0.046875
0 0.645313 0.228125 0.021875 0.053125
0 0.647656 0.128906 0.014063 0.032813
0 0.665625 0.101562 0.012500 0.028125
0 0.666406 0.140625 0.017188 0.031250
0 0.684375 0.129688 0.015625 0.028125
0 0.691406 0.101562 0.010938 0.028125
0 0.715625 0.113281 0.015625 0.029688
0 0.697656 0.151563 0.017188 0.031250
0 0.673438 0.182031 0.015625 0.039062
0 0.682813 0.245313 0.025000 0.056250
0 0.692969 0.302344 0.029688 0.060938
0 0.725000 0.300000 0.025000 0.056250
0 0.749219 0.377344 0.035938 0.073438
0 0.739844 0.229688 0.023438 0.046875
0 0.719531 0.176563 0.020313 0.040625
0 0.748438 0.167188 0.021875 0.037500
0 0.757031 0.180469 0.020313 0.045313
0 0.753906 0.126562 0.014063 0.025000
0 0.779688 0.140625 0.015625 0.034375
0 0.801563 0.171875 0.015625 0.034375
0 0.799219 0.224219 0.020313 0.042188
0 0.771094 0.247656 0.020313 0.048438
0 0.798438 0.289062 0.025000 0.053125
0 0.818750 0.253125 0.025000 0.053125
0 0.834375 0.313281 0.025000 0.076563
0 0.817188 0.392969 0.034375 0.070312
0 0.900000 0.440625 0.040625 0.087500
0 0.918750 0.337500 0.031250 0.065625
0 0.921875 0.293750 0.021875 0.046875
0 0.927344 0.225781 0.017188 0.042188
0 0.883594 0.228125 0.023438 0.046875
0 0.870313 0.278906 0.021875 0.051563
