0 0.120313 0.544531 0.040625 0.073438
0 0.216406 0.342969 0.020313 0.039062
0 0.245313 0.377344 0.021875 0.045313
0 0.276562 0.371094 0.021875 0.048438
0 0.274219 0.318750 0.020313 0.034375
0 0.325000 0.360938 0.025000 0.046875
0 0.341406 0.335938 0.020313 0.037500
0 0.338281 0.303125 0.017188 0.034375
0 0.368750 0.341406 0.018750 0.039062
0 0.395313 0.339063 0.021875 0.040625
0 0.393750 0.306250 0.018750 0.028125
0 0.375781 0.267969 0.014063 0.026563
0 0.388281 0.284375 0.017188 0.028125
0 0.410938 0.263281 0.015625 0.026563
0 0.430469 0.265625 0.014063 0.031250
0 0.446875 0.275000 0.018750 0.034375
0 0.451563 0.245313 0.015625 0.031250
0 0.492969 0.265625 0.017188 0.034375
0 0.504688 0.282813 0.018750 0.034375
0 0.508594 0.254688 0.014063 0.028125
0 0.532813 0.284375 0.018750 0.037500
0 0.487500 0.334375 0.018750 0.037500
0 0.447656 0.324219 0.023438 0.039062
0 0.419531 0.314844 0.020313 0.035938
0 0.435156 0.353906 0.023438 0.039062
0 0.517188 0.367188 0.025000 0.046875
0 0.452344 0.431250 0.029688 0.059375
0 0.521875 0.434375 0.034375 0.062500
0 0.539062 0.250781 0.015625 0.032813
0 0.542188 0.223438 0.015625 0.028125
0 0.556250 0.258594 0.015625 0.029688
0 0.559375 0.234375 0.012500 0.031250
0 0.581250 0.254688 0.015625 0.025000
0 0.585938 0.233594 0.015625 0.029688
0 0.593750 0.214063 0.012500 0.028125
0 0.614844 0.214844 0.014063 0.029688
0 0.622656 0.230469 0.014063 0.026563
0 0.649219 0.218750 0.014063 0.028125
0 0.660938 0.233594 0.012500 0.029688
0 0.667969 0.221875 0.017188 0.031250
0 0.614844 0.261719 0.017188 0.029688
0 0.585938 0.330469 0.025000 0.048438
0 0.567188 0.460938 0.037500 0.075000
0 0.618750 0.476562 0.037500 0.081250
0 0.606250 0.371094 0.025000 0.045313
0 0.639063 0.375781 0.025000 0.060938
0 0.672656 0.378125 0.023438 0.050000
0 0.702344 0.407813 0.032813 0.056250
0 0.619531 0.311719 0.020313 0.042188
0 0.657031 0.284375 0.020313 0.034375
0 0.667188 0.320312 0.021875 0.050000
0 0.687500 0.303125 0.018750 0.037500
0 0.689063 0.253906 0.015625 0.039062
0 0.721875 0.265625 0.015625 0.031250
0 0.718750 0.242188 0.012500 0.031250
0 0.729688 0.232813 0.015625 0.031250
0 0.749219 0.262500 0.014063 0.031250
0 0.757812 0.288281 0.015625 0.032813
0 0.766406 0.247656 0.017188 0.032813
0 0.794531 0.246875 0.017188 0.031250
0 0.685938 0.544531 0.037500 0.079688
0 0.760156 0.435938 0.029688 0.065625
0 0.793750 0.366406 0.021875 0.051563
0 0.807813 0.503125 0.034375 0.081250
0 0.823438 0.471094 0.034375 0.073438
0 0.838281 0.399219 0.026563 0.051563
0 0.895313 0.470313 0.034375 0.071875
0 0.920313 0.366406 0.021875 0.051563
0 0.904688 0.338281 0.021875 0.042188
0 0.917969 0.317188 0.017188 0.034375
0 0.877344 0.280469 0.017188 0.039062
0 0.874219 0.328906 0.017188 0.035938
0 0.853906 0.343750 0.020313 0.043750
0 0.831250 0.332031 0.021875 0.045313
0 0.800000 0.305469 0.018750 0.039062
0 0.798438 0.275000 0.015625 0.028125
0 0.825000 0.261719 0.015625 0.039062
0 0.837500 0.282813 0.018750 0.040625
0 0.850000 0.266406 0.018750 0.039062
