0 0.067969 0.474219 0.039062 0.073438
0 0.226562 0.331250 0.021875 0.040625
0 0.275781 0.307031 0.020313 0.042188
0 0.249219 0.358594 0.026563 0.045313
0 0.284375 0.354688 0.018750 0.040625
0 0.339063 0.294531 0.018750 0.039062
0 0.325000 0.343750 0.018750 0.040625
0 0.376563 0.260156 0.015625 0.039062
0 0.392969 0.276562 0.023438 0.040625
0 0.370313 0.331250 0.021875 0.034375
0 0.397656 0.336719 0.017188 0.039062
0 0.411719 0.256250 0.014063 0.031250
0 0.435156 0.256250 0.010938 0.031250
0 0.447656 0.248438 0.017188 0.040625
0 0.457031 0.232813 0.020313 0.037500
0 0.496875 0.241406 0.012500 0.023438
0 0.489063 0.260937 0.015625 0.028125
0 0.500781 0.266406 0.014063 0.032813
0 0.510156 0.245313 0.010938 0.018750
0 0.531250 0.240625 0.012500 0.021875
0 0.540625 0.219531 0.009375 0.023438
0 0.554688 0.206250 0.012500 0.025000
0 0.433594 0.337500 0.020313 0.037500
0 0.452344 0.315625 0.020313 0.031250
0 0.489063 0.314844 0.018750 0.035938
0 0.556250 0.272656 0.012500 0.029688
0 0.566406 0.250781 0.023438 0.029688
0 0.585938 0.252344 0.025000 0.029688
0 0.582813 0.221094 0.018750 0.039062
0 0.591406 0.200781 0.017188 0.029688
0 0.605469 0.216406 0.017188 0.029688
0 0.618750 0.217969 0.015625 0.029688
0 0.448438 0.405469 0.025000 0.054688
0 0.511719 0.364063 0.020313 0.050000
0 0.523438 0.400781 0.025000 0.054688
0 0.577344 0.331250 0.020313 0.043750
0 0.572656 0.391406 0.035938 0.051563
0 0.570312 0.444531 0.031250 0.064063
0 0.641406 0.213281 0.017188 0.029688
0 0.652344 0.217969 0.017188 0.029688
0 0.618750 0.255469 0.018750 0.039062
0 0.647656 0.270313 0.017188 0.040625
0 0.617969 0.302344 0.026563 0.039062
0 0.625000 0.345313 0.018750 0.046875
0 0.634375 0.367969 0.025000 0.054688
0 0.675781 0.214063 0.017188 0.025000
0 0.678906 0.245313 0.017188 0.034375
0 0.669531 0.296875 0.023438 0.037500
0 0.666406 0.358594 0.020313 0.054688
0 0.619531 0.473438 0.039062 0.065625
0 0.700000 0.403125 0.031250 0.056250
0 0.689844 0.507812 0.035938 0.078125
0 0.700000 0.279688 0.012500 0.034375
0 0.712500 0.246875 0.015625 0.031250
0 0.720313 0.250000 0.018750 0.040625
0 0.739063 0.230469 0.015625 0.026563
0 0.740625 0.261719 0.012500 0.026563
0 0.750000 0.279688 0.012500 0.028125
0 0.757812 0.239063 0.012500 0.021875
0 0.774219 0.239844 0.014063 0.026563
0 0.783594 0.262500 0.017188 0.043750
0 0.790625 0.296875 0.015625 0.034375
0 0.785938 0.354688 0.018750 0.046875
0 0.739063 0.423438 0.031250 0.056250
0 0.801563 0.503906 0.025000 0.067187
0 0.824219 0.463281 0.026563 0.064063
0 0.816406 0.250781 0.014063 0.029688
0 0.804688 0.323438 0.015625 0.034375
0 0.810938 0.304688 0.015625 0.037500
0 0.835156 0.263281 0.014063 0.026563
0 0.847656 0.253906 0.010938 0.026563
0 0.867188 0.272656 0.012500 0.026563
0 0.849219 0.342969 0.020313 0.051563
0 0.833594 0.360938 0.020313 0.053125
0 0.883594 0.452344 0.029688 0.057813
0 0.879688 0.316406 0.015625 0.035938
0 0.898438 0.303906 0.018750 0.045313
0 0.907813 0.274219 0.009375 0.023438
0 0.908594 0.355469 0.017188 0.051563
0 0.825781 0.273438 0.010938 0.037500
0 0.860938 0.308594 0.018750 0.048438
0 0.391406 0.300781 0.017188 0.035938
0 0.343750 0.317188 0.015625 0.031250
