0 0.031250 0.402344 0.056250 0.098438
0 0.140625 0.466406 0.096875 0.139063
0 0.185938 0.398438 0.053125 0.087500
0 0.095313 0.268750 0.040625 0.059375
0 0.232031 0.340625 0.026563 0.037500
0 0.271875 0.350781 0.031250 0.051563
0 0.299219 0.327344 0.032813 0.048438
0 0.270313 0.436719 0.071875 0.101562
0 0.394531 0.483594 0.095313 0.142187
0 0.358594 0.365625 0.042188 0.056250
0 0.362500 0.335938 0.031250 0.034375
0 0.401563 0.350000 0.037500 0.065625
0 0.460938 0.352344 0.050000 0.085938
0 0.507812 0.353125 0.040625 0.068750
0 0.596875 0.402344 0.062500 0.098438
0 0.567188 0.355469 0.046875 0.073438
0 0.661719 0.353125 0.039062 0.062500
0 0.691406 0.404688 0.057813 0.084375
0 0.725000 0.364844 0.037500 0.064063
0 0.761719 0.363281 0.039062 0.070312
0 0.767188 0.438281 0.084375 0.114063
0 0.847656 0.370313 0.035938 0.068750
0 0.882031 0.411719 0.064063 0.095313
0 0.917188 0.378125 0.043750 0.081250
