0 0.134375 0.679688 0.084375 0.153125
0 0.034375 0.600781 0.065625 0.110938
0 0.030469 0.506250 0.035938 0.071875
0 0.031250 0.462500 0.031250 0.056250
0 0.089063 0.460938 0.034375 0.053125
0 0.114844 0.510938 0.045313 0.081250
0 0.125000 0.467188 0.034375 0.065625
0 0.257812 0.507812 0.046875 0.075000
0 0.207813 0.467188 0.031250 0.065625
0 0.249219 0.456250 0.035938 0.050000
0 0.300000 0.563281 0.056250 0.095313
0 0.297656 0.483594 0.032813 0.064063
0 0.309375 0.447656 0.028125 0.051563
0 0.337500 0.442969 0.025000 0.054688
0 0.353906 0.477344 0.035938 0.057813
0 0.375781 0.464063 0.032813 0.065625
0 0.389844 0.454688 0.023438 0.053125
0 0.472656 0.370313 0.098438 0.146875
0 0.331250 0.887500 0.150000 0.221875
0 0.539844 0.773438 0.120313 0.221875
0 0.580469 0.588281 0.057813 0.104688
0 0.587500 0.496875 0.040625 0.065625
0 0.623438 0.475000 0.040625 0.075000
0 0.667188 0.464063 0.031250 0.071875
0 0.655469 0.557031 0.051563 0.089063
0 0.733594 0.515625 0.039062 0.084375
0 0.760938 0.517188 0.034375 0.068750
0 0.781250 0.478125 0.034375 0.075000
0 0.822656 0.610938 0.085938 0.143750
0 0.860938 0.580469 0.065625 0.117188
0 0.885938 0.546875 0.043750 0.106250
0 0.954688 0.555469 0.056250 0.085938
0 0.983594 0.535938 0.032813 0.078125
