0 0.074219 0.421875 0.039062 0.068750
0 0.291406 0.282813 0.023438 0.037500
0 0.320312 0.280469 0.018750 0.039062
0 0.342969 0.271094 0.017188 0.035938
0 0.360938 0.287500 0.021875 0.043750
0 0.392969 0.293750 0.023438 0.050000
0 0.307813 0.239063 0.015625 0.034375
0 0.338281 0.228125 0.017188 0.031250
0 0.367188 0.222656 0.018750 0.035938
0 0.376563 0.237500 0.018750 0.037500
0 0.407813 0.228125 0.015625 0.037500
0 0.439844 0.224219 0.017188 0.039062
0 0.411719 0.200000 0.017188 0.037500
0 0.425781 0.192969 0.014063 0.032813
0 0.448438 0.204688 0.015625 0.034375
0 0.450000 0.178125 0.012500 0.031250
0 0.451563 0.152344 0.012500 0.029688
0 0.469531 0.158594 0.014063 0.029688
0 0.496094 0.200000 0.017188 0.037500
0 0.501563 0.229688 0.018750 0.046875
0 0.506250 0.139844 0.012500 0.023438
0 0.503125 0.157813 0.012500 0.025000
0 0.509375 0.179688 0.015625 0.034375
0 0.524219 0.163281 0.014063 0.032813
0 0.527344 0.146875 0.014063 0.025000
0 0.542969 0.179688 0.017188 0.037500
0 0.558594 0.153906 0.014063 0.035938
0 0.562500 0.132812 0.012500 0.021875
0 0.582031 0.132031 0.014063 0.032813
0 0.596875 0.107031 0.012500 0.026563
0 0.585156 0.123438 0.014063 0.025000
0 0.589844 0.148438 0.014063 0.031250
0 0.585156 0.174219 0.017188 0.035938
0 0.614063 0.116406 0.015625 0.026563
0 0.611719 0.142187 0.014063 0.028125
0 0.627344 0.150781 0.014063 0.029688
0 0.648438 0.100000 0.012500 0.025000
0 0.661719 0.120313 0.010938 0.025000
0 0.677344 0.125781 0.010938 0.026563
0 0.693750 0.116406 0.012500 0.026563
0 0.651563 0.139063 0.012500 0.031250
0 0.646094 0.125781 0.014063 0.026563
0 0.628125 0.203906 0.015625 0.039062
0 0.650000 0.225000 0.018750 0.040625
0 0.610156 0.252344 0.023438 0.048438
0 0.569531 0.258594 0.023438 0.051563
0 0.542188 0.292969 0.031250 0.054688
0 0.610156 0.333594 0.032813 0.064063
0 0.673438 0.273438 0.025000 0.056250
0 0.684375 0.196875 0.018750 0.043750
0 0.713281 0.222656 0.020313 0.045313
0 0.724219 0.187500 0.017188 0.040625
0 0.709375 0.153125 0.012500 0.031250
0 0.715625 0.182031 0.015625 0.032813
0 0.760938 0.178906 0.015625 0.035938
0 0.743750 0.146094 0.015625 0.035938
0 0.782813 0.132031 0.012500 0.026563
0 0.806250 0.134375 0.012500 0.028125
0 0.837500 0.136719 0.012500 0.029688
0 0.871094 0.142969 0.010938 0.029688
0 0.903906 0.146875 0.014063 0.034375
0 0.906250 0.157813 0.015625 0.034375
0 0.932031 0.162500 0.014063 0.034375
0 0.864844 0.157031 0.014063 0.032813
0 0.853125 0.173438 0.015625 0.034375
0 0.832813 0.157813 0.012500 0.031250
0 0.892969 0.192969 0.017188 0.035938
0 0.928125 0.212500 0.015625 0.050000
0 0.922656 0.247656 0.020313 0.042188
0 0.875781 0.225781 0.020313 0.048438
0 0.846094 0.191406 0.014063 0.032813
0 0.816406 0.157031 0.017188 0.032813
0 0.782031 0.166406 0.014063 0.035938
0 0.806250 0.182813 0.015625 0.037500
0 0.823438 0.218750 0.018750 0.043750
0 0.828125 0.244531 0.018750 0.045313
0 0.875000 0.269531 0.018750 0.045313
0 0.746875 0.254688 0.025000 0.043750
0 0.776563 0.307813 0.025000 0.053125
0 0.838281 0.328125 0.029688 0.068750
0 0.898438 0.345313 0.021875 0.059375
0 0.806250 0.404688 0.040625 0.075000
0 0.895313 0.440625 0.034375 0.075000
0 0.920313 0.282813 0.021875 0.050000
