0 0.268750 0.364063 0.050000 0.093750
0 0.283594 0.225781 0.017188 0.035938
0 0.311719 0.223438 0.017188 0.034375
0 0.317969 0.249219 0.023438 0.045313
0 0.338281 0.182031 0.017188 0.035938
0 0.357813 0.247656 0.021875 0.045313
0 0.371875 0.186719 0.018750 0.035938
0 0.379688 0.210156 0.018750 0.039062
0 0.393750 0.200781 0.018750 0.039062
0 0.379688 0.173438 0.015625 0.028125
0 0.404688 0.162500 0.012500 0.034375
0 0.421094 0.200781 0.020313 0.035938
0 0.407813 0.234375 0.018750 0.040625
0 0.421875 0.242969 0.021875 0.045313
0 0.458594 0.202344 0.020313 0.045313
0 0.445312 0.188281 0.012500 0.029688
0 0.423438 0.148438 0.009375 0.021875
0 0.443750 0.158594 0.012500 0.032813
0 0.427344 0.171094 0.020313 0.032813
0 0.469531 0.154688 0.014063 0.034375
0 0.479688 0.184375 0.018750 0.040625
0 0.475781 0.129688 0.014063 0.025000
0 0.496094 0.152344 0.017188 0.035938
0 0.500781 0.117188 0.010938 0.028125
0 0.511719 0.132812 0.014063 0.034375
0 0.518750 0.118750 0.012500 0.028125
0 0.521094 0.172656 0.020313 0.042188
0 0.538281 0.139063 0.014063 0.034375
0 0.550000 0.128125 0.015625 0.034375
0 0.528906 0.151563 0.014063 0.034375
0 0.551563 0.175000 0.018750 0.037500
0 0.561719 0.178125 0.023438 0.046875
0 0.582813 0.172656 0.018750 0.045313
0 0.565625 0.143750 0.015625 0.034375
0 0.580469 0.106250 0.014063 0.028125
0 0.593750 0.125000 0.012500 0.028125
0 0.600000 0.147656 0.012500 0.035938
0 0.607031 0.096094 0.014063 0.029688
0 0.601562 0.106250 0.012500 0.025000
0 0.625781 0.123438 0.014063 0.028125
0 0.631250 0.103906 0.009375 0.026563
0 0.642969 0.147656 0.017188 0.042188
0 0.647656 0.135938 0.014063 0.028125
0 0.642969 0.117969 0.010938 0.023438
0 0.643750 0.103125 0.012500 0.028125
0 0.674219 0.108594 0.010938 0.023438
0 0.680469 0.119531 0.014063 0.035938
0 0.689844 0.107031 0.014063 0.026563
0 0.563281 0.242969 0.023438 0.051563
0 0.614844 0.259375 0.023438 0.056250
0 0.609375 0.225000 0.021875 0.040625
0 0.661719 0.275000 0.029688 0.059375
0 0.658594 0.236719 0.023438 0.035938
0 0.666406 0.180469 0.020313 0.045313
0 0.669531 0.344531 0.032813 0.076563
0 0.742969 0.388281 0.029688 0.073438
0 0.784375 0.303125 0.028125 0.075000
0 0.760938 0.244531 0.025000 0.060938
0 0.741406 0.225781 0.023438 0.048438
0 0.719531 0.242188 0.023438 0.053125
0 0.706250 0.190625 0.018750 0.043750
0 0.698438 0.172656 0.015625 0.035938
0 0.734375 0.163281 0.018750 0.039062
0 0.732031 0.139063 0.014063 0.028125
0 0.744531 0.128125 0.014063 0.034375
0 0.778906 0.137500 0.014063 0.034375
0 0.778125 0.117188 0.012500 0.021875
0 0.789062 0.171875 0.015625 0.034375
0 0.797656 0.204688 0.017188 0.040625
0 0.813281 0.194531 0.017188 0.039062
0 0.826563 0.170313 0.015625 0.037500
0 0.838281 0.161719 0.014063 0.039062
0 0.822656 0.137500 0.014063 0.034375
0 0.806250 0.137500 0.009375 0.031250
0 0.845313 0.218750 0.018750 0.046875
0 0.837500 0.263281 0.025000 0.048438
0 0.909375 0.367969 0.028125 0.060938
0 0.891406 0.224219 0.023438 0.048438
0 0.929688 0.257812 0.021875 0.053125
0 0.938281 0.207031 0.017188 0.039062
0 0.952344 0.186719 0.014063 0.035938
0 0.903906 0.192969 0.014063 0.039062
0 0.907813 0.162500 0.015625 0.040625
0 0.866406 0.182813 0.020313 0.040625
0 0.874219 0.156250 0.017188 0.037500
