0 0.115625 0.504688 0.043750 0.096875
0 0.229688 0.335156 0.015625 0.029688
0 0.236719 0.382812 0.017188 0.031250
0 0.284375 0.357813 0.018750 0.043750
0 0.309375 0.393750 0.021875 0.050000
0 0.278906 0.301563 0.017188 0.034375
0 0.348438 0.324219 0.012500 0.026563
0 0.343750 0.291406 0.012500 0.029688
0 0.375781 0.325781 0.014063 0.032813
0 0.395313 0.300000 0.015625 0.025000
0 0.396094 0.335938 0.014063 0.037500
0 0.425000 0.352344 0.018750 0.039062
0 0.386719 0.253906 0.014063 0.023438
0 0.394531 0.269531 0.014063 0.017188
0 0.417188 0.264063 0.015625 0.021875
0 0.453906 0.304688 0.017188 0.025000
0 0.418750 0.302344 0.012500 0.026563
0 0.442969 0.246875 0.010938 0.021875
0 0.450781 0.229688 0.010938 0.018750
0 0.457813 0.269531 0.009375 0.023438
0 0.486719 0.260937 0.010938 0.028125
0 0.506250 0.254688 0.012500 0.025000
0 0.502344 0.289062 0.014063 0.028125
0 0.486719 0.317969 0.014063 0.029688
0 0.533594 0.285156 0.014063 0.029688
0 0.553906 0.260156 0.014063 0.026563
0 0.528906 0.224219 0.010938 0.020313
0 0.552344 0.208594 0.010938 0.014063
0 0.552344 0.231250 0.014063 0.018750
0 0.576562 0.247656 0.015625 0.029688
0 0.590625 0.204688 0.012500 0.031250
0 0.575000 0.223438 0.009375 0.021875
0 0.607031 0.245313 0.010938 0.025000
0 0.612500 0.226562 0.009375 0.021875
0 0.603125 0.217188 0.006250 0.021875
0 0.636719 0.213281 0.010938 0.023438
0 0.649219 0.228906 0.007812 0.026563
0 0.659375 0.221094 0.009375 0.026563
0 0.481250 0.388281 0.018750 0.045313
0 0.522656 0.399219 0.023438 0.051563
0 0.589844 0.423438 0.026563 0.053125
0 0.637500 0.431250 0.021875 0.062500
0 0.668750 0.532031 0.028125 0.076563
0 0.575000 0.318750 0.018750 0.037500
0 0.622656 0.332031 0.017188 0.035938
0 0.593750 0.370313 0.018750 0.037500
0 0.609375 0.297656 0.015625 0.032813
0 0.652344 0.265625 0.014063 0.025000
0 0.678125 0.255469 0.012500 0.026563
0 0.638281 0.371094 0.023438 0.051563
0 0.664844 0.349219 0.017188 0.039062
0 0.700781 0.385156 0.020313 0.042188
0 0.744531 0.429688 0.023438 0.053125
0 0.796094 0.492188 0.026563 0.056250
0 0.872656 0.458594 0.020313 0.051563
0 0.808594 0.451563 0.020313 0.050000
0 0.777344 0.357813 0.017188 0.046875
0 0.823438 0.371094 0.018750 0.048438
0 0.859375 0.395313 0.015625 0.046875
0 0.839063 0.350000 0.015625 0.043750
0 0.889063 0.353906 0.015625 0.042188
0 0.845313 0.314844 0.012500 0.029688
0 0.816406 0.303125 0.014063 0.028125
0 0.785938 0.303125 0.015625 0.025000
0 0.737500 0.281250 0.012500 0.028125
0 0.695312 0.289062 0.012500 0.031250
0 0.712500 0.264844 0.012500 0.026563
0 0.703125 0.239844 0.015625 0.026563
0 0.721875 0.239063 0.012500 0.021875
0 0.747656 0.233594 0.014063 0.029688
0 0.777344 0.240625 0.014063 0.031250
0 0.781250 0.272656 0.012500 0.026563
0 0.806250 0.260937 0.012500 0.037500
0 0.818750 0.274219 0.012500 0.029688
0 0.830469 0.264844 0.010938 0.029688
0 0.834375 0.250781 0.012500 0.023438
0 0.857031 0.278906 0.014063 0.032813
0 0.898438 0.264063 0.012500 0.031250
0 0.896875 0.300000 0.015625 0.025000
0 0.882812 0.302344 0.012500 0.035938
0 0.656250 0.317969 0.018750 0.032813
