0 0.103906 0.774219 0.067187 0.110938
0 0.223438 0.864063 0.096875 0.156250
0 0.295313 0.774219 0.084375 0.139063
0 0.337500 0.829688 0.071875 0.115625
0 0.331250 0.630469 0.056250 0.095313
0 0.472656 0.228906 0.045313 0.092188
0 0.411719 0.718750 0.064063 0.106250
0 0.432813 0.864844 0.090625 0.129688
0 0.496094 0.670313 0.070312 0.109375
0 0.481250 0.574219 0.050000 0.092188
0 0.621875 0.810156 0.087500 0.151563
0 0.566406 0.810156 0.082813 0.151563
0 0.596875 0.727344 0.053125 0.092188
0 0.640625 0.732813 0.071875 0.115625
0 0.655469 0.656250 0.057813 0.103125
0 0.605469 0.583594 0.054688 0.092188
0 0.720313 0.592969 0.065625 0.101562
0 0.751563 0.753125 0.084375 0.178125
0 0.822656 0.762500 0.067187 0.137500
0 0.778906 0.630469 0.057813 0.101562
0 0.832031 0.585156 0.054688 0.098438
0 0.909375 0.808594 0.103125 0.198438
0 0.910156 0.585938 0.045313 0.087500
0 0.954688 0.550000 0.046875 0.075000
