0 0.019531 0.431250 0.023438 0.043750
0 0.250000 0.355469 0.018750 0.035938
0 0.281250 0.362500 0.021875 0.046875
0 0.303125 0.382031 0.021875 0.048438
0 0.301563 0.325781 0.018750 0.035938
0 0.360938 0.381250 0.025000 0.046875
0 0.395313 0.365625 0.018750 0.037500
0 0.391406 0.340625 0.017188 0.031250
0 0.377344 0.310156 0.020313 0.035938
0 0.422656 0.360156 0.023438 0.035938
0 0.407031 0.278906 0.014063 0.032813
0 0.424219 0.296094 0.014063 0.035938
0 0.432031 0.316406 0.017188 0.032813
0 0.447656 0.277344 0.014063 0.029688
0 0.454688 0.296094 0.018750 0.032813
0 0.467969 0.328125 0.023438 0.037500
0 0.475781 0.360156 0.026563 0.042188
0 0.495313 0.320312 0.021875 0.037500
0 0.482031 0.262500 0.014063 0.025000
0 0.492188 0.253125 0.012500 0.028125
0 0.509375 0.287500 0.015625 0.031250
0 0.538281 0.296875 0.017188 0.031250
0 0.547656 0.332813 0.020313 0.037500
0 0.544531 0.266406 0.014063 0.032813
0 0.563281 0.272656 0.017188 0.039062
0 0.587500 0.304688 0.018750 0.037500
0 0.591406 0.275781 0.017188 0.032813
0 0.576562 0.242188 0.015625 0.025000
0 0.595313 0.240625 0.012500 0.021875
0 0.600000 0.260156 0.015625 0.029688
0 0.625781 0.263281 0.014063 0.029688
0 0.632812 0.243750 0.012500 0.025000
0 0.639844 0.222656 0.017188 0.026563
0 0.652344 0.235156 0.014063 0.032813
0 0.666406 0.244531 0.014063 0.032813
0 0.673438 0.264063 0.018750 0.025000
0 0.688281 0.235156 0.014063 0.023438
0 0.698438 0.245313 0.012500 0.031250
0 0.714844 0.246875 0.014063 0.028125
0 0.712500 0.286719 0.018750 0.032813
0 0.660156 0.311719 0.020313 0.042188
0 0.619531 0.346875 0.023438 0.043750
0 0.634375 0.394531 0.031250 0.051563
0 0.639844 0.448438 0.029688 0.068750
0 0.697656 0.469531 0.032813 0.060938
0 0.692188 0.399219 0.028125 0.057813
0 0.676563 0.354688 0.021875 0.040625
0 0.724219 0.373438 0.023438 0.050000
0 0.710156 0.333594 0.020313 0.039062
0 0.753125 0.313281 0.018750 0.042188
0 0.735156 0.266406 0.017188 0.029688
0 0.772656 0.239063 0.014063 0.028125
0 0.769531 0.266406 0.017188 0.035938
0 0.778906 0.282813 0.017188 0.037500
0 0.794531 0.297656 0.017188 0.039062
0 0.525000 0.413281 0.031250 0.057813
0 0.565625 0.386719 0.021875 0.045313
0 0.567188 0.421875 0.028125 0.046875
0 0.813281 0.245313 0.017188 0.028125
0 0.841406 0.263281 0.014063 0.029688
0 0.874219 0.270313 0.014063 0.031250
0 0.892969 0.277344 0.014063 0.026563
0 0.907813 0.275781 0.012500 0.032813
0 0.889063 0.301563 0.012500 0.031250
0 0.880469 0.323438 0.017188 0.037500
0 0.850000 0.319531 0.018750 0.035938
0 0.844531 0.376563 0.023438 0.046875
0 0.908594 0.334375 0.017188 0.034375
0 0.929688 0.308594 0.015625 0.035938
0 0.969531 0.296875 0.017188 0.021875
0 0.971094 0.316406 0.014063 0.026563
0 0.958594 0.335938 0.017188 0.034375
0 0.962500 0.374219 0.018750 0.042188
0 0.951563 0.413281 0.021875 0.048438
0 0.906250 0.382812 0.021875 0.043750
0 0.893750 0.435156 0.025000 0.045313
0 0.942969 0.487500 0.029688 0.062500
0 0.876563 0.456250 0.034375 0.053125
0 0.827344 0.422656 0.029688 0.054688
0 0.774219 0.421875 0.032813 0.056250
0 0.868750 0.542188 0.034375 0.065625
0 0.745313 0.526563 0.037500 0.084375
