0 0.357813 0.917969 0.162500 0.160938
0 0.188281 0.717969 0.085938 0.114063
0 0.145313 0.586719 0.056250 0.085938
0 0.102344 0.539844 0.035938 0.067187
0 0.012500 0.484375 0.021875 0.037500
0 0.050781 0.466406 0.026563 0.039062
0 0.077344 0.492969 0.023438 0.039062
0 0.094531 0.498438 0.023438 0.043750
0 0.115625 0.471094 0.021875 0.035938
0 0.124219 0.492188 0.026563 0.050000
0 0.150000 0.500000 0.025000 0.040625
0 0.189844 0.517188 0.026563 0.053125
0 0.231250 0.541406 0.040625 0.070312
0 0.288281 0.585156 0.054688 0.082813
0 0.278125 0.479688 0.021875 0.034375
0 0.300781 0.476562 0.023438 0.040625
0 0.335156 0.481250 0.023438 0.043750
0 0.367969 0.498438 0.026563 0.050000
0 0.379688 0.471094 0.025000 0.035938
0 0.358594 0.407813 0.020313 0.037500
0 0.405469 0.460156 0.023438 0.026563
0 0.407813 0.489844 0.015625 0.039062
0 0.424219 0.490625 0.029688 0.046875
0 0.442188 0.514062 0.028125 0.046875
0 0.455469 0.481250 0.020313 0.031250
0 0.489063 0.459375 0.025000 0.040625
0 0.499219 0.475000 0.023438 0.037500
0 0.517969 0.495313 0.029688 0.050000
0 0.527344 0.520313 0.029688 0.046875
0 0.496875 0.546094 0.043750 0.070312
0 0.441406 0.739063 0.079688 0.143750
0 0.600781 0.800781 0.129688 0.207813
0 0.641406 0.617188 0.054688 0.093750
0 0.614844 0.557031 0.042188 0.067187
0 0.582031 0.501563 0.035938 0.062500
0 0.549219 0.481250 0.032813 0.043750
0 0.553125 0.467969 0.021875 0.035938
0 0.576562 0.459375 0.028125 0.046875
0 0.603125 0.475000 0.015625 0.031250
0 0.619531 0.485938 0.020313 0.043750
0 0.634375 0.504688 0.031250 0.050000
0 0.670313 0.493750 0.025000 0.046875
0 0.702344 0.558594 0.042188 0.070312
0 0.733594 0.512500 0.039062 0.050000
0 0.714844 0.485156 0.023438 0.035938
0 0.747656 0.475000 0.026563 0.043750
0 0.788281 0.509375 0.029688 0.043750
0 0.754688 0.500000 0.028125 0.046875
0 0.828906 0.575000 0.051563 0.090625
0 0.842188 0.494531 0.028125 0.035938
0 0.879688 0.536719 0.046875 0.085938
0 0.915625 0.504688 0.034375 0.050000
0 0.957031 0.481250 0.035938 0.050000
