0 0.080469 0.366406 0.039062 0.073438
0 0.275000 0.204688 0.015625 0.037500
0 0.315625 0.242969 0.021875 0.048438
0 0.314063 0.202344 0.015625 0.032813
0 0.328906 0.203906 0.014063 0.035938
0 0.331250 0.173438 0.018750 0.040625
0 0.367188 0.172656 0.018750 0.035938
0 0.373438 0.215625 0.018750 0.046875
0 0.382031 0.200781 0.017188 0.035938
0 0.407813 0.220313 0.018750 0.043750
0 0.378125 0.154688 0.015625 0.028125
0 0.417969 0.150781 0.017188 0.035938
0 0.425000 0.136719 0.015625 0.032813
0 0.434375 0.185156 0.021875 0.035938
0 0.417188 0.182813 0.018750 0.040625
0 0.442188 0.226562 0.018750 0.043750
0 0.454688 0.178906 0.018750 0.042188
0 0.453906 0.135938 0.014063 0.037500
0 0.472656 0.117188 0.014063 0.028125
0 0.475781 0.132812 0.014063 0.031250
0 0.476562 0.178906 0.018750 0.042188
0 0.525000 0.158594 0.015625 0.039062
0 0.497656 0.132812 0.014063 0.031250
0 0.496875 0.103125 0.012500 0.028125
0 0.535156 0.140625 0.014063 0.031250
0 0.526563 0.115625 0.012500 0.034375
0 0.546875 0.125781 0.012500 0.029688
0 0.560937 0.169531 0.015625 0.042188
0 0.563281 0.144531 0.014063 0.029688
0 0.564063 0.123438 0.012500 0.028125
0 0.546875 0.107031 0.012500 0.020313
0 0.587500 0.156250 0.015625 0.037500
0 0.596875 0.144531 0.012500 0.023438
0 0.604688 0.121094 0.015625 0.023438
0 0.599219 0.098438 0.010938 0.021875
0 0.619531 0.089844 0.010938 0.023438
0 0.633594 0.098438 0.010938 0.028125
0 0.624219 0.120313 0.014063 0.028125
0 0.632812 0.135156 0.015625 0.035938
0 0.657813 0.122656 0.015625 0.032813
0 0.663281 0.097656 0.014063 0.026563
0 0.674219 0.094531 0.014063 0.032813
0 0.700781 0.103125 0.014063 0.031250
0 0.676563 0.124219 0.015625 0.029688
0 0.704688 0.159375 0.018750 0.037500
0 0.665625 0.176563 0.025000 0.043750
0 0.624219 0.196094 0.020313 0.048438
0 0.635938 0.219531 0.025000 0.048438
0 0.597656 0.212500 0.023438 0.043750
0 0.660938 0.242188 0.021875 0.043750
0 0.691406 0.236719 0.023438 0.048438
0 0.712500 0.310938 0.034375 0.071875
0 0.750000 0.342969 0.031250 0.064063
0 0.783594 0.278906 0.023438 0.057813
0 0.756250 0.229688 0.021875 0.046875
0 0.738281 0.217969 0.020313 0.051563
0 0.736719 0.157031 0.017188 0.042188
0 0.731250 0.128906 0.015625 0.035938
0 0.754688 0.113281 0.015625 0.035938
0 0.768750 0.108594 0.012500 0.029688
0 0.786719 0.124219 0.014063 0.032813
0 0.799219 0.117969 0.014063 0.032813
0 0.797656 0.149219 0.014063 0.032813
0 0.792969 0.192188 0.020313 0.046875
0 0.764063 0.182813 0.015625 0.034375
0 0.835156 0.240625 0.020313 0.053125
0 0.824219 0.195312 0.020313 0.040625
0 0.825000 0.127344 0.012500 0.023438
0 0.846875 0.130469 0.015625 0.035938
0 0.871094 0.160938 0.014063 0.034375
0 0.891406 0.225000 0.020313 0.050000
0 0.902344 0.210156 0.014063 0.035938
0 0.902344 0.164062 0.014063 0.037500
0 0.913281 0.144531 0.014063 0.045313
0 0.903125 0.313281 0.031250 0.067187
0 0.830469 0.166406 0.017188 0.029688
0 0.929688 0.254688 0.018750 0.037500
0 0.928906 0.208594 0.017188 0.042188
0 0.940625 0.194531 0.018750 0.035938
0 0.944531 0.151563 0.014063 0.034375
