0 0.917969 0.315625 0.020313 0.059375
0 0.928906 0.289062 0.017188 0.050000
0 0.943750 0.253906 0.015625 0.045313
0 0.932031 0.202344 0.014063 0.039062
0 0.941406 0.196875 0.014063 0.037500
0 0.947656 0.175781 0.010938 0.035938
0 0.923438 0.150781 0.012500 0.032813
0 0.910938 0.182813 0.012500 0.034375
0 0.907813 0.171875 0.012500 0.031250
0 0.897656 0.222656 0.017188 0.039062
0 0.886719 0.189844 0.014063 0.039062
0 0.877344 0.140625 0.010938 0.034375
0 0.871094 0.163281 0.014063 0.039062
0 0.860938 0.203906 0.015625 0.042188
0 0.842969 0.204688 0.017188 0.043750
0 0.805469 0.199219 0.017188 0.045313
0 0.801563 0.158594 0.015625 0.032813
0 0.833594 0.172656 0.017188 0.039062
0 0.857813 0.142969 0.012500 0.029688
0 0.848438 0.142969 0.012500 0.039062
0 0.828125 0.135938 0.012500 0.034375
0 0.811719 0.125781 0.010938 0.032813
0 0.771094 0.117188 0.010938 0.031250
0 0.782031 0.130469 0.014063 0.032813
0 0.761719 0.122656 0.010938 0.032813
0 0.758594 0.182813 0.017188 0.040625
0 0.735938 0.139063 0.015625 0.037500
0 0.732813 0.171094 0.015625 0.045313
0 0.744531 0.175000 0.014063 0.037500
0 0.703125 0.164062 0.018750 0.040625
0 0.744531 0.214063 0.017188 0.043750
0 0.779688 0.303125 0.021875 0.065625
0 0.669531 0.221875 0.020313 0.050000
0 0.661719 0.110938 0.010938 0.031250
0 0.629688 0.115625 0.012500 0.034375
0 0.638281 0.150781 0.014063 0.032813
0 0.616406 0.235938 0.023438 0.053125
0 0.619531 0.106250 0.010938 0.025000
0 0.564844 0.176563 0.017188 0.043750
0 0.571094 0.224219 0.020313 0.054688
0 0.579688 0.132031 0.012500 0.029688
0 0.596094 0.154688 0.010938 0.025000
0 0.528906 0.120313 0.010938 0.025000
0 0.536719 0.151563 0.014063 0.034375
0 0.487500 0.137500 0.012500 0.028125
0 0.518750 0.178125 0.012500 0.031250
0 0.492188 0.162500 0.012500 0.028125
0 0.424219 0.151563 0.010938 0.031250
0 0.463281 0.155469 0.014063 0.029688
0 0.463281 0.205469 0.017188 0.039062
0 0.367969 0.181250 0.014063 0.034375
0 0.393750 0.198438 0.015625 0.040625
0 0.403125 0.228906 0.015625 0.039062
0 0.419531 0.235156 0.017188 0.051563
0 0.408594 0.208594 0.020313 0.029688
0 0.278906 0.222656 0.017188 0.039062
0 0.313281 0.223438 0.014063 0.034375
0 0.330469 0.209375 0.017188 0.043750
0 0.342969 0.221875 0.014063 0.046875
0 0.360156 0.257031 0.020313 0.045313
0 0.200781 0.439063 0.039062 0.093750
0 0.585938 0.114063 0.009375 0.018750
0 0.553906 0.130469 0.010938 0.032813
