0 0.199219 0.490625 0.017188 0.028125
0 0.157031 0.529687 0.020313 0.028125
0 0.035938 0.679688 0.040625 0.081250
0 0.133594 0.660156 0.042188 0.064063
0 0.190625 0.696875 0.050000 0.084375
0 0.235156 0.846875 0.101562 0.159375
0 0.078125 0.840625 0.087500 0.137500
0 0.344531 0.695312 0.048438 0.087500
0 0.274219 0.628906 0.035938 0.076563
0 0.334375 0.610156 0.025000 0.032813
0 0.368750 0.648438 0.034375 0.059375
0 0.400781 0.605469 0.026563 0.039062
0 0.395313 0.576562 0.015625 0.025000
0 0.364844 0.589063 0.014063 0.028125
0 0.339844 0.581250 0.017188 0.031250
0 0.540625 0.849219 0.115625 0.204688
0 0.536719 0.703906 0.064063 0.107813
0 0.518750 0.643750 0.034375 0.062500
0 0.486719 0.636719 0.039062 0.067187
0 0.489844 0.586719 0.023438 0.035938
0 0.578125 0.638281 0.037500 0.060938
0 0.609375 0.660156 0.043750 0.064063
0 0.692188 0.684375 0.056250 0.081250
0 0.780469 0.807813 0.098438 0.153125
0 0.822656 0.684375 0.064063 0.087500
0 0.952344 0.707813 0.054688 0.081250
0 0.946875 0.631250 0.031250 0.053125
0 0.916406 0.618750 0.032813 0.050000
0 0.845313 0.614844 0.028125 0.048438
0 0.846875 0.588281 0.025000 0.039062
0 0.796094 0.592969 0.023438 0.035938
0 0.743750 0.666406 0.037500 0.060938
0 0.747656 0.613281 0.026563 0.039062
0 0.764844 0.596094 0.017188 0.035938
0 0.766406 0.574219 0.020313 0.032813
0 0.741406 0.581250 0.020313 0.031250
0 0.721875 0.578906 0.015625 0.035938
0 0.707031 0.611719 0.023438 0.042188
0 0.662500 0.623438 0.031250 0.046875
0 0.069531 0.624219 0.032813 0.042188
0 0.032031 0.588281 0.023438 0.032813
0 0.039062 0.570312 0.015625 0.025000
0 0.008594 0.569531 0.014063 0.020313
0 0.085938 0.596094 0.028125 0.035938
0 0.197656 0.616406 0.026563 0.039062
0 0.232813 0.616406 0.028125 0.032813
0 0.232813 0.582813 0.021875 0.028125
0 0.253906 0.582813 0.014063 0.028125
0 0.271875 0.585938 0.015625 0.028125
0 0.289062 0.579688 0.018750 0.028125
0 0.610156 0.586719 0.020313 0.035938
0 0.589063 0.596094 0.018750 0.035938
0 0.550781 0.590625 0.026563 0.028125
0 0.533594 0.578125 0.017188 0.018750
0 0.646094 0.575000 0.017188 0.028125
