0 0.075000 0.233594 0.053125 0.114063
0 0.278906 0.210938 0.048438 0.093750
0 0.428125 0.217969 0.046875 0.098438
0 0.453125 0.262500 0.062500 0.118750
0 0.492969 0.245313 0.042188 0.084375
0 0.537500 0.199219 0.053125 0.089063
0 0.560937 0.242188 0.062500 0.103125
0 0.567188 0.334375 0.065625 0.118750
0 0.614063 0.239844 0.056250 0.095313
0 0.637500 0.310938 0.056250 0.112500
0 0.687500 0.285938 0.062500 0.125000
0 0.748438 0.235156 0.046875 0.117188
0 0.776563 0.339063 0.071875 0.128125
0 0.807813 0.410156 0.081250 0.117188
0 0.815625 0.485156 0.090625 0.123438
0 0.904688 0.485156 0.071875 0.126562
0 0.957031 0.466406 0.073438 0.126562
0 0.856250 0.360938 0.062500 0.115625
0 0.847656 0.280469 0.073438 0.126562
0 0.812500 0.227344 0.062500 0.110938
0 0.926563 0.291406 0.075000 0.139063
