0 0.159375 0.378906 0.065625 0.120313
0 0.179688 0.229688 0.043750 0.084375
0 0.131250 0.125000 0.031250 0.065625
0 0.018750 0.128906 0.034375 0.073438
0 0.246875 0.127344 0.034375 0.076563
0 0.313281 0.205469 0.042188 0.073438
0 0.340625 0.119531 0.037500 0.070312
0 0.350000 0.367969 0.043750 0.092188
0 0.507812 0.364844 0.046875 0.085938
0 0.426563 0.219531 0.025000 0.064063
0 0.441406 0.139844 0.029688 0.076563
0 0.532813 0.148438 0.034375 0.065625
0 0.562500 0.116406 0.025000 0.057813
0 0.545312 0.219531 0.034375 0.070312
0 0.625781 0.139844 0.032813 0.064063
0 0.675000 0.339844 0.050000 0.089063
0 0.468750 0.587500 0.150000 0.296875
0 0.782813 0.229688 0.037500 0.084375
0 0.838281 0.138281 0.035938 0.067187
0 0.922656 0.241406 0.042188 0.079688
0 0.934375 0.144531 0.034375 0.060938
0 0.843750 0.381250 0.053125 0.106250
