0 0.096875 0.246875 0.021875 0.043750
0 0.218750 0.347656 0.043750 0.079688
0 0.441406 0.145313 0.010938 0.031250
0 0.463281 0.144531 0.010938 0.029688
0 0.485938 0.151563 0.015625 0.031250
0 0.517969 0.065625 0.014063 0.018750
0 0.517188 0.132812 0.012500 0.021875
0 0.496875 0.200781 0.015625 0.029688
0 0.638281 0.121094 0.010938 0.026563
0 0.657031 0.121875 0.010938 0.028125
0 0.630469 0.207031 0.023438 0.045313
0 0.699219 0.178906 0.017188 0.032813
0 0.719531 0.189844 0.014063 0.032813
0 0.726562 0.156250 0.012500 0.028125
0 0.735156 0.178906 0.010938 0.029688
0 0.776563 0.142187 0.009375 0.025000
0 0.770313 0.176563 0.015625 0.031250
0 0.813281 0.139844 0.014063 0.026563
0 0.827344 0.185156 0.017188 0.032813
0 0.905469 0.178906 0.014063 0.035938
0 0.871094 0.288281 0.020313 0.051563
0 0.928906 0.237500 0.017188 0.034375
0 0.937500 0.196094 0.015625 0.026563
0 0.938281 0.171094 0.010938 0.023438
