0 0.035156 0.396875 0.064063 0.196875
0 0.037500 0.231250 0.037500 0.084375
0 0.063281 0.198438 0.026563 0.050000
0 0.119531 0.196875 0.026563 0.062500
0 0.136719 0.189063 0.023438 0.053125
0 0.269531 0.222656 0.032813 0.079688
0 0.285156 0.251563 0.035938 0.087500
0 0.338281 0.221875 0.039062 0.081250
0 0.346094 0.167188 0.032813 0.056250
0 0.385156 0.171875 0.026563 0.071875
0 0.409375 0.217969 0.046875 0.098438
0 0.431250 0.186719 0.025000 0.054688
0 0.328906 0.430469 0.104688 0.242188
0 0.608594 0.460156 0.142187 0.326563
0 0.541406 0.123438 0.092188 0.228125
0 0.622656 0.221875 0.039062 0.096875
0 0.645313 0.142969 0.034375 0.064063
0 0.688281 0.038281 0.029688 0.067187
0 0.841406 0.641406 0.248438 0.457813
