0 0.426563 0.277344 0.025000 0.045313
0 0.456250 0.220313 0.018750 0.034375
0 0.424219 0.219531 0.017188 0.032813
0 0.403906 0.199219 0.014063 0.029688
0 0.344531 0.232031 0.017188 0.026563
0 0.317188 0.232813 0.015625 0.028125
0 0.476562 0.165625 0.015625 0.031250
0 0.478906 0.189063 0.017188 0.031250
0 0.492969 0.210156 0.017188 0.032813
0 0.535938 0.213281 0.018750 0.032813
0 0.528125 0.146875 0.012500 0.028125
0 0.559375 0.146875 0.012500 0.028125
0 0.589063 0.160156 0.012500 0.029688
0 0.598438 0.153906 0.012500 0.020313
0 0.604688 0.267188 0.021875 0.043750
0 0.657813 0.266406 0.021875 0.048438
0 0.676563 0.216406 0.018750 0.039062
0 0.662500 0.185156 0.018750 0.039062
0 0.728906 0.082031 0.017188 0.029688
0 0.746875 0.153906 0.012500 0.032813
0 0.767969 0.086719 0.010938 0.023438
0 0.782031 0.165625 0.014063 0.031250
0 0.797656 0.187500 0.014063 0.034375
0 0.767969 0.239063 0.020313 0.040625
0 0.730469 0.266406 0.023438 0.045313
0 0.797656 0.276562 0.026563 0.053125
0 0.828125 0.096094 0.012500 0.026563
0 0.857031 0.097656 0.014063 0.026563
0 0.860156 0.184375 0.017188 0.034375
0 0.845313 0.213281 0.018750 0.039062
0 0.817969 0.186719 0.014063 0.029688
0 0.890625 0.225000 0.015625 0.037500
0 0.981250 0.155469 0.015625 0.045313
