0 0.098438 0.539062 0.046875 0.118750
0 0.165625 0.291406 0.021875 0.051563
0 0.192969 0.288281 0.026563 0.054688
0 0.240625 0.241406 0.018750 0.045313
0 0.284375 0.239063 0.021875 0.050000
0 0.303906 0.225000 0.017188 0.050000
0 0.278906 0.208594 0.020313 0.045313
0 0.325781 0.209375 0.017188 0.043750
0 0.345313 0.257031 0.018750 0.048438
0 0.372656 0.242188 0.017188 0.046875
0 0.411719 0.324219 0.026563 0.060938
0 0.364844 0.195312 0.017188 0.040625
0 0.342188 0.199219 0.015625 0.035938
0 0.411719 0.189844 0.017188 0.045313
0 0.409375 0.162500 0.015625 0.037500
0 0.447656 0.247656 0.023438 0.060938
0 0.432031 0.163281 0.014063 0.035938
0 0.445312 0.170313 0.015625 0.037500
0 0.460156 0.170313 0.017188 0.050000
0 0.475000 0.203906 0.015625 0.045313
0 0.474219 0.148438 0.017188 0.050000
0 0.499219 0.167969 0.017188 0.045313
0 0.530469 0.217969 0.017188 0.039062
0 0.545312 0.162500 0.015625 0.037500
0 0.551563 0.212500 0.018750 0.046875
0 0.535156 0.137500 0.014063 0.037500
0 0.559375 0.129688 0.015625 0.040625
0 0.581250 0.125000 0.015625 0.040625
0 0.592187 0.152344 0.015625 0.039062
0 0.585938 0.186719 0.015625 0.042188
0 0.567969 0.174219 0.017188 0.039062
0 0.607031 0.196875 0.017188 0.043750
0 0.615625 0.128125 0.015625 0.037500
0 0.640625 0.182031 0.018750 0.039062
0 0.638281 0.144531 0.014063 0.039062
0 0.652344 0.136719 0.014063 0.042188
0 0.675781 0.159375 0.017188 0.040625
0 0.677344 0.135156 0.014063 0.032813
0 0.702344 0.150781 0.017188 0.045313
0 0.684375 0.216406 0.018750 0.051563
0 0.650000 0.252344 0.025000 0.064063
0 0.603125 0.287500 0.021875 0.050000
0 0.557813 0.335156 0.028125 0.054688
0 0.592969 0.380469 0.026563 0.067187
0 0.644531 0.402344 0.032813 0.070312
0 0.710156 0.405469 0.029688 0.079688
0 0.721094 0.268750 0.023438 0.056250
0 0.741406 0.289062 0.023438 0.053125
0 0.730469 0.232813 0.020313 0.046875
0 0.735938 0.185156 0.015625 0.042188
0 0.769531 0.204688 0.017188 0.043750
0 0.760156 0.180469 0.014063 0.042188
0 0.801563 0.191406 0.018750 0.042188
0 0.811719 0.222656 0.020313 0.042188
0 0.834375 0.215625 0.015625 0.043750
0 0.786719 0.254688 0.020313 0.056250
0 0.802344 0.295313 0.023438 0.059375
0 0.781250 0.452344 0.031250 0.092188
0 0.859375 0.493750 0.034375 0.090625
0 0.876563 0.418750 0.025000 0.065625
0 0.957031 0.446094 0.026563 0.073438
0 0.840625 0.378906 0.028125 0.067187
0 0.862500 0.323438 0.025000 0.053125
0 0.885156 0.277344 0.020313 0.048438
0 0.914844 0.346094 0.020313 0.051563
0 0.942969 0.384375 0.023438 0.062500
0 0.968750 0.365625 0.015625 0.059375
0 0.864844 0.231250 0.014063 0.040625
0 0.874219 0.228906 0.014063 0.032813
0 0.899219 0.226562 0.014063 0.043750
0 0.896875 0.260156 0.015625 0.042188
0 0.925000 0.270313 0.015625 0.053125
0 0.943750 0.244531 0.012500 0.039062
0 0.968750 0.320312 0.015625 0.040625
0 0.985156 0.260937 0.017188 0.046875
