0 0.141406 0.433594 0.048438 0.085938
0 0.257031 0.264063 0.020313 0.034375
0 0.314844 0.235156 0.023438 0.029688
0 0.303906 0.265625 0.023438 0.043750
0 0.275781 0.269531 0.026563 0.039062
0 0.333594 0.214844 0.020313 0.026563
0 0.360156 0.198438 0.020313 0.028125
0 0.388281 0.178906 0.017188 0.029688
0 0.449219 0.167188 0.017188 0.040625
0 0.489844 0.132812 0.017188 0.028125
0 0.500000 0.153906 0.018750 0.035938
0 0.410156 0.190625 0.014063 0.028125
0 0.396094 0.219531 0.023438 0.035938
0 0.367969 0.254688 0.035938 0.040625
0 0.389844 0.288281 0.026563 0.045313
0 0.433594 0.244531 0.026563 0.048438
0 0.470313 0.239844 0.021875 0.042188
0 0.438281 0.202344 0.026563 0.042188
0 0.510156 0.194531 0.023438 0.042188
0 0.531250 0.210938 0.025000 0.050000
0 0.542969 0.157813 0.023438 0.034375
0 0.571094 0.122656 0.020313 0.035938
0 0.564063 0.151563 0.021875 0.040625
0 0.582031 0.173438 0.014063 0.025000
0 0.557813 0.255469 0.028125 0.051563
0 0.493750 0.314063 0.031250 0.059375
0 0.568750 0.293750 0.031250 0.065625
0 0.622656 0.157031 0.020313 0.035938
0 0.635938 0.127344 0.015625 0.020313
0 0.675781 0.119531 0.014063 0.029688
0 0.659375 0.185156 0.015625 0.035938
0 0.627344 0.201563 0.020313 0.040625
0 0.621875 0.249219 0.021875 0.042188
0 0.664844 0.220313 0.026563 0.053125
0 0.678125 0.260937 0.028125 0.056250
0 0.690625 0.200781 0.021875 0.045313
0 0.709375 0.154688 0.018750 0.034375
0 0.742188 0.128906 0.018750 0.032813
0 0.720313 0.180469 0.018750 0.029688
0 0.724219 0.228906 0.020313 0.054688
0 0.735156 0.265625 0.026563 0.059375
0 0.778125 0.280469 0.025000 0.067187
0 0.756250 0.225781 0.025000 0.042188
0 0.766406 0.170313 0.017188 0.031250
0 0.768750 0.139063 0.015625 0.034375
0 0.810156 0.125781 0.014063 0.039062
0 0.789062 0.156250 0.018750 0.034375
0 0.781250 0.202344 0.018750 0.042188
0 0.809375 0.184375 0.021875 0.034375
0 0.841406 0.142969 0.023438 0.042188
0 0.833594 0.214063 0.020313 0.043750
0 0.839063 0.318750 0.025000 0.075000
0 0.851562 0.198438 0.018750 0.037500
0 0.857813 0.166406 0.015625 0.039062
0 0.897656 0.150781 0.020313 0.029688
0 0.895313 0.185156 0.021875 0.042188
0 0.865625 0.263281 0.028125 0.045313
0 0.918750 0.258594 0.025000 0.048438
0 0.925000 0.232031 0.015625 0.048438
0 0.475781 0.198438 0.026563 0.043750
0 0.349219 0.234375 0.020313 0.028125
0 0.316406 0.290625 0.023438 0.043750
0 0.889844 0.203906 0.017188 0.042188
