0 0.059375 0.412500 0.034375 0.081250
0 0.253906 0.282813 0.020313 0.031250
0 0.288281 0.268750 0.017188 0.031250
0 0.310156 0.283594 0.017188 0.039062
0 0.315625 0.254688 0.018750 0.037500
0 0.309375 0.225781 0.015625 0.026563
0 0.343750 0.225000 0.018750 0.031250
0 0.342969 0.275000 0.023438 0.037500
0 0.371875 0.214844 0.015625 0.032813
0 0.382812 0.199219 0.018750 0.023438
0 0.384375 0.213281 0.015625 0.032813
0 0.399219 0.296875 0.020313 0.043750
0 0.426563 0.219531 0.018750 0.029688
0 0.425000 0.185938 0.015625 0.037500
0 0.428906 0.168750 0.014063 0.025000
0 0.451563 0.149219 0.015625 0.029688
0 0.453906 0.168750 0.014063 0.037500
0 0.456250 0.219531 0.015625 0.039062
0 0.440625 0.194531 0.018750 0.029688
0 0.472656 0.149219 0.010938 0.023438
0 0.477344 0.165625 0.017188 0.028125
0 0.478125 0.194531 0.015625 0.029688
0 0.494531 0.202344 0.020313 0.035938
0 0.482813 0.227344 0.018750 0.039062
0 0.482813 0.298438 0.025000 0.043750
0 0.485938 0.133594 0.012500 0.026563
0 0.517188 0.156250 0.015625 0.025000
0 0.507031 0.176563 0.020313 0.037500
0 0.521875 0.139063 0.018750 0.031250
0 0.537500 0.162500 0.015625 0.037500
0 0.543750 0.195312 0.015625 0.040625
0 0.548438 0.140625 0.012500 0.028125
0 0.557031 0.146875 0.010938 0.028125
0 0.565625 0.169531 0.015625 0.039062
0 0.572656 0.158594 0.014063 0.029688
0 0.561719 0.114063 0.014063 0.025000
0 0.581250 0.132031 0.015625 0.026563
0 0.603125 0.100000 0.015625 0.028125
0 0.607031 0.114063 0.014063 0.025000
0 0.619531 0.100000 0.010938 0.021875
0 0.635938 0.106250 0.012500 0.028125
0 0.644531 0.116406 0.010938 0.026563
0 0.668750 0.122656 0.015625 0.026563
0 0.698438 0.098438 0.012500 0.031250
0 0.621094 0.142969 0.017188 0.029688
0 0.650000 0.178906 0.018750 0.035938
0 0.659375 0.206250 0.018750 0.037500
0 0.603906 0.207813 0.020313 0.037500
0 0.602344 0.255469 0.023438 0.042188
0 0.573438 0.245313 0.025000 0.040625
0 0.559375 0.294531 0.025000 0.051563
0 0.576562 0.368750 0.028125 0.053125
0 0.675000 0.328906 0.031250 0.057813
0 0.654688 0.256250 0.025000 0.050000
0 0.702344 0.285938 0.029688 0.056250
0 0.697656 0.214063 0.023438 0.050000
0 0.677344 0.153125 0.020313 0.037500
0 0.700781 0.145313 0.017188 0.028125
0 0.702344 0.178906 0.020313 0.039062
0 0.725000 0.166406 0.015625 0.035938
0 0.732031 0.123438 0.014063 0.031250
0 0.742969 0.120313 0.014063 0.025000
0 0.742188 0.142187 0.015625 0.031250
0 0.746094 0.185938 0.017188 0.037500
0 0.755469 0.250781 0.020313 0.048438
0 0.771875 0.294531 0.025000 0.057813
0 0.761719 0.127344 0.014063 0.026563
0 0.764063 0.159375 0.015625 0.028125
0 0.778906 0.121094 0.010938 0.029688
0 0.793750 0.136719 0.015625 0.032813
0 0.816406 0.125781 0.014063 0.032813
0 0.828906 0.139063 0.014063 0.037500
0 0.814063 0.163281 0.012500 0.035938
0 0.792188 0.186719 0.015625 0.035938
0 0.841406 0.186719 0.020313 0.035938
0 0.847656 0.155469 0.014063 0.032813
0 0.867188 0.128125 0.015625 0.031250
0 0.864063 0.163281 0.015625 0.035938
0 0.866406 0.214063 0.020313 0.040625
0 0.878125 0.196875 0.015625 0.037500
0 0.885156 0.175781 0.014063 0.032813
0 0.894531 0.137500 0.014063 0.031250
0 0.924219 0.158594 0.010938 0.023438
0 0.932031 0.164062 0.014063 0.037500
0 0.914844 0.192188 0.017188 0.040625
0 0.914844 0.289062 0.023438 0.053125
