0 0.085156 0.464844 0.114063 0.129688
0 0.050781 0.353906 0.098438 0.135938
0 0.203125 0.439063 0.071875 0.109375
0 0.217188 0.321094 0.068750 0.117188
0 0.286719 0.343750 0.054688 0.084375
0 0.310156 0.439063 0.073438 0.109375
0 0.358594 0.488281 0.060938 0.092188
0 0.412500 0.325781 0.071875 0.117188
0 0.548438 0.366406 0.106250 0.195312
0 0.439063 0.414062 0.065625 0.100000
0 0.691406 0.622656 0.098438 0.182813
0 0.710938 0.770313 0.096875 0.178125
0 0.801563 0.507031 0.100000 0.170313
0 0.719531 0.396875 0.070312 0.150000
0 0.833594 0.320312 0.073438 0.162500
0 0.959375 0.615625 0.078125 0.178125
0 0.936719 0.783594 0.123438 0.207813
0 0.707031 0.206250 0.035938 0.062500
0 0.651563 0.195312 0.034375 0.062500
0 0.574219 0.178906 0.035938 0.057813
