0 0.314844 0.621094 0.042188 0.076563
0 0.259375 0.611719 0.031250 0.057813
0 0.235156 0.571875 0.029688 0.053125
0 0.275781 0.528125 0.026563 0.037500
0 0.346094 0.534375 0.023438 0.040625
0 0.390625 0.675781 0.046875 0.089063
0 0.432813 0.591406 0.025000 0.051563
0 0.395313 0.561719 0.021875 0.032813
0 0.379688 0.552344 0.018750 0.032813
0 0.388281 0.480469 0.020313 0.029688
0 0.428125 0.535938 0.015625 0.037500
0 0.456250 0.527344 0.018750 0.029688
0 0.491406 0.576562 0.035938 0.062500
0 0.505469 0.535938 0.017188 0.037500
0 0.530469 0.526563 0.017188 0.028125
0 0.549219 0.555469 0.026563 0.039062
0 0.563281 0.532031 0.020313 0.029688
0 0.595313 0.595313 0.043750 0.071875
0 0.617969 0.526563 0.020313 0.028125
0 0.696875 0.608594 0.040625 0.079688
0 0.739063 0.567969 0.031250 0.060938
0 0.789844 0.610156 0.048438 0.060938
0 0.767188 0.540625 0.021875 0.037500
0 0.760938 0.522656 0.015625 0.029688
0 0.740625 0.519531 0.012500 0.023438
0 0.860938 0.533594 0.028125 0.051563
0 0.841406 0.542969 0.020313 0.042188
0 0.896094 0.531250 0.020313 0.037500
0 0.936719 0.552344 0.023438 0.042188
0 0.925781 0.518750 0.020313 0.028125
