0 0.073438 0.288281 0.053125 0.095313
0 0.169531 0.266406 0.045313 0.079688
0 0.214063 0.225781 0.040625 0.079688
0 0.189844 0.483594 0.060938 0.095313
0 0.256250 0.328906 0.056250 0.089063
0 0.277344 0.273438 0.039062 0.075000
0 0.325000 0.232813 0.053125 0.096875
0 0.379688 0.275000 0.056250 0.084375
0 0.327344 0.510938 0.054688 0.100000
0 0.427344 0.253125 0.042188 0.078125
0 0.457031 0.321094 0.042188 0.079688
0 0.505469 0.276562 0.039062 0.081250
0 0.546875 0.264844 0.043750 0.085938
0 0.587500 0.250000 0.037500 0.078125
0 0.625781 0.260937 0.045313 0.090625
0 0.673438 0.264063 0.037500 0.078125
0 0.711719 0.301563 0.039062 0.081250
0 0.752344 0.264844 0.042188 0.070312
0 0.794531 0.315625 0.042188 0.090625
0 0.827344 0.270313 0.042188 0.084375
0 0.884375 0.267969 0.040625 0.085938
0 0.924219 0.224219 0.048438 0.098438
0 0.897656 0.467969 0.045313 0.089063
0 0.814844 0.459375 0.048438 0.090625
0 0.711719 0.509375 0.057813 0.109375
0 0.585156 0.491406 0.057813 0.114063
0 0.442969 0.488281 0.060938 0.107813
