0 0.053906 0.221094 0.023438 0.035938
0 0.191406 0.194531 0.020313 0.035938
0 0.204688 0.217969 0.025000 0.042188
0 0.259375 0.270313 0.100000 0.171875
0 0.378906 0.384375 0.126562 0.237500
0 0.329688 0.254688 0.043750 0.084375
0 0.359375 0.228125 0.046875 0.075000
0 0.309375 0.189844 0.028125 0.045313
0 0.432031 0.217969 0.064063 0.107813
0 0.462500 0.197656 0.025000 0.048438
0 0.494531 0.211719 0.029688 0.054688
0 0.533594 0.214844 0.029688 0.060938
0 0.563281 0.203906 0.032813 0.048438
0 0.596094 0.207031 0.035938 0.064063
0 0.590625 0.403906 0.100000 0.173438
0 0.761719 0.546094 0.120313 0.185938
0 0.653906 0.186719 0.067187 0.123438
0 0.733594 0.235938 0.035938 0.065625
0 0.698438 0.230469 0.037500 0.048438
0 0.829688 0.190625 0.075000 0.125000
