0 0.100781 0.262500 0.017188 0.028125
0 0.167188 0.229688 0.018750 0.037500
0 0.269531 0.250000 0.026563 0.056250
0 0.340625 0.217188 0.018750 0.040625
0 0.432031 0.191406 0.029688 0.057813
0 0.445312 0.227344 0.018750 0.032813
0 0.491406 0.222656 0.023438 0.045313
0 0.507031 0.176563 0.020313 0.043750
0 0.551563 0.191406 0.018750 0.039062
0 0.599219 0.161719 0.017188 0.035938
0 0.622656 0.144531 0.014063 0.029688
0 0.643750 0.257812 0.021875 0.053125
0 0.725000 0.294531 0.028125 0.060938
0 0.842188 0.344531 0.028125 0.054688
0 0.838281 0.232813 0.020313 0.046875
0 0.927344 0.292187 0.023438 0.040625
