0 0.154688 0.361719 0.046875 0.067187
0 0.211719 0.360938 0.032813 0.068750
0 0.245313 0.336719 0.034375 0.064063
0 0.263281 0.387500 0.035938 0.062500
0 0.292969 0.372656 0.029688 0.064063
0 0.324219 0.348438 0.039062 0.062500
0 0.365625 0.356250 0.034375 0.071875
0 0.391406 0.367188 0.029688 0.068750
0 0.423438 0.368750 0.031250 0.071875
0 0.467188 0.361719 0.025000 0.060938
0 0.494531 0.360156 0.026563 0.057813
0 0.518750 0.357813 0.034375 0.075000
0 0.551563 0.358594 0.034375 0.060938
0 0.581250 0.354688 0.034375 0.062500
0 0.575000 0.399219 0.034375 0.057813
0 0.628906 0.357813 0.039062 0.068750
0 0.687500 0.415625 0.031250 0.068750
0 0.736719 0.406250 0.035938 0.068750
0 0.795313 0.397656 0.040625 0.067187
0 0.841406 0.405469 0.051563 0.085938
0 0.699219 0.551563 0.042188 0.071875
0 0.624219 0.578125 0.039062 0.065625
0 0.589844 0.564844 0.032813 0.057813
0 0.522656 0.550000 0.039062 0.062500
0 0.479688 0.560937 0.040625 0.071875
0 0.401563 0.560156 0.040625 0.060938
0 0.345313 0.563281 0.040625 0.060938
