0 0.059375 0.253906 0.053125 0.089063
0 0.121094 0.262500 0.057813 0.093750
0 0.160938 0.306250 0.056250 0.100000
0 0.173438 0.216406 0.031250 0.057813
0 0.224219 0.288281 0.076563 0.123438
0 0.309375 0.300000 0.078125 0.128125
0 0.287500 0.236719 0.040625 0.064063
0 0.344531 0.255469 0.048438 0.085938
0 0.389063 0.217969 0.028125 0.042188
0 0.405469 0.264063 0.051563 0.087500
0 0.426563 0.332813 0.084375 0.143750
0 0.483594 0.285156 0.054688 0.092188
0 0.464844 0.228125 0.035938 0.062500
0 0.482813 0.205469 0.028125 0.045313
0 0.504688 0.235156 0.037500 0.070312
0 0.551563 0.281250 0.065625 0.100000
0 0.589063 0.353125 0.103125 0.162500
0 0.592969 0.229688 0.048438 0.071875
0 0.657031 0.279688 0.057813 0.103125
0 0.680469 0.238281 0.042188 0.082813
0 0.751563 0.295313 0.071875 0.121875
0 0.771875 0.197656 0.025000 0.045313
0 0.817188 0.197656 0.031250 0.057813
0 0.864063 0.386719 0.118750 0.201563
0 0.910156 0.327344 0.079688 0.142187
0 0.916406 0.260937 0.054688 0.096875
