0 0.353906 0.211719 0.020313 0.042188
0 0.406250 0.248438 0.021875 0.043750
0 0.433594 0.217188 0.014063 0.034375
0 0.455469 0.221875 0.020313 0.040625
0 0.514062 0.219531 0.018750 0.035938
0 0.517969 0.183594 0.017188 0.029688
0 0.554688 0.192969 0.015625 0.039062
0 0.600781 0.170313 0.020313 0.031250
0 0.639063 0.136719 0.012500 0.032813
0 0.720313 0.063281 0.012500 0.029688
0 0.733594 0.182813 0.020313 0.040625
0 0.682813 0.194531 0.018750 0.032813
0 0.657813 0.257031 0.021875 0.045313
0 0.745313 0.277344 0.021875 0.054688
0 0.794531 0.260156 0.020313 0.042188
0 0.867188 0.343750 0.021875 0.050000
0 0.889063 0.295313 0.018750 0.050000
0 0.856250 0.232813 0.015625 0.037500
0 0.866406 0.200000 0.014063 0.037500
0 0.914062 0.225000 0.015625 0.034375
0 0.948438 0.210156 0.015625 0.039062
0 0.952344 0.282813 0.017188 0.040625
