0 0.022656 0.527344 0.026563 0.045313
0 0.053125 0.552344 0.034375 0.051563
0 0.091406 0.496875 0.023438 0.028125
0 0.118750 0.519531 0.028125 0.042188
0 0.155469 0.482031 0.020313 0.026563
0 0.183594 0.468750 0.017188 0.031250
0 0.196875 0.457813 0.015625 0.028125
0 0.207813 0.546094 0.028125 0.039062
0 0.217969 0.486719 0.020313 0.035938
0 0.246094 0.471094 0.020313 0.029688
0 0.289062 0.510156 0.021875 0.039062
0 0.329688 0.475781 0.021875 0.045313
0 0.324219 0.436719 0.020313 0.026563
0 0.353906 0.450000 0.014063 0.025000
0 0.374219 0.522656 0.023438 0.054688
0 0.286719 0.444531 0.017188 0.035938
0 0.263281 0.346094 0.020313 0.035938
0 0.634375 0.405469 0.037500 0.067187
0 0.656250 0.471094 0.050000 0.095313
0 0.796875 0.483594 0.087500 0.151563
0 0.887500 0.575000 0.178125 0.246875
0 0.670313 0.316406 0.025000 0.045313
0 0.623438 0.364844 0.025000 0.045313
0 0.593750 0.375781 0.015625 0.035938
