0 0.267969 0.232031 0.014063 0.035938
0 0.330469 0.243750 0.020313 0.046875
0 0.359375 0.198438 0.015625 0.034375
0 0.377344 0.183594 0.017188 0.026563
0 0.383594 0.209375 0.017188 0.028125
0 0.407031 0.169531 0.017188 0.035938
0 0.424219 0.155469 0.014063 0.029688
0 0.440625 0.176563 0.015625 0.034375
0 0.448438 0.210938 0.018750 0.046875
0 0.423438 0.220313 0.015625 0.028125
0 0.409375 0.232031 0.025000 0.051563
0 0.507031 0.213281 0.023438 0.051563
0 0.465625 0.209375 0.018750 0.028125
0 0.464063 0.145313 0.012500 0.028125
0 0.486719 0.153906 0.014063 0.032813
0 0.500781 0.141406 0.014063 0.032813
0 0.511719 0.149219 0.014063 0.026563
0 0.517969 0.134375 0.010938 0.028125
0 0.521875 0.184375 0.015625 0.043750
0 0.535156 0.167188 0.014063 0.031250
0 0.532813 0.144531 0.015625 0.029688
0 0.541406 0.138281 0.010938 0.026563
0 0.560937 0.189844 0.018750 0.039062
0 0.567969 0.143750 0.014063 0.025000
0 0.580469 0.126562 0.014063 0.025000
0 0.603906 0.175781 0.017188 0.035938
0 0.597656 0.148438 0.017188 0.025000
0 0.617969 0.169531 0.017188 0.035938
0 0.605469 0.115625 0.010938 0.025000
0 0.619531 0.115625 0.010938 0.028125
0 0.635156 0.132812 0.014063 0.028125
0 0.630469 0.117188 0.014063 0.018750
0 0.655469 0.143750 0.017188 0.034375
0 0.657813 0.120313 0.012500 0.028125
0 0.681250 0.129688 0.015625 0.028125
0 0.689063 0.114063 0.012500 0.028125
0 0.709375 0.123438 0.012500 0.031250
0 0.564063 0.298438 0.025000 0.046875
0 0.568750 0.259375 0.025000 0.040625
0 0.625781 0.263281 0.026563 0.048438
0 0.643750 0.197656 0.018750 0.042188
0 0.675000 0.225781 0.021875 0.051563
0 0.685938 0.260156 0.021875 0.048438
0 0.729688 0.288281 0.031250 0.057813
0 0.700781 0.209375 0.017188 0.040625
0 0.701563 0.182031 0.015625 0.032813
0 0.736719 0.150000 0.020313 0.034375
0 0.746875 0.141406 0.015625 0.032813
0 0.767188 0.142187 0.015625 0.034375
0 0.742188 0.189063 0.018750 0.034375
0 0.754688 0.216406 0.018750 0.045313
0 0.767188 0.253125 0.021875 0.053125
0 0.793750 0.307813 0.025000 0.059375
0 0.850000 0.325781 0.028125 0.064063
0 0.863281 0.287500 0.026563 0.056250
0 0.925000 0.344531 0.028125 0.067187
0 0.921094 0.302344 0.020313 0.042188
0 0.925000 0.250000 0.018750 0.043750
0 0.889844 0.242969 0.017188 0.039062
0 0.840625 0.243750 0.021875 0.043750
0 0.799219 0.221094 0.014063 0.039062
0 0.803906 0.169531 0.014063 0.035938
0 0.803125 0.138281 0.012500 0.035938
0 0.821875 0.141406 0.012500 0.032813
0 0.813281 0.163281 0.014063 0.029688
0 0.839844 0.153125 0.014063 0.034375
0 0.855469 0.162500 0.014063 0.025000
0 0.862500 0.194531 0.018750 0.042188
0 0.838281 0.207031 0.017188 0.032813
0 0.869531 0.178125 0.017188 0.034375
0 0.888281 0.160938 0.014063 0.034375
0 0.915625 0.173438 0.012500 0.034375
0 0.893750 0.215625 0.015625 0.031250
0 0.943750 0.209375 0.012500 0.028125
0 0.953125 0.183594 0.012500 0.029688
