0 0.156250 0.675781 0.075000 0.110938
0 0.183594 0.589063 0.076563 0.115625
0 0.124219 0.569531 0.057813 0.095313
0 0.124219 0.518750 0.054688 0.068750
0 0.241406 0.436719 0.035938 0.060938
0 0.274219 0.417188 0.045313 0.068750
0 0.349219 0.468750 0.057813 0.084375
0 0.379688 0.601562 0.056250 0.112500
0 0.397656 0.534375 0.060938 0.081250
0 0.364844 0.530469 0.045313 0.076563
0 0.466406 0.621094 0.089063 0.132812
0 0.473438 0.413281 0.043750 0.054688
0 0.523438 0.385938 0.040625 0.046875
0 0.483594 0.369531 0.035938 0.048438
0 0.492969 0.337500 0.029688 0.043750
0 0.580469 0.375000 0.039062 0.056250
0 0.591406 0.454688 0.051563 0.100000
0 0.631250 0.396094 0.043750 0.060938
0 0.667188 0.550781 0.053125 0.117188
0 0.728906 0.081250 0.107813 0.159375
0 0.900781 0.471094 0.054688 0.107813
0 0.981250 0.481250 0.034375 0.100000
0 0.197656 0.189844 0.029688 0.060938
0 0.262500 0.257812 0.025000 0.040625
0 0.355469 0.260937 0.029688 0.040625
0 0.321094 0.381250 0.029688 0.050000
0 0.333594 0.340625 0.029688 0.043750
0 0.372656 0.345313 0.029688 0.040625
0 0.355469 0.400000 0.032813 0.053125
0 0.274219 0.347656 0.029688 0.051563
0 0.225000 0.414062 0.034375 0.053125
0 0.182031 0.407031 0.035938 0.048438
0 0.166406 0.356250 0.020313 0.046875
0 0.145313 0.340625 0.025000 0.043750
0 0.107813 0.501563 0.046875 0.053125
0 0.087500 0.455469 0.046875 0.057813
0 0.082031 0.420313 0.035938 0.046875
0 0.086719 0.361719 0.026563 0.035938
0 0.068750 0.359375 0.025000 0.034375
0 0.051563 0.351562 0.025000 0.037500
