0 0.057031 0.454688 0.035938 0.078125
0 0.231250 0.337500 0.015625 0.037500
0 0.253906 0.364844 0.017188 0.045313
0 0.291406 0.359375 0.020313 0.043750
0 0.287500 0.302344 0.015625 0.039062
0 0.329688 0.352344 0.021875 0.045313
0 0.348438 0.328125 0.018750 0.034375
0 0.350000 0.292187 0.015625 0.037500
0 0.376563 0.330469 0.018750 0.039062
0 0.382812 0.267969 0.015625 0.029688
0 0.405469 0.296094 0.014063 0.035938
0 0.401563 0.268750 0.012500 0.031250
0 0.404688 0.339063 0.021875 0.040625
0 0.425781 0.303906 0.017188 0.035938
0 0.441406 0.341406 0.020313 0.039062
0 0.466406 0.307031 0.017188 0.035938
0 0.424219 0.239844 0.014063 0.029688
0 0.437500 0.261719 0.012500 0.032813
0 0.464063 0.236719 0.012500 0.029688
0 0.466406 0.264844 0.014063 0.035938
0 0.498438 0.265625 0.009375 0.028125
0 0.510156 0.273438 0.017188 0.037500
0 0.492969 0.314063 0.014063 0.034375
0 0.456250 0.407813 0.028125 0.056250
0 0.517969 0.252344 0.014063 0.035938
0 0.535938 0.246094 0.012500 0.029688
0 0.546875 0.228125 0.012500 0.028125
0 0.560156 0.221875 0.014063 0.028125
0 0.563281 0.244531 0.010938 0.026563
0 0.567969 0.256250 0.014063 0.037500
0 0.551563 0.275781 0.015625 0.032813
0 0.585156 0.249219 0.014063 0.029688
0 0.589063 0.223438 0.012500 0.028125
0 0.598438 0.208594 0.012500 0.029688
0 0.611719 0.217969 0.010938 0.032813
0 0.625781 0.228125 0.014063 0.034375
0 0.631250 0.246094 0.015625 0.035938
0 0.647656 0.220313 0.010938 0.028125
0 0.658594 0.228125 0.014063 0.031250
0 0.677344 0.221875 0.014063 0.031250
0 0.684375 0.246875 0.012500 0.034375
0 0.658594 0.264063 0.017188 0.034375
0 0.674219 0.303125 0.017188 0.037500
0 0.621094 0.305469 0.017188 0.035938
0 0.629688 0.343750 0.018750 0.043750
0 0.643750 0.364063 0.025000 0.053125
0 0.675781 0.350781 0.020313 0.048438
0 0.703906 0.410938 0.023438 0.056250
0 0.585156 0.337500 0.023438 0.043750
0 0.583594 0.391406 0.023438 0.057813
0 0.587500 0.427344 0.028125 0.067187
0 0.625000 0.460938 0.034375 0.065625
0 0.695312 0.473438 0.043750 0.065625
0 0.754688 0.440625 0.031250 0.059375
0 0.825781 0.439063 0.029688 0.056250
0 0.807813 0.493750 0.034375 0.062500
0 0.715625 0.254688 0.015625 0.037500
0 0.721875 0.246094 0.012500 0.032813
0 0.739844 0.226562 0.014063 0.031250
0 0.707813 0.283594 0.015625 0.032813
0 0.762500 0.242188 0.012500 0.028125
0 0.775000 0.245313 0.015625 0.037500
0 0.763281 0.288281 0.017188 0.039062
0 0.800781 0.268750 0.017188 0.034375
0 0.821094 0.254688 0.014063 0.031250
0 0.828125 0.280469 0.015625 0.032813
0 0.834375 0.268750 0.012500 0.031250
0 0.851562 0.256250 0.012500 0.031250
0 0.870313 0.276562 0.015625 0.034375
0 0.892969 0.310156 0.014063 0.035938
0 0.908594 0.302344 0.014063 0.032813
0 0.912500 0.282031 0.012500 0.032813
0 0.799219 0.305469 0.020313 0.042188
0 0.817969 0.312500 0.020313 0.040625
0 0.857031 0.309375 0.017188 0.040625
0 0.883594 0.323438 0.017188 0.037500
0 0.914062 0.356250 0.018750 0.043750
0 0.853125 0.353906 0.021875 0.048438
0 0.817188 0.335938 0.021875 0.043750
0 0.838281 0.367969 0.023438 0.054688
0 0.790625 0.357031 0.025000 0.045313
0 0.886719 0.461719 0.026563 0.067187
0 0.532813 0.398438 0.028125 0.050000
0 0.525781 0.350781 0.023438 0.042188
