0 0.228906 0.501563 0.045313 0.087500
0 0.313281 0.261719 0.017188 0.035938
0 0.333594 0.278906 0.020313 0.042188
0 0.387500 0.201563 0.018750 0.034375
0 0.429688 0.280469 0.021875 0.048438
0 0.423438 0.224219 0.015625 0.035938
0 0.442188 0.234375 0.021875 0.037500
0 0.444531 0.195312 0.017188 0.037500
0 0.436719 0.169531 0.017188 0.035938
0 0.452344 0.157813 0.014063 0.028125
0 0.473438 0.151563 0.012500 0.031250
0 0.487500 0.139844 0.012500 0.026563
0 0.472656 0.209375 0.017188 0.031250
0 0.475781 0.190625 0.014063 0.034375
0 0.482031 0.170313 0.014063 0.031250
0 0.497656 0.175000 0.014063 0.031250
0 0.525000 0.215625 0.018750 0.040625
0 0.525781 0.155469 0.014063 0.032813
0 0.540625 0.084375 0.012500 0.028125
0 0.568750 0.109375 0.012500 0.025000
0 0.600781 0.098438 0.014063 0.031250
0 0.617188 0.117969 0.012500 0.023438
0 0.615625 0.135938 0.012500 0.028125
0 0.558594 0.149219 0.017188 0.035938
0 0.581250 0.160938 0.015625 0.028125
0 0.609375 0.181250 0.021875 0.043750
0 0.576562 0.135156 0.012500 0.032813
0 0.685156 0.062500 0.010938 0.031250
0 0.786719 0.056250 0.014063 0.025000
0 0.691406 0.101562 0.014063 0.031250
0 0.755469 0.108594 0.014063 0.029688
0 0.811719 0.130469 0.014063 0.032813
0 0.703125 0.135156 0.018750 0.032813
0 0.684375 0.157031 0.018750 0.039062
0 0.700781 0.188281 0.017188 0.039062
0 0.664062 0.205469 0.021875 0.051563
0 0.750781 0.149219 0.017188 0.039062
0 0.723438 0.177344 0.018750 0.039062
0 0.755469 0.178906 0.020313 0.035938
0 0.800000 0.196875 0.018750 0.046875
0 0.853906 0.184375 0.017188 0.043750
0 0.872656 0.229688 0.017188 0.050000
0 0.608594 0.254688 0.023438 0.050000
0 0.550000 0.296875 0.028125 0.062500
0 0.483594 0.326563 0.032813 0.053125
0 0.661719 0.264063 0.023438 0.056250
0 0.720313 0.282031 0.028125 0.057813
0 0.775781 0.313281 0.026563 0.054688
0 0.973438 0.378125 0.043750 0.096875
