0 0.062500 0.414844 0.028125 0.076563
0 0.085156 0.421094 0.039062 0.085938
0 0.252344 0.270313 0.020313 0.043750
0 0.323438 0.207031 0.015625 0.032813
0 0.349219 0.232813 0.014063 0.028125
0 0.394531 0.192969 0.014063 0.029688
0 0.385938 0.217969 0.018750 0.048438
0 0.523438 0.074219 0.009375 0.020313
0 0.560937 0.207031 0.028125 0.060938
0 0.579688 0.152344 0.021875 0.045313
0 0.592187 0.129688 0.018750 0.046875
0 0.602344 0.177344 0.023438 0.051563
0 0.607031 0.291406 0.023438 0.057813
0 0.647656 0.192969 0.023438 0.048438
0 0.660156 0.136719 0.020313 0.045313
0 0.681250 0.135156 0.015625 0.039062
0 0.707813 0.184375 0.015625 0.037500
