0 0.046094 0.479688 0.082813 0.109375
0 0.091406 0.407813 0.054688 0.096875
0 0.156250 0.338281 0.040625 0.067187
0 0.186719 0.320312 0.029688 0.050000
0 0.228906 0.354688 0.045313 0.071875
0 0.232031 0.290625 0.026563 0.040625
0 0.270313 0.297656 0.031250 0.054688
0 0.295313 0.269531 0.031250 0.045313
0 0.447656 0.128906 0.101562 0.207813
0 0.494531 0.263281 0.035938 0.073438
0 0.517969 0.314844 0.051563 0.082813
0 0.539062 0.412500 0.084375 0.146875
0 0.521094 0.234375 0.026563 0.053125
0 0.571875 0.288281 0.043750 0.070312
0 0.582813 0.235156 0.031250 0.045313
0 0.612500 0.271094 0.028125 0.057813
0 0.640625 0.280469 0.034375 0.070312
0 0.674219 0.281250 0.045313 0.096875
0 0.725000 0.372656 0.078125 0.132812
0 0.718750 0.698438 0.128125 0.262500
0 0.757812 0.234375 0.031250 0.037500
0 0.817188 0.220313 0.025000 0.043750
0 0.837500 0.251563 0.028125 0.059375
0 0.875781 0.221094 0.029688 0.054688
0 0.955469 0.243750 0.045313 0.075000
0 0.990625 0.205469 0.018750 0.042188
