0 0.306250 0.211719 0.028125 0.048438
0 0.326563 0.193750 0.015625 0.037500
0 0.342969 0.196875 0.020313 0.031250
0 0.535156 0.158594 0.017188 0.042188
0 0.566406 0.296094 0.042188 0.092188
0 0.615625 0.235938 0.021875 0.050000
0 0.612500 0.209375 0.018750 0.040625
0 0.682031 0.177344 0.017188 0.042188
0 0.671875 0.217969 0.021875 0.045313
0 0.671094 0.255469 0.026563 0.057813
0 0.726562 0.283594 0.021875 0.060938
0 0.750781 0.282031 0.029688 0.082813
0 0.782813 0.354688 0.050000 0.115625
0 0.717188 0.195312 0.018750 0.037500
0 0.838281 0.268750 0.023438 0.056250
