0 0.080469 0.260156 0.057813 0.082813
0 0.030469 0.255469 0.032813 0.079688
0 0.039062 0.681250 0.056250 0.131250
0 0.166406 0.390625 0.035938 0.059375
0 0.189844 0.375000 0.029688 0.046875
0 0.253906 0.434375 0.048438 0.071875
0 0.283594 0.416406 0.035938 0.064063
0 0.299219 0.375000 0.029688 0.040625
0 0.335938 0.417969 0.034375 0.042188
0 0.339844 0.385938 0.026563 0.037500
0 0.311719 0.454688 0.039062 0.065625
0 0.306250 0.527344 0.043750 0.073438
0 0.365625 0.567188 0.068750 0.103125
0 0.438281 0.404688 0.026563 0.046875
0 0.458594 0.416406 0.029688 0.048438
0 0.465625 0.449219 0.028125 0.054688
0 0.514062 0.481250 0.037500 0.068750
0 0.503125 0.430469 0.028125 0.064063
0 0.467188 0.776563 0.103125 0.168750
0 0.911719 0.662500 0.101562 0.153125
0 0.754688 0.583594 0.062500 0.110938
0 0.704688 0.551563 0.053125 0.071875
0 0.596875 0.502344 0.050000 0.076563
0 0.646875 0.367969 0.021875 0.032813
0 0.673438 0.360156 0.018750 0.029688
0 0.680469 0.353125 0.014063 0.031250
0 0.705469 0.366406 0.020313 0.032813
0 0.769531 0.372656 0.017188 0.023438
0 0.777344 0.359375 0.020313 0.031250
0 0.807813 0.358594 0.015625 0.032813
0 0.835938 0.358594 0.015625 0.026563
0 0.854688 0.368750 0.012500 0.025000
0 0.905469 0.285156 0.026563 0.045313
