0 0.082031 0.227344 0.098438 0.120313
0 0.334375 0.267188 0.050000 0.078125
0 0.353125 0.323438 0.059375 0.078125
0 0.400000 0.348438 0.062500 0.078125
0 0.425000 0.478125 0.087500 0.134375
0 0.531250 0.385938 0.075000 0.118750
0 0.488281 0.236719 0.057813 0.085938
0 0.553125 0.258594 0.050000 0.070312
0 0.606250 0.225000 0.043750 0.075000
0 0.652344 0.235938 0.054688 0.090625
0 0.732813 0.178125 0.096875 0.143750
0 0.801563 0.195312 0.056250 0.093750
0 0.746875 0.099219 0.050000 0.085938
0 0.814063 0.126562 0.046875 0.059375
0 0.874219 0.042188 0.051563 0.078125
0 0.898438 0.218750 0.103125 0.165625
0 0.978906 0.154688 0.042188 0.103125
