0 0.318750 0.826563 0.084375 0.134375
0 0.084375 0.721094 0.065625 0.101562
0 0.090625 0.660938 0.053125 0.056250
0 0.142187 0.638281 0.031250 0.048438
0 0.183594 0.651563 0.032813 0.056250
0 0.166406 0.700000 0.039062 0.075000
0 0.178125 0.597656 0.028125 0.045313
0 0.235938 0.585938 0.031250 0.043750
0 0.229688 0.645313 0.028125 0.046875
0 0.267969 0.654688 0.039062 0.059375
0 0.308594 0.625781 0.029688 0.039062
0 0.301563 0.592187 0.021875 0.037500
0 0.343750 0.651563 0.025000 0.050000
0 0.366406 0.689063 0.029688 0.065625
0 0.367969 0.626563 0.026563 0.046875
0 0.367188 0.574219 0.018750 0.045313
0 0.400000 0.648438 0.031250 0.062500
0 0.433594 0.625000 0.029688 0.050000
0 0.473438 0.635156 0.034375 0.045313
0 0.458594 0.682031 0.032813 0.060938
0 0.525000 0.633594 0.031250 0.064063
0 0.542969 0.674219 0.029688 0.054688
0 0.565625 0.621094 0.031250 0.051563
0 0.575781 0.517188 0.023438 0.043750
0 0.629688 0.677344 0.031250 0.051563
0 0.600000 0.654688 0.028125 0.046875
0 0.617969 0.595313 0.029688 0.043750
0 0.667188 0.629688 0.037500 0.046875
0 0.679688 0.592187 0.031250 0.043750
0 0.700781 0.667969 0.026563 0.054688
0 0.739844 0.620313 0.032813 0.040625
0 0.728906 0.585938 0.026563 0.040625
0 0.782031 0.605469 0.029688 0.054688
0 0.810156 0.632812 0.029688 0.053125
0 0.786719 0.674219 0.032813 0.057813
0 0.860938 0.685156 0.043750 0.057813
0 0.918750 0.679688 0.040625 0.046875
