0 0.214844 0.453906 0.042188 0.092188
0 0.249219 0.380469 0.042188 0.092188
0 0.226562 0.222656 0.015625 0.026563
0 0.290625 0.249219 0.015625 0.026563
0 0.336719 0.282813 0.020313 0.034375
0 0.357813 0.256250 0.015625 0.034375
0 0.434375 0.283594 0.021875 0.039062
0 0.453906 0.223438 0.014063 0.031250
0 0.431250 0.217969 0.015625 0.026563
0 0.390625 0.189844 0.015625 0.029688
0 0.455469 0.187500 0.017188 0.031250
0 0.478906 0.200781 0.014063 0.023438
0 0.463281 0.141406 0.010938 0.023438
0 0.475781 0.153906 0.014063 0.020313
0 0.485938 0.165625 0.015625 0.018750
0 0.514844 0.173438 0.010938 0.025000
0 0.529687 0.203906 0.018750 0.029688
0 0.491406 0.134375 0.010938 0.018750
0 0.536719 0.139844 0.017188 0.029688
0 0.567969 0.148438 0.014063 0.028125
0 0.587500 0.160156 0.012500 0.029688
0 0.580469 0.111719 0.014063 0.020313
0 0.668750 0.051563 0.015625 0.031250
0 0.700000 0.095313 0.012500 0.025000
0 0.488281 0.322656 0.026563 0.045313
0 0.622656 0.246094 0.023438 0.048438
0 0.671875 0.257812 0.018750 0.046875
0 0.727344 0.284375 0.023438 0.043750
0 0.782031 0.315625 0.023438 0.059375
0 0.717969 0.183594 0.020313 0.042188
0 0.693750 0.154688 0.018750 0.040625
0 0.721875 0.150781 0.015625 0.029688
0 0.737500 0.162500 0.015625 0.034375
0 0.767188 0.172656 0.018750 0.039062
0 0.758594 0.143750 0.017188 0.028125
0 0.757812 0.116406 0.012500 0.026563
0 0.821875 0.128125 0.009375 0.028125
0 0.807031 0.185156 0.017188 0.032813
0 0.858594 0.196875 0.017188 0.034375
0 0.884375 0.232031 0.015625 0.039062
