0 0.201563 0.458594 0.053125 0.098438
0 0.260156 0.427344 0.048438 0.104688
0 0.238281 0.238281 0.023438 0.045313
0 0.356250 0.268750 0.018750 0.043750
0 0.375781 0.260156 0.020313 0.039062
0 0.428125 0.228906 0.021875 0.039062
0 0.450781 0.228906 0.020313 0.042188
0 0.441406 0.285156 0.026563 0.045313
0 0.501563 0.292187 0.040625 0.065625
0 0.460938 0.186719 0.018750 0.035938
0 0.484375 0.192969 0.018750 0.042188
0 0.467969 0.155469 0.010938 0.029688
0 0.477344 0.148438 0.014063 0.028125
0 0.485156 0.162500 0.017188 0.025000
0 0.494531 0.127344 0.014063 0.029688
0 0.515625 0.071094 0.009375 0.023438
0 0.528906 0.164062 0.017188 0.040625
0 0.541406 0.141406 0.014063 0.032813
0 0.568750 0.151563 0.015625 0.034375
0 0.546875 0.194531 0.021875 0.042188
0 0.596875 0.150781 0.015625 0.039062
0 0.671875 0.243750 0.028125 0.056250
0 0.727344 0.285156 0.029688 0.057813
0 0.775781 0.293750 0.032813 0.056250
0 0.695312 0.164844 0.018750 0.039062
0 0.728906 0.150781 0.017188 0.035938
0 0.758594 0.060156 0.017188 0.035938
0 0.749219 0.160156 0.014063 0.032813
0 0.759375 0.144531 0.018750 0.029688
0 0.772656 0.173438 0.017188 0.043750
0 0.814844 0.188281 0.017188 0.035938
0 0.828125 0.125781 0.015625 0.035938
0 0.916406 0.082813 0.017188 0.040625
0 0.889063 0.226562 0.021875 0.046875
