0 0.014844 0.651563 0.026563 0.084375
0 0.050781 0.637500 0.048438 0.075000
0 0.125000 0.659375 0.037500 0.075000
0 0.139063 0.640625 0.028125 0.056250
0 0.200000 0.640625 0.040625 0.062500
0 0.232031 0.667188 0.035938 0.090625
0 0.233594 0.617188 0.026563 0.053125
0 0.263281 0.631250 0.026563 0.062500
0 0.282031 0.675000 0.048438 0.093750
0 0.328125 0.700000 0.043750 0.093750
0 0.350781 0.662500 0.042188 0.075000
0 0.328906 0.523438 0.035938 0.059375
0 0.403125 0.703125 0.050000 0.093750
0 0.426563 0.650000 0.034375 0.062500
0 0.442969 0.629688 0.026563 0.059375
0 0.465625 0.543750 0.028125 0.050000
0 0.557031 0.570312 0.029688 0.059375
0 0.475781 0.685938 0.039062 0.078125
0 0.496094 0.646875 0.032813 0.050000
0 0.624219 0.732813 0.057813 0.121875
0 0.640625 0.501563 0.028125 0.059375
0 0.713281 0.664062 0.042188 0.084375
0 0.737500 0.748438 0.059375 0.096875
0 0.811719 0.695312 0.045313 0.084375
0 0.855469 0.740625 0.048438 0.106250
0 0.900000 0.665625 0.043750 0.087500
0 0.953906 0.525000 0.035938 0.075000
0 0.831250 0.654688 0.034375 0.065625
0 0.790625 0.492188 0.034375 0.071875
