0 0.393750 0.239063 0.015625 0.034375
0 0.411719 0.246094 0.017188 0.039062
0 0.417969 0.257812 0.020313 0.040625
0 0.380469 0.193750 0.017188 0.040625
0 0.418750 0.202344 0.015625 0.032813
0 0.435938 0.210938 0.018750 0.037500
0 0.416406 0.163281 0.017188 0.032813
0 0.428125 0.160938 0.015625 0.037500
0 0.466406 0.165625 0.014063 0.037500
0 0.475781 0.176563 0.017188 0.034375
0 0.458594 0.216406 0.020313 0.039062
0 0.473438 0.137500 0.012500 0.021875
0 0.478125 0.156250 0.012500 0.031250
0 0.489844 0.157031 0.014063 0.035938
0 0.483594 0.137500 0.010938 0.021875
0 0.499219 0.120313 0.010938 0.028125
0 0.500781 0.214844 0.020313 0.045313
0 0.507031 0.195312 0.017188 0.037500
0 0.535156 0.192188 0.017188 0.037500
0 0.536719 0.161719 0.014063 0.029688
0 0.535938 0.140625 0.015625 0.028125
0 0.562500 0.129688 0.012500 0.034375
0 0.577344 0.140625 0.014063 0.031250
0 0.554688 0.166406 0.018750 0.032813
0 0.603906 0.162500 0.014063 0.031250
0 0.600000 0.106250 0.012500 0.025000
0 0.605469 0.126562 0.014063 0.025000
0 0.623438 0.097656 0.009375 0.023438
0 0.625781 0.122656 0.014063 0.023438
0 0.623438 0.145313 0.015625 0.028125
0 0.652344 0.150000 0.017188 0.028125
0 0.657813 0.110156 0.015625 0.032813
0 0.682813 0.121875 0.012500 0.025000
0 0.704688 0.113281 0.012500 0.026563
0 0.666406 0.185938 0.017188 0.034375
0 0.625781 0.218750 0.020313 0.037500
0 0.611719 0.248438 0.026563 0.056250
0 0.560156 0.269531 0.026563 0.054688
0 0.631250 0.287500 0.028125 0.053125
0 0.660938 0.375000 0.034375 0.075000
0 0.753125 0.450000 0.065625 0.128125
0 0.718750 0.182031 0.015625 0.035938
0 0.722656 0.150000 0.017188 0.031250
0 0.758594 0.136719 0.010938 0.023438
0 0.784375 0.127344 0.012500 0.035938
0 0.792969 0.157031 0.010938 0.035938
0 0.757031 0.170313 0.014063 0.028125
0 0.758594 0.194531 0.017188 0.035938
0 0.794531 0.205469 0.017188 0.039062
0 0.802344 0.174219 0.014063 0.029688
0 0.826563 0.179688 0.012500 0.031250
0 0.842188 0.152344 0.012500 0.032813
0 0.859375 0.189844 0.015625 0.026563
0 0.875000 0.168750 0.012500 0.028125
0 0.896875 0.194531 0.012500 0.032813
0 0.903125 0.216406 0.015625 0.032813
0 0.935938 0.165625 0.012500 0.040625
0 0.941406 0.197656 0.017188 0.045313
0 0.931250 0.247656 0.015625 0.035938
0 0.888281 0.234375 0.020313 0.040625
0 0.839844 0.218750 0.017188 0.037500
0 0.823438 0.261719 0.021875 0.051563
0 0.846875 0.303906 0.025000 0.054688
0 0.876563 0.267969 0.021875 0.051563
0 0.926563 0.317969 0.025000 0.054688
0 0.755469 0.242969 0.020313 0.054688
0 0.746094 0.263281 0.026563 0.054688
