0 0.086719 0.083594 0.082813 0.164062
0 0.210156 0.242188 0.098438 0.193750
0 0.335156 0.335938 0.110938 0.228125
0 0.307813 0.559375 0.168750 0.265625
0 0.359375 0.107813 0.093750 0.212500
0 0.281250 0.044531 0.062500 0.079688
0 0.392969 0.050781 0.064063 0.098438
0 0.514844 0.178125 0.101562 0.178125
0 0.641406 0.083594 0.095313 0.164062
0 0.653906 0.357031 0.107813 0.260937
0 0.784375 0.485938 0.150000 0.315625
0 0.795313 0.235938 0.112500 0.212500
0 0.826563 0.085156 0.084375 0.160938
0 0.790625 0.079688 0.062500 0.140625
0 0.939844 0.294531 0.120313 0.242188
0 0.971875 0.067969 0.056250 0.126562
