0 0.160938 0.892188 0.128125 0.193750
0 0.262500 0.695312 0.065625 0.137500
0 0.392969 0.730469 0.064063 0.160938
0 0.495313 0.677344 0.053125 0.101562
0 0.600781 0.866406 0.082813 0.176563
0 0.616406 0.735938 0.070312 0.125000
0 0.700781 0.703906 0.039062 0.089063
0 0.778125 0.885156 0.118750 0.207813
0 0.842969 0.739844 0.057813 0.114063
0 0.912500 0.694531 0.065625 0.089063
0 0.944531 0.827344 0.089063 0.170313
0 0.867188 0.648438 0.040625 0.068750
0 0.796875 0.682813 0.053125 0.078125
0 0.779688 0.621875 0.037500 0.068750
0 0.743750 0.760938 0.071875 0.128125
0 0.702344 0.662500 0.048438 0.078125
0 0.532813 0.576562 0.031250 0.056250
0 0.491406 0.573438 0.035938 0.056250
0 0.496875 0.476562 0.021875 0.043750
0 0.438281 0.557813 0.029688 0.046875
0 0.430469 0.592187 0.023438 0.056250
0 0.409375 0.549219 0.021875 0.048438
0 0.387500 0.582813 0.031250 0.056250
0 0.340625 0.585156 0.031250 0.048438
0 0.353125 0.549219 0.028125 0.042188
0 0.321094 0.539062 0.029688 0.062500
0 0.292187 0.546875 0.031250 0.056250
0 0.257812 0.552344 0.021875 0.048438
0 0.263281 0.516406 0.020313 0.042188
0 0.189844 0.513281 0.023438 0.048438
0 0.200781 0.492969 0.020313 0.035938
0 0.146094 0.428906 0.014063 0.026563
0 0.159375 0.496875 0.021875 0.043750
0 0.180469 0.573438 0.035938 0.062500
0 0.137500 0.554688 0.031250 0.059375
0 0.128125 0.496875 0.018750 0.043750
0 0.111719 0.489844 0.020313 0.042188
0 0.094531 0.534375 0.029688 0.059375
0 0.044531 0.557813 0.035938 0.078125
0 0.067187 0.495313 0.021875 0.046875
0 0.063281 0.408594 0.017188 0.035938
0 0.086719 0.401563 0.014063 0.050000
0 0.025000 0.484375 0.031250 0.062500
0 0.010156 0.414844 0.017188 0.035938
