0 0.048438 0.708594 0.087500 0.157813
0 0.073438 0.566406 0.059375 0.092188
0 0.032031 0.552344 0.060938 0.089063
0 0.210156 0.564844 0.054688 0.104688
0 0.287500 0.550781 0.046875 0.070312
0 0.283594 0.719531 0.095313 0.185938
0 0.178906 0.911719 0.167188 0.179688
0 0.373438 0.567969 0.059375 0.095313
0 0.418750 0.582031 0.043750 0.076563
0 0.397656 0.505469 0.032813 0.064063
0 0.624219 0.538281 0.039062 0.064063
0 0.707031 0.551563 0.054688 0.093750
0 0.806250 0.765625 0.100000 0.187500
0 0.823438 0.552344 0.062500 0.104688
0 0.965625 0.635938 0.071875 0.131250
0 0.955469 0.575781 0.070312 0.101562
