0 0.233594 0.376563 0.051563 0.093750
0 0.547656 0.300781 0.026563 0.064063
0 0.559375 0.189844 0.015625 0.039062
0 0.635156 0.196875 0.017188 0.040625
0 0.680469 0.209375 0.020313 0.040625
0 0.674219 0.195312 0.014063 0.031250
0 0.716406 0.205469 0.017188 0.032813
0 0.674219 0.253906 0.023438 0.048438
0 0.677344 0.310156 0.026563 0.067187
0 0.734375 0.269531 0.021875 0.045313
0 0.749219 0.212500 0.017188 0.034375
0 0.774219 0.239844 0.020313 0.048438
0 0.836719 0.368750 0.026563 0.068750
0 0.904688 0.417188 0.028125 0.075000
