0 0.183594 0.462500 0.035938 0.078125
0 0.327344 0.207813 0.017188 0.025000
0 0.357813 0.217188 0.015625 0.028125
0 0.366406 0.201563 0.014063 0.025000
0 0.413281 0.175000 0.010938 0.025000
0 0.425000 0.160156 0.012500 0.020313
0 0.437500 0.181250 0.012500 0.025000
0 0.467969 0.214844 0.017188 0.020313
0 0.446875 0.250000 0.015625 0.028125
0 0.498438 0.208594 0.015625 0.026563
0 0.467188 0.180469 0.012500 0.026563
0 0.450781 0.166406 0.014063 0.029688
0 0.464063 0.149219 0.012500 0.029688
0 0.474219 0.162500 0.010938 0.021875
0 0.480469 0.150781 0.010938 0.020313
0 0.497656 0.135938 0.010938 0.018750
0 0.494531 0.162500 0.010938 0.015625
0 0.517188 0.171094 0.012500 0.026563
0 0.535938 0.156250 0.012500 0.021875
0 0.526563 0.139063 0.009375 0.021875
0 0.568750 0.146094 0.012500 0.026563
0 0.534375 0.226562 0.015625 0.025000
0 0.586719 0.200781 0.014063 0.029688
0 0.546094 0.200781 0.014063 0.017188
0 0.586719 0.171875 0.014063 0.025000
0 0.560937 0.173438 0.012500 0.018750
0 0.577344 0.137500 0.014063 0.021875
0 0.593750 0.146875 0.012500 0.025000
0 0.611719 0.117188 0.010938 0.025000
0 0.653906 0.116406 0.007812 0.020313
0 0.690625 0.124219 0.009375 0.017188
0 0.713281 0.128125 0.010938 0.021875
0 0.682031 0.155469 0.010938 0.023438
0 0.650781 0.154688 0.010938 0.028125
0 0.619531 0.175000 0.014063 0.025000
0 0.566406 0.255469 0.023438 0.042188
0 0.631250 0.217188 0.018750 0.040625
0 0.661719 0.231250 0.020313 0.034375
0 0.657813 0.196875 0.015625 0.034375
0 0.714844 0.195312 0.014063 0.031250
0 0.710938 0.245313 0.018750 0.040625
0 0.788281 0.241406 0.014063 0.035938
0 0.729688 0.194531 0.012500 0.032813
0 0.693750 0.191406 0.012500 0.026563
0 0.735156 0.168750 0.010938 0.031250
0 0.750000 0.150781 0.012500 0.032813
0 0.760156 0.142187 0.010938 0.018750
0 0.785156 0.157813 0.010938 0.018750
0 0.799219 0.179688 0.010938 0.028125
0 0.814063 0.192969 0.012500 0.029688
0 0.830469 0.183594 0.010938 0.029688
0 0.817969 0.151563 0.010938 0.028125
0 0.850781 0.156250 0.010938 0.028125
0 0.856250 0.210156 0.012500 0.035938
0 0.871094 0.253906 0.014063 0.035938
0 0.867969 0.303125 0.017188 0.040625
0 0.913281 0.255469 0.014063 0.042188
0 0.927344 0.234375 0.010938 0.025000
0 0.886719 0.201563 0.014063 0.028125
0 0.880469 0.173438 0.010938 0.025000
0 0.937500 0.214063 0.012500 0.025000
0 0.939063 0.182031 0.009375 0.023438
0 0.765625 0.192188 0.015625 0.034375
