0 0.035156 0.531250 0.039062 0.112500
0 0.218750 0.307813 0.018750 0.056250
0 0.246875 0.296094 0.025000 0.057813
0 0.271875 0.259375 0.018750 0.059375
0 0.316406 0.243750 0.020313 0.053125
0 0.327344 0.209375 0.020313 0.056250
0 0.352344 0.230469 0.023438 0.057813
0 0.364844 0.214844 0.017188 0.054688
0 0.392188 0.267188 0.015625 0.046875
0 0.415625 0.257812 0.018750 0.059375
0 0.381250 0.199219 0.018750 0.048438
0 0.405469 0.195312 0.017188 0.046875
0 0.449219 0.328906 0.026563 0.060938
0 0.447656 0.189063 0.017188 0.043750
0 0.451563 0.165625 0.018750 0.040625
0 0.468750 0.166406 0.015625 0.048438
0 0.482031 0.187500 0.017188 0.043750
0 0.511719 0.205469 0.020313 0.054688
0 0.483594 0.255469 0.023438 0.064063
0 0.564063 0.225000 0.018750 0.050000
0 0.533594 0.167188 0.020313 0.050000
0 0.510156 0.147656 0.017188 0.042188
0 0.564844 0.128125 0.017188 0.040625
0 0.592969 0.125781 0.017188 0.039062
0 0.573438 0.160156 0.018750 0.048438
0 0.587500 0.210156 0.015625 0.051563
0 0.595313 0.170313 0.018750 0.046875
0 0.617969 0.189063 0.017188 0.043750
0 0.619531 0.151563 0.017188 0.043750
0 0.612500 0.115625 0.015625 0.040625
0 0.637500 0.198438 0.015625 0.056250
0 0.643750 0.118750 0.015625 0.043750
0 0.665625 0.135156 0.015625 0.048438
0 0.671094 0.176563 0.014063 0.040625
0 0.680469 0.139844 0.014063 0.039062
0 0.699219 0.129688 0.014063 0.034375
0 0.700000 0.156250 0.015625 0.046875
0 0.739063 0.156250 0.015625 0.040625
0 0.721875 0.211719 0.018750 0.054688
0 0.674219 0.260937 0.023438 0.071875
0 0.617969 0.298438 0.029688 0.075000
0 0.574219 0.362500 0.029688 0.075000
0 0.604688 0.421094 0.028125 0.070312
0 0.670313 0.452344 0.031250 0.076563
0 0.746094 0.438281 0.026563 0.092188
0 0.734375 0.283594 0.021875 0.064063
0 0.765625 0.309375 0.021875 0.068750
0 0.754688 0.231250 0.018750 0.059375
0 0.771875 0.190625 0.012500 0.043750
0 0.789844 0.207813 0.014063 0.043750
0 0.807813 0.252344 0.015625 0.054688
0 0.826563 0.308594 0.021875 0.076563
0 0.832031 0.227344 0.017188 0.045313
0 0.821094 0.189844 0.014063 0.042188
0 0.843750 0.218750 0.012500 0.046875
0 0.875781 0.235156 0.014063 0.042188
0 0.867969 0.359375 0.020313 0.068750
0 0.900781 0.419531 0.026563 0.070312
0 0.867969 0.517188 0.029688 0.090625
0 0.801563 0.478125 0.034375 0.096875
0 0.880469 0.323438 0.017188 0.062500
0 0.896875 0.285938 0.015625 0.053125
0 0.907813 0.260937 0.012500 0.043750
0 0.916406 0.237500 0.014063 0.043750
0 0.938281 0.351562 0.017188 0.062500
0 0.940625 0.282031 0.018750 0.048438
0 0.954688 0.242969 0.015625 0.042188
0 0.969531 0.492188 0.023438 0.087500
0 0.971875 0.416406 0.021875 0.073438
0 0.980469 0.383594 0.020313 0.057813
0 0.984375 0.332813 0.015625 0.056250
0 0.989844 0.265625 0.014063 0.050000
