0 0.171094 0.481250 0.035938 0.068750
0 0.267969 0.258594 0.014063 0.029688
0 0.275781 0.257812 0.017188 0.040625
0 0.297656 0.262500 0.017188 0.040625
0 0.353906 0.275781 0.020313 0.045313
0 0.380469 0.273438 0.020313 0.043750
0 0.374219 0.255469 0.020313 0.035938
0 0.384375 0.184375 0.015625 0.031250
0 0.393750 0.199219 0.015625 0.032813
0 0.411719 0.173438 0.014063 0.037500
0 0.421094 0.175781 0.017188 0.039062
0 0.450000 0.188281 0.018750 0.035938
0 0.460156 0.192188 0.017188 0.037500
0 0.473438 0.169531 0.015625 0.026563
0 0.473438 0.152344 0.012500 0.023438
0 0.446094 0.234375 0.020313 0.040625
0 0.482031 0.217969 0.020313 0.042188
0 0.489844 0.191406 0.017188 0.039062
0 0.506250 0.167188 0.015625 0.028125
0 0.500000 0.143750 0.012500 0.021875
0 0.514062 0.150000 0.018750 0.028125
0 0.528906 0.154688 0.014063 0.028125
0 0.552344 0.129688 0.014063 0.031250
0 0.560156 0.135156 0.014063 0.023438
0 0.564063 0.181250 0.015625 0.037500
0 0.530469 0.190625 0.020313 0.031250
0 0.583594 0.135938 0.014063 0.028125
0 0.596094 0.113281 0.014063 0.039062
0 0.614844 0.107813 0.014063 0.025000
0 0.635938 0.103125 0.012500 0.025000
0 0.613281 0.142187 0.014063 0.031250
0 0.639844 0.132812 0.014063 0.025000
0 0.660938 0.117969 0.012500 0.026563
0 0.692188 0.099219 0.012500 0.026563
0 0.485938 0.292969 0.025000 0.045313
0 0.532813 0.326563 0.025000 0.040625
0 0.547656 0.257031 0.017188 0.039062
0 0.617188 0.251563 0.018750 0.037500
0 0.624219 0.291406 0.020313 0.042188
0 0.688281 0.310156 0.026563 0.048438
0 0.746094 0.373438 0.032813 0.071875
0 0.796875 0.420313 0.037500 0.078125
0 0.886719 0.357813 0.032813 0.068750
0 0.915625 0.313281 0.025000 0.051563
0 0.835156 0.302344 0.020313 0.054688
0 0.761719 0.283594 0.023438 0.054688
0 0.744531 0.110938 0.014063 0.021875
0 0.766406 0.127344 0.014063 0.026563
0 0.775000 0.136719 0.015625 0.032813
0 0.743750 0.139063 0.012500 0.025000
0 0.807813 0.144531 0.015625 0.035938
0 0.832031 0.121875 0.010938 0.025000
0 0.839844 0.139063 0.014063 0.031250
0 0.855469 0.171094 0.014063 0.035938
0 0.858594 0.147656 0.010938 0.023438
0 0.861719 0.130469 0.010938 0.020313
0 0.883594 0.171875 0.014063 0.037500
0 0.892969 0.149219 0.010938 0.029688
0 0.932813 0.159375 0.012500 0.025000
0 0.919531 0.201563 0.014063 0.031250
0 0.923438 0.225000 0.015625 0.037500
0 0.910938 0.234375 0.015625 0.037500
0 0.905469 0.263281 0.014063 0.045313
0 0.878906 0.210156 0.017188 0.035938
0 0.864844 0.257031 0.017188 0.042188
0 0.823438 0.205469 0.018750 0.039062
0 0.803125 0.246875 0.021875 0.050000
0 0.782031 0.194531 0.017188 0.042188
0 0.753125 0.215625 0.018750 0.043750
0 0.738281 0.173438 0.017188 0.028125
0 0.727344 0.209375 0.020313 0.043750
0 0.713281 0.250000 0.020313 0.056250
0 0.697656 0.172656 0.020313 0.039062
0 0.675781 0.207813 0.017188 0.040625
0 0.651563 0.176563 0.018750 0.034375
0 0.624219 0.216406 0.020313 0.029688
