0 0.206250 0.419531 0.040625 0.079688
0 0.296094 0.251563 0.014063 0.031250
0 0.290625 0.247656 0.012500 0.026563
0 0.313281 0.220313 0.010938 0.021875
0 0.328125 0.278906 0.015625 0.032813
0 0.352344 0.214844 0.014063 0.029688
0 0.385938 0.251563 0.015625 0.031250
0 0.403906 0.229688 0.014063 0.034375
0 0.425781 0.266406 0.020313 0.042188
0 0.447656 0.214063 0.020313 0.037500
0 0.428125 0.184375 0.012500 0.028125
0 0.403125 0.187500 0.012500 0.025000
0 0.478125 0.217188 0.015625 0.040625
0 0.428906 0.164062 0.014063 0.021875
0 0.409375 0.174219 0.012500 0.020313
0 0.453125 0.156250 0.009375 0.025000
0 0.470313 0.160938 0.012500 0.021875
0 0.503125 0.189844 0.012500 0.029688
0 0.550781 0.191406 0.014063 0.026563
0 0.547656 0.163281 0.010938 0.023438
0 0.555469 0.145313 0.010938 0.025000
0 0.525781 0.145313 0.014063 0.025000
0 0.510938 0.145313 0.012500 0.025000
0 0.496875 0.130469 0.009375 0.020313
0 0.575000 0.161719 0.012500 0.029688
0 0.575781 0.135156 0.010938 0.023438
0 0.586719 0.143750 0.010938 0.025000
0 0.610938 0.146875 0.012500 0.028125
0 0.628125 0.132031 0.009375 0.026563
0 0.615625 0.103906 0.012500 0.026563
0 0.657813 0.120313 0.012500 0.028125
0 0.668750 0.121875 0.012500 0.028125
0 0.502344 0.294531 0.023438 0.045313
0 0.544531 0.306250 0.026563 0.046875
0 0.582031 0.241406 0.017188 0.039062
0 0.611719 0.205469 0.017188 0.039062
0 0.628906 0.235156 0.023438 0.045313
0 0.656250 0.266406 0.018750 0.039062
0 0.664844 0.213281 0.017188 0.039062
0 0.655469 0.172656 0.017188 0.029688
0 0.696875 0.189844 0.015625 0.032813
0 0.695312 0.151563 0.015625 0.037500
0 0.726562 0.150000 0.012500 0.031250
0 0.722656 0.218750 0.017188 0.043750
0 0.714844 0.283594 0.023438 0.048438
0 0.685938 0.311719 0.025000 0.054688
0 0.768750 0.331250 0.028125 0.059375
0 0.802344 0.298438 0.020313 0.046875
0 0.847656 0.316406 0.020313 0.048438
0 0.757812 0.221875 0.018750 0.037500
0 0.745313 0.192188 0.015625 0.034375
0 0.746875 0.161719 0.015625 0.029688
0 0.767969 0.132031 0.014063 0.026563
0 0.766406 0.181250 0.014063 0.028125
0 0.788281 0.158594 0.010938 0.026563
0 0.803125 0.144531 0.012500 0.023438
0 0.809375 0.178125 0.012500 0.037500
0 0.785156 0.210156 0.014063 0.032813
0 0.817969 0.225781 0.017188 0.045313
0 0.836719 0.225000 0.014063 0.028125
0 0.832031 0.162500 0.014063 0.028125
0 0.837500 0.139844 0.012500 0.029688
0 0.871875 0.146094 0.012500 0.029688
0 0.889844 0.194531 0.014063 0.029688
0 0.863281 0.236719 0.017188 0.045313
0 0.886719 0.225781 0.014063 0.039062
0 0.910156 0.246094 0.020313 0.045313
