0 0.027344 0.428906 0.048438 0.117188
0 0.094531 0.380469 0.032813 0.051563
0 0.135156 0.394531 0.064063 0.079688
0 0.207813 0.443750 0.093750 0.109375
0 0.195312 0.372656 0.034375 0.051563
0 0.217969 0.367969 0.029688 0.048438
0 0.246094 0.390625 0.060938 0.084375
0 0.305469 0.372656 0.029688 0.048438
0 0.328906 0.390625 0.045313 0.056250
0 0.396094 0.462500 0.107813 0.143750
0 0.377344 0.370313 0.029688 0.043750
0 0.400000 0.365625 0.025000 0.040625
0 0.442188 0.389844 0.040625 0.060938
0 0.478906 0.432031 0.064063 0.085938
0 0.474219 0.366406 0.026563 0.042188
0 0.514062 0.410156 0.037500 0.060938
0 0.529687 0.382812 0.028125 0.046875
0 0.569531 0.387500 0.026563 0.046875
0 0.597656 0.383594 0.029688 0.048438
0 0.622656 0.435938 0.067187 0.109375
0 0.642188 0.374219 0.028125 0.045313
0 0.680469 0.427344 0.042188 0.067187
0 0.673438 0.395313 0.031250 0.037500
0 0.694531 0.379688 0.032813 0.050000
0 0.757812 0.400000 0.046875 0.062500
0 0.787500 0.400000 0.034375 0.056250
0 0.846094 0.406250 0.035938 0.050000
0 0.972656 0.402344 0.048438 0.057813
