0 0.469531 0.154688 0.070312 0.146875
0 0.181250 0.503906 0.090625 0.135938
0 0.039062 0.477344 0.075000 0.120313
0 0.018750 0.378125 0.034375 0.090625
0 0.168750 0.352344 0.037500 0.060938
0 0.198438 0.369531 0.037500 0.064063
0 0.247656 0.417188 0.051563 0.090625
0 0.253906 0.346094 0.032813 0.045313
0 0.300781 0.341406 0.032813 0.060938
0 0.335156 0.364063 0.042188 0.059375
0 0.351562 0.412500 0.050000 0.090625
0 0.360156 0.329688 0.026563 0.053125
0 0.370313 0.310938 0.021875 0.031250
0 0.528906 0.565625 0.104688 0.200000
0 0.585156 0.471094 0.073438 0.132812
0 0.615625 0.400000 0.046875 0.093750
0 0.585156 0.335938 0.026563 0.056250
0 0.555469 0.324219 0.023438 0.064063
0 0.657813 0.360156 0.037500 0.082813
0 0.694531 0.337500 0.029688 0.059375
0 0.767969 0.498438 0.082813 0.146875
0 0.813281 0.656250 0.117188 0.237500
0 0.764063 0.412500 0.059375 0.075000
0 0.778906 0.348438 0.042188 0.059375
0 0.978906 0.360156 0.042188 0.076563
