0 0.043750 0.576562 0.084375 0.193750
0 0.019531 0.456250 0.035938 0.118750
0 0.063281 0.367969 0.029688 0.076563
0 0.115625 0.350781 0.031250 0.070312
0 0.137500 0.371094 0.037500 0.073438
0 0.195312 0.349219 0.028125 0.064063
0 0.218750 0.319531 0.031250 0.060938
0 0.241406 0.390625 0.064063 0.109375
0 0.207031 0.481250 0.060938 0.090625
0 0.315625 0.330469 0.046875 0.073438
0 0.342969 0.332813 0.029688 0.065625
0 0.363281 0.329688 0.023438 0.059375
0 0.410938 0.196094 0.025000 0.054688
0 0.472656 0.649219 0.120313 0.226562
0 0.480469 0.475000 0.079688 0.140625
0 0.479688 0.377344 0.053125 0.110938
0 0.471875 0.322656 0.040625 0.057813
0 0.600000 0.301563 0.028125 0.043750
0 0.627344 0.296875 0.032813 0.062500
0 0.653125 0.334375 0.037500 0.068750
0 0.726562 0.364063 0.059375 0.096875
0 0.726562 0.300000 0.028125 0.062500
0 0.766406 0.315625 0.035938 0.071875
0 0.846875 0.317969 0.037500 0.073438
0 0.870313 0.463281 0.068750 0.098438
0 0.985938 0.364844 0.031250 0.126562
