0 0.167969 0.210156 0.017188 0.032813
0 0.162500 0.347656 0.043750 0.089063
0 0.311719 0.183594 0.020313 0.051563
0 0.342969 0.222656 0.020313 0.042188
0 0.413281 0.228906 0.020313 0.045313
0 0.425781 0.148438 0.014063 0.034375
0 0.450000 0.146875 0.012500 0.034375
0 0.473438 0.147656 0.012500 0.032813
0 0.492188 0.165625 0.012500 0.031250
0 0.502344 0.142969 0.014063 0.029688
0 0.523438 0.178906 0.018750 0.042188
0 0.566406 0.178906 0.017188 0.042188
0 0.900000 0.212500 0.018750 0.050000
0 0.916406 0.167969 0.014063 0.032813
0 0.945312 0.227344 0.018750 0.051563
0 0.950781 0.191406 0.014063 0.035938
