0 0.207031 0.364063 0.045313 0.084375
0 0.290625 0.227344 0.018750 0.039062
0 0.312500 0.235156 0.015625 0.035938
0 0.329688 0.247656 0.018750 0.039062
0 0.352344 0.257812 0.020313 0.043750
0 0.332813 0.191406 0.012500 0.035938
0 0.354688 0.200000 0.015625 0.034375
0 0.396094 0.196875 0.017188 0.040625
0 0.416406 0.251563 0.026563 0.043750
0 0.420313 0.209375 0.018750 0.034375
0 0.424219 0.178125 0.017188 0.031250
0 0.423438 0.153906 0.015625 0.032813
0 0.447656 0.210156 0.017188 0.035938
0 0.454688 0.217969 0.018750 0.039062
0 0.479688 0.241406 0.021875 0.042188
0 0.457813 0.178906 0.015625 0.032813
0 0.464063 0.159375 0.015625 0.025000
0 0.489844 0.185156 0.017188 0.035938
0 0.478125 0.142969 0.012500 0.020313
0 0.494531 0.139844 0.014063 0.026563
0 0.503906 0.160156 0.017188 0.029688
0 0.512500 0.134375 0.012500 0.031250
0 0.526563 0.145313 0.012500 0.028125
0 0.532813 0.135938 0.012500 0.025000
0 0.551563 0.147656 0.012500 0.023438
0 0.528125 0.185156 0.018750 0.039062
0 0.542188 0.177344 0.012500 0.032813
0 0.560937 0.190625 0.015625 0.037500
0 0.589844 0.182813 0.017188 0.034375
0 0.600000 0.142969 0.012500 0.023438
0 0.587500 0.131250 0.009375 0.025000
0 0.596094 0.117188 0.010938 0.021875
0 0.614063 0.115625 0.012500 0.025000
0 0.626563 0.142969 0.012500 0.023438
0 0.624219 0.160156 0.014063 0.029688
0 0.646875 0.121094 0.012500 0.023438
0 0.660938 0.140625 0.015625 0.034375
0 0.661719 0.122656 0.010938 0.020313
0 0.670313 0.109375 0.012500 0.028125
0 0.696875 0.122656 0.012500 0.032813
0 0.721094 0.121875 0.010938 0.025000
0 0.684375 0.134375 0.009375 0.025000
0 0.496875 0.295313 0.031250 0.065625
0 0.557813 0.317969 0.028125 0.060938
0 0.594531 0.253125 0.023438 0.050000
0 0.634375 0.225000 0.028125 0.046875
0 0.648438 0.245313 0.021875 0.050000
0 0.684375 0.193750 0.015625 0.043750
0 0.678125 0.289844 0.028125 0.054688
0 0.606250 0.342188 0.037500 0.078125
0 0.707813 0.164844 0.018750 0.032813
0 0.714844 0.196094 0.017188 0.035938
0 0.738281 0.234375 0.020313 0.050000
0 0.742969 0.297656 0.026563 0.051563
0 0.691406 0.369531 0.035938 0.070312
0 0.753906 0.413281 0.032813 0.079688
0 0.781250 0.321094 0.025000 0.054688
0 0.787500 0.251563 0.021875 0.050000
0 0.757031 0.207813 0.017188 0.028125
0 0.759375 0.187500 0.015625 0.025000
0 0.757812 0.143750 0.015625 0.034375
0 0.798438 0.181250 0.018750 0.040625
0 0.802344 0.150000 0.014063 0.034375
0 0.810156 0.237500 0.017188 0.046875
0 0.833594 0.260937 0.023438 0.050000
0 0.831250 0.401563 0.034375 0.075000
0 0.839063 0.360938 0.025000 0.050000
0 0.881250 0.261719 0.021875 0.054688
0 0.897656 0.231250 0.023438 0.043750
0 0.921875 0.352344 0.028125 0.067187
0 0.904688 0.429688 0.037500 0.078125
0 0.929688 0.297656 0.021875 0.048438
0 0.942188 0.221875 0.018750 0.050000
