0 0.189063 0.578125 0.100000 0.134375
0 0.241406 0.621094 0.101562 0.126562
0 0.348438 0.496875 0.062500 0.093750
0 0.441406 0.406250 0.070312 0.100000
0 0.248438 0.425781 0.037500 0.051563
0 0.232031 0.376563 0.026563 0.037500
0 0.187500 0.357031 0.034375 0.051563
0 0.161719 0.357813 0.023438 0.040625
0 0.143750 0.360938 0.028125 0.031250
0 0.058594 0.362500 0.048438 0.056250
0 0.612500 0.647656 0.096875 0.157813
0 0.811719 0.610938 0.110938 0.181250
0 0.746094 0.530469 0.064063 0.092188
0 0.587500 0.493750 0.056250 0.093750
0 0.522656 0.367969 0.039062 0.067187
0 0.492188 0.360938 0.025000 0.043750
0 0.542188 0.368750 0.025000 0.046875
0 0.607813 0.377344 0.034375 0.057813
0 0.645313 0.381250 0.025000 0.046875
0 0.675000 0.352344 0.031250 0.060938
0 0.725781 0.360938 0.042188 0.062500
