0 0.139844 0.538281 0.035938 0.054688
0 0.210156 0.527344 0.035938 0.051563
0 0.243750 0.517188 0.028125 0.040625
0 0.289844 0.511719 0.026563 0.032813
0 0.331250 0.495313 0.025000 0.031250
0 0.362500 0.458594 0.021875 0.032813
0 0.491406 0.468750 0.020313 0.031250
0 0.548438 0.464844 0.021875 0.032813
0 0.624219 0.762500 0.079688 0.121875
0 0.664844 0.671875 0.060938 0.087500
0 0.681250 0.635938 0.062500 0.081250
0 0.714844 0.598438 0.045313 0.059375
0 0.692188 0.575781 0.040625 0.054688
0 0.724219 0.535938 0.029688 0.046875
0 0.702344 0.516406 0.026563 0.042188
