0 0.023438 0.475781 0.021875 0.051563
0 0.046094 0.483594 0.032813 0.060938
0 0.082031 0.495313 0.035938 0.059375
0 0.116406 0.513281 0.039062 0.064063
0 0.156250 0.524219 0.050000 0.092188
0 0.209375 0.545312 0.050000 0.096875
0 0.253906 0.485938 0.035938 0.056250
0 0.317188 0.595313 0.071875 0.125000
0 0.291406 0.441406 0.020313 0.048438
0 0.337500 0.443750 0.031250 0.053125
0 0.353906 0.415625 0.017188 0.043750
0 0.366406 0.471875 0.032813 0.068750
0 0.396094 0.467188 0.029688 0.075000
0 0.402344 0.420313 0.023438 0.043750
0 0.443750 0.407813 0.018750 0.028125
0 0.473438 0.449219 0.028125 0.064063
0 0.470313 0.416406 0.015625 0.035938
0 0.500000 0.415625 0.018750 0.043750
0 0.549219 0.420313 0.020313 0.043750
0 0.521094 0.495313 0.032813 0.068750
0 0.572656 0.494531 0.048438 0.079688
0 0.604688 0.445312 0.031250 0.071875
0 0.630469 0.438281 0.020313 0.064063
0 0.646875 0.429688 0.025000 0.046875
0 0.696094 0.467188 0.029688 0.075000
0 0.767188 0.434375 0.028125 0.056250
0 0.742188 0.655469 0.100000 0.210938
0 0.878125 0.573438 0.071875 0.143750
0 0.846875 0.415625 0.028125 0.059375
0 0.985938 0.403906 0.028125 0.060938
