0 0.079688 0.301563 0.025000 0.050000
0 0.318750 0.233594 0.018750 0.048438
0 0.338281 0.185156 0.020313 0.039062
0 0.357031 0.203906 0.017188 0.032813
0 0.418750 0.200781 0.018750 0.035938
0 0.424219 0.175781 0.014063 0.039062
0 0.454688 0.204688 0.018750 0.040625
0 0.446875 0.153906 0.015625 0.032813
0 0.478906 0.185156 0.017188 0.039062
0 0.485938 0.225000 0.021875 0.050000
0 0.470313 0.151563 0.012500 0.028125
0 0.474219 0.129688 0.014063 0.034375
0 0.489844 0.158594 0.014063 0.029688
0 0.515625 0.161719 0.015625 0.042188
0 0.506250 0.142969 0.015625 0.026563
0 0.517188 0.113281 0.015625 0.026563
0 0.529687 0.128906 0.015625 0.026563
0 0.538281 0.148438 0.014063 0.031250
0 0.550000 0.167188 0.012500 0.034375
0 0.553125 0.188281 0.018750 0.032813
0 0.554688 0.118750 0.012500 0.025000
0 0.562500 0.144531 0.012500 0.029688
0 0.587500 0.163281 0.018750 0.039062
0 0.601562 0.139063 0.012500 0.028125
0 0.594531 0.110156 0.014063 0.029688
0 0.607813 0.119531 0.012500 0.026563
0 0.610156 0.102344 0.010938 0.029688
0 0.632031 0.144531 0.014063 0.029688
0 0.632812 0.116406 0.015625 0.026563
0 0.646875 0.108594 0.012500 0.029688
0 0.650781 0.142969 0.010938 0.026563
0 0.659375 0.132031 0.012500 0.023438
0 0.667188 0.113281 0.012500 0.023438
0 0.689844 0.122656 0.014063 0.026563
0 0.578125 0.253125 0.025000 0.053125
0 0.513281 0.290625 0.026563 0.059375
0 0.592969 0.306250 0.029688 0.068750
0 0.582813 0.286719 0.021875 0.048438
0 0.631250 0.257031 0.025000 0.054688
0 0.626563 0.205469 0.025000 0.045313
0 0.675781 0.214063 0.020313 0.053125
0 0.664062 0.325781 0.034375 0.060938
0 0.658594 0.285156 0.026563 0.045313
0 0.725000 0.229688 0.021875 0.050000
0 0.706250 0.201563 0.021875 0.053125
0 0.675000 0.178125 0.018750 0.046875
0 0.712500 0.161719 0.015625 0.035938
0 0.751563 0.126562 0.018750 0.040625
0 0.739063 0.175000 0.018750 0.043750
0 0.767188 0.149219 0.015625 0.035938
0 0.770313 0.122656 0.012500 0.029688
0 0.782813 0.141406 0.015625 0.035938
0 0.777344 0.184375 0.017188 0.037500
0 0.789844 0.210938 0.020313 0.050000
0 0.806250 0.162500 0.012500 0.034375
0 0.816406 0.194531 0.017188 0.042188
0 0.829688 0.181250 0.015625 0.034375
0 0.843750 0.158594 0.015625 0.032813
0 0.849219 0.185156 0.017188 0.032813
0 0.846094 0.214844 0.017188 0.042188
0 0.801563 0.284375 0.025000 0.059375
0 0.812500 0.259375 0.025000 0.046875
0 0.831250 0.306250 0.028125 0.059375
0 0.819531 0.368750 0.039062 0.078125
0 0.685938 0.374219 0.040625 0.079688
0 0.900781 0.432031 0.039062 0.092188
0 0.914062 0.332813 0.028125 0.071875
0 0.875000 0.256250 0.025000 0.050000
0 0.886719 0.223438 0.020313 0.046875
0 0.869531 0.185156 0.017188 0.042188
0 0.876563 0.160938 0.012500 0.031250
0 0.883594 0.150781 0.014063 0.029688
0 0.900781 0.160938 0.014063 0.031250
0 0.912500 0.165625 0.012500 0.028125
0 0.914062 0.242188 0.021875 0.040625
0 0.930469 0.282813 0.023438 0.050000
0 0.932813 0.234375 0.015625 0.031250
0 0.946094 0.216406 0.014063 0.029688
0 0.942969 0.174219 0.020313 0.042188
