0 0.069531 0.535156 0.048438 0.104688
0 0.264844 0.222656 0.020313 0.035938
0 0.317969 0.207813 0.017188 0.034375
0 0.320312 0.182813 0.018750 0.040625
0 0.344531 0.200781 0.017188 0.045313
0 0.363281 0.189063 0.020313 0.037500
0 0.375000 0.170313 0.015625 0.034375
0 0.417969 0.159375 0.017188 0.043750
0 0.404688 0.207031 0.015625 0.039062
0 0.372656 0.236719 0.026563 0.048438
0 0.442969 0.267188 0.023438 0.046875
0 0.437500 0.177344 0.018750 0.042188
0 0.460938 0.150000 0.018750 0.031250
0 0.477344 0.130469 0.014063 0.026563
0 0.485156 0.146094 0.017188 0.032813
0 0.505469 0.132031 0.014063 0.026563
0 0.502344 0.182813 0.017188 0.037500
0 0.482813 0.204688 0.018750 0.040625
0 0.534375 0.192188 0.018750 0.034375
0 0.538281 0.140625 0.020313 0.037500
0 0.560937 0.140625 0.015625 0.034375
0 0.563281 0.114063 0.017188 0.031250
0 0.582813 0.123438 0.018750 0.031250
0 0.600781 0.113281 0.017188 0.029688
0 0.613281 0.153906 0.010938 0.032813
0 0.598438 0.171875 0.015625 0.034375
0 0.621875 0.171094 0.015625 0.035938
0 0.621875 0.135938 0.018750 0.034375
0 0.637500 0.108594 0.015625 0.039062
0 0.654688 0.117969 0.012500 0.032813
0 0.656250 0.161719 0.012500 0.032813
0 0.657813 0.221875 0.018750 0.053125
0 0.617969 0.250781 0.026563 0.042188
0 0.568750 0.304688 0.021875 0.059375
0 0.609375 0.325000 0.025000 0.056250
0 0.664062 0.350781 0.028125 0.054688
0 0.673438 0.121094 0.012500 0.032813
0 0.688281 0.135938 0.017188 0.034375
0 0.719531 0.134375 0.014063 0.037500
0 0.716406 0.185156 0.017188 0.032813
0 0.718750 0.235938 0.018750 0.053125
0 0.743750 0.175000 0.018750 0.037500
0 0.763281 0.171094 0.017188 0.035938
0 0.782813 0.149219 0.015625 0.029688
0 0.782813 0.181250 0.015625 0.040625
0 0.747656 0.207813 0.020313 0.043750
0 0.768750 0.246875 0.018750 0.043750
0 0.724219 0.363281 0.026563 0.064063
0 0.810938 0.171094 0.018750 0.035938
0 0.834375 0.189063 0.015625 0.037500
0 0.817969 0.207813 0.017188 0.043750
0 0.801563 0.224219 0.018750 0.048438
0 0.819531 0.263281 0.020313 0.054688
0 0.803125 0.398438 0.028125 0.075000
0 0.857813 0.457031 0.028125 0.070312
0 0.867969 0.316406 0.020313 0.051563
0 0.893750 0.360938 0.021875 0.059375
0 0.875781 0.200000 0.014063 0.037500
0 0.870313 0.214844 0.015625 0.035938
0 0.891406 0.250781 0.017188 0.045313
0 0.908594 0.214844 0.014063 0.035938
0 0.910938 0.196875 0.015625 0.037500
0 0.946875 0.205469 0.012500 0.035938
0 0.938281 0.232813 0.014063 0.037500
0 0.925000 0.296875 0.018750 0.056250
0 0.946094 0.334375 0.020313 0.059375
0 0.981250 0.226562 0.012500 0.028125
0 0.977344 0.257031 0.010938 0.035938
0 0.978125 0.282813 0.012500 0.037500
0 0.980469 0.319531 0.014063 0.045313
0 0.955469 0.407813 0.020313 0.062500
