0 0.967188 0.187500 0.015625 0.043750
0 0.750000 0.124219 0.015625 0.035938
0 0.602344 0.073438 0.014063 0.037500
0 0.564844 0.156250 0.014063 0.034375
0 0.537500 0.156250 0.012500 0.025000
0 0.509375 0.157031 0.015625 0.026563
0 0.485938 0.151563 0.012500 0.021875
0 0.497656 0.078906 0.010938 0.026563
0 0.482031 0.195312 0.023438 0.053125
0 0.435156 0.135938 0.010938 0.028125
0 0.421094 0.171094 0.014063 0.032813
0 0.446875 0.180469 0.015625 0.032813
0 0.383594 0.111719 0.010938 0.032813
0 0.360156 0.177344 0.017188 0.045313
0 0.322656 0.207031 0.023438 0.051563
0 0.250000 0.245313 0.021875 0.050000
0 0.309375 0.228906 0.015625 0.035938
0 0.230469 0.235938 0.017188 0.037500
0 0.153906 0.236719 0.017188 0.039062
0 0.201563 0.480469 0.040625 0.092188
0 0.285156 0.474219 0.042188 0.101562
