0 0.280469 0.191406 0.020313 0.035938
0 0.306250 0.191406 0.018750 0.032813
0 0.303125 0.220313 0.018750 0.037500
0 0.332031 0.303906 0.035938 0.070312
0 0.521094 0.166406 0.020313 0.051563
0 0.573438 0.134375 0.025000 0.043750
0 0.582813 0.299219 0.040625 0.085938
0 0.660156 0.253125 0.029688 0.059375
0 0.646875 0.250781 0.021875 0.057813
0 0.618750 0.150781 0.021875 0.045313
0 0.632031 0.127344 0.017188 0.035938
0 0.696875 0.217188 0.028125 0.050000
0 0.758594 0.281250 0.023438 0.050000
0 0.752344 0.239063 0.020313 0.040625
