0 0.071875 0.646875 0.121875 0.209375
0 0.164062 0.823438 0.140625 0.262500
0 0.049219 0.511719 0.073438 0.132812
0 0.211719 0.436719 0.045313 0.079688
0 0.257812 0.427344 0.050000 0.104688
0 0.290625 0.475000 0.043750 0.090625
0 0.350000 0.491406 0.062500 0.110938
0 0.434375 0.414844 0.046875 0.098438
0 0.575000 0.328906 0.065625 0.167188
0 0.607813 0.605469 0.071875 0.129688
0 0.741406 0.669531 0.082813 0.182813
0 0.791406 0.511719 0.070312 0.151563
0 0.894531 0.594531 0.082813 0.142187
0 0.898438 0.760938 0.115625 0.240625
