0 0.205469 0.264844 0.020313 0.048438
0 0.362500 0.288281 0.025000 0.048438
0 0.358594 0.248438 0.020313 0.046875
0 0.339844 0.241406 0.017188 0.032813
0 0.343750 0.214063 0.018750 0.028125
0 0.360938 0.200781 0.015625 0.035938
0 0.395313 0.220313 0.021875 0.034375
0 0.399219 0.282813 0.026563 0.053125
0 0.404688 0.196875 0.015625 0.031250
0 0.392188 0.189063 0.015625 0.031250
0 0.436719 0.185938 0.017188 0.040625
0 0.454688 0.203125 0.018750 0.031250
0 0.464063 0.235156 0.025000 0.054688
0 0.484375 0.197656 0.018750 0.042188
0 0.473438 0.186719 0.015625 0.029688
0 0.487500 0.301563 0.028125 0.050000
0 0.571094 0.143750 0.014063 0.025000
0 0.603125 0.200000 0.018750 0.037500
0 0.613281 0.249219 0.023438 0.042188
0 0.659375 0.198438 0.021875 0.040625
0 0.676563 0.160938 0.018750 0.034375
0 0.725781 0.182031 0.020313 0.039062
0 0.756250 0.176563 0.018750 0.037500
0 0.667188 0.264844 0.025000 0.048438
0 0.725781 0.263281 0.026563 0.051563
0 0.762500 0.267188 0.025000 0.056250
0 0.755469 0.230469 0.023438 0.045313
0 0.839844 0.289062 0.026563 0.059375
0 0.910156 0.231250 0.020313 0.050000
