0 0.360938 0.251563 0.025000 0.034375
0 0.310156 0.520313 0.070312 0.100000
0 0.290625 0.435156 0.046875 0.067187
0 0.289062 0.378906 0.028125 0.042188
0 0.222656 0.353906 0.023438 0.029688
0 0.179688 0.293750 0.025000 0.031250
0 0.199219 0.367188 0.032813 0.037500
0 0.166406 0.403906 0.042188 0.057813
0 0.135156 0.433594 0.051563 0.064063
0 0.092188 0.496875 0.075000 0.093750
0 0.526563 0.485156 0.065625 0.085938
0 0.421875 0.414062 0.046875 0.056250
0 0.358594 0.360156 0.020313 0.032813
0 0.346875 0.344531 0.025000 0.032813
0 0.459375 0.353906 0.021875 0.029688
0 0.489063 0.375781 0.028125 0.032813
0 0.517969 0.363281 0.026563 0.042188
0 0.589844 0.382812 0.039062 0.050000
0 0.662500 0.395313 0.050000 0.053125
0 0.683594 0.356250 0.026563 0.037500
0 0.646875 0.356250 0.021875 0.025000
0 0.629688 0.367188 0.025000 0.028125
0 0.747656 0.415625 0.039062 0.046875
0 0.743750 0.384375 0.028125 0.031250
0 0.761719 0.349219 0.020313 0.029688
0 0.789062 0.475781 0.062500 0.085938
0 0.855469 0.411719 0.039062 0.060938
0 0.828906 0.371094 0.023438 0.035938
0 0.818750 0.351562 0.021875 0.034375
0 0.842188 0.359375 0.018750 0.031250
0 0.880469 0.364844 0.029688 0.042188
0 0.938281 0.442188 0.070312 0.084375
0 0.956250 0.399219 0.040625 0.064063
0 0.976562 0.367188 0.037500 0.056250
