0 0.053906 0.403906 0.039062 0.073438
0 0.258594 0.282031 0.023438 0.039062
0 0.289844 0.263281 0.020313 0.032813
0 0.303906 0.259375 0.020313 0.046875
0 0.314063 0.280469 0.015625 0.029688
0 0.321875 0.222656 0.018750 0.039062
0 0.350000 0.217969 0.015625 0.039062
0 0.367188 0.225781 0.015625 0.029688
0 0.368750 0.209375 0.015625 0.028125
0 0.376563 0.258594 0.018750 0.039062
0 0.382812 0.200000 0.018750 0.037500
0 0.413281 0.224219 0.017188 0.039062
0 0.434375 0.264844 0.021875 0.045313
0 0.443750 0.221094 0.018750 0.042188
0 0.441406 0.191406 0.017188 0.035938
0 0.420313 0.185938 0.015625 0.028125
0 0.415625 0.168750 0.015625 0.028125
0 0.447656 0.150781 0.014063 0.026563
0 0.454688 0.166406 0.012500 0.026563
0 0.467969 0.192969 0.014063 0.029688
0 0.477344 0.161719 0.014063 0.029688
0 0.472656 0.142969 0.010938 0.020313
0 0.485938 0.135156 0.012500 0.029688
0 0.506250 0.161719 0.015625 0.035938
0 0.498438 0.189844 0.018750 0.035938
0 0.506250 0.221875 0.028125 0.043750
0 0.534375 0.203125 0.021875 0.037500
0 0.517969 0.131250 0.014063 0.034375
0 0.533594 0.137500 0.017188 0.031250
0 0.557813 0.110156 0.015625 0.029688
0 0.553125 0.153125 0.018750 0.037500
0 0.569531 0.164844 0.017188 0.039062
0 0.582813 0.148438 0.015625 0.034375
0 0.587500 0.121875 0.012500 0.028125
0 0.597656 0.099219 0.014063 0.026563
0 0.617969 0.102344 0.010938 0.032813
0 0.621875 0.139063 0.015625 0.034375
0 0.639844 0.117188 0.014063 0.028125
0 0.650781 0.094531 0.014063 0.032813
0 0.677344 0.110938 0.014063 0.028125
0 0.699219 0.098438 0.014063 0.037500
0 0.493750 0.284375 0.025000 0.053125
0 0.532813 0.310156 0.031250 0.060938
0 0.563281 0.234375 0.023438 0.040625
0 0.607031 0.253906 0.029688 0.048438
0 0.608594 0.327344 0.032813 0.060938
0 0.680469 0.328125 0.032813 0.056250
0 0.660156 0.256250 0.023438 0.046875
0 0.655469 0.203125 0.020313 0.043750
0 0.627344 0.185156 0.020313 0.042188
0 0.662500 0.165625 0.015625 0.037500
0 0.685938 0.137500 0.015625 0.034375
0 0.704688 0.137500 0.018750 0.037500
0 0.697656 0.178906 0.017188 0.035938
0 0.696094 0.222656 0.023438 0.048438
0 0.725000 0.294531 0.034375 0.057813
0 0.757031 0.219531 0.023438 0.048438
0 0.741406 0.180469 0.017188 0.045313
0 0.726562 0.150000 0.018750 0.037500
0 0.733594 0.124219 0.017188 0.026563
0 0.744531 0.139844 0.014063 0.029688
0 0.750781 0.105469 0.010938 0.026563
0 0.769531 0.129688 0.017188 0.037500
0 0.780469 0.110938 0.014063 0.031250
0 0.796875 0.125781 0.012500 0.029688
0 0.795313 0.176563 0.018750 0.040625
0 0.814063 0.162500 0.015625 0.031250
0 0.816406 0.125000 0.014063 0.028125
0 0.828125 0.139063 0.015625 0.031250
0 0.844531 0.188281 0.020313 0.042188
0 0.858594 0.156250 0.020313 0.043750
0 0.866406 0.121094 0.017188 0.032813
0 0.891406 0.124219 0.014063 0.035938
0 0.889063 0.160156 0.012500 0.032813
0 0.887500 0.192969 0.018750 0.045313
0 0.866406 0.210938 0.017188 0.037500
0 0.809375 0.248438 0.021875 0.053125
0 0.784375 0.293750 0.025000 0.059375
0 0.917188 0.276562 0.021875 0.050000
0 0.921875 0.197656 0.018750 0.039062
0 0.927344 0.169531 0.014063 0.026563
0 0.928125 0.153125 0.009375 0.028125
0 0.754688 0.165625 0.015625 0.037500
