0 0.179688 0.301563 0.021875 0.043750
0 0.242969 0.252344 0.026563 0.054688
0 0.255469 0.270313 0.023438 0.040625
0 0.296875 0.229688 0.025000 0.050000
0 0.321094 0.236719 0.026563 0.054688
0 0.339844 0.229688 0.026563 0.059375
0 0.365625 0.219531 0.018750 0.042188
0 0.323438 0.326563 0.043750 0.090625
0 0.436719 0.203906 0.026563 0.051563
0 0.446094 0.223438 0.023438 0.046875
0 0.464844 0.239844 0.026563 0.067187
0 0.506250 0.263281 0.034375 0.079688
0 0.547656 0.276562 0.032813 0.078125
0 0.615625 0.303125 0.046875 0.078125
