0 0.043750 0.262500 0.059375 0.109375
0 0.101562 0.335938 0.059375 0.115625
0 0.165625 0.329688 0.043750 0.096875
0 0.221875 0.351562 0.062500 0.112500
0 0.191406 0.275000 0.035938 0.062500
0 0.267188 0.269531 0.053125 0.079688
0 0.310938 0.306250 0.056250 0.093750
0 0.326563 0.233594 0.034375 0.057813
0 0.384375 0.224219 0.034375 0.060938
0 0.397656 0.320312 0.051563 0.087500
0 0.417969 0.296875 0.035938 0.075000
0 0.447656 0.280469 0.032813 0.073438
0 0.471875 0.253125 0.043750 0.075000
0 0.506250 0.324219 0.050000 0.101562
0 0.557813 0.310156 0.043750 0.079688
0 0.532031 0.273438 0.032813 0.065625
0 0.601562 0.204688 0.037500 0.065625
0 0.610156 0.331250 0.045313 0.093750
0 0.641406 0.325781 0.035938 0.076563
0 0.679688 0.311719 0.046875 0.076563
0 0.671094 0.269531 0.032813 0.057813
0 0.725781 0.312500 0.054688 0.112500
0 0.746094 0.247656 0.032813 0.057813
0 0.779688 0.316406 0.040625 0.073438
0 0.800000 0.394531 0.065625 0.120313
0 0.828906 0.275000 0.060938 0.096875
0 0.876563 0.370313 0.062500 0.112500
0 0.903125 0.289844 0.053125 0.082813
0 0.968750 0.357031 0.059375 0.145313
