0 0.077344 0.274219 0.023438 0.051563
0 0.278125 0.219531 0.015625 0.035938
0 0.311719 0.218750 0.017188 0.034375
0 0.328125 0.180469 0.015625 0.039062
0 0.330469 0.221875 0.017188 0.034375
0 0.350781 0.190625 0.017188 0.028125
0 0.348438 0.221875 0.018750 0.037500
0 0.372656 0.191406 0.014063 0.029688
0 0.370313 0.234375 0.018750 0.040625
0 0.378906 0.164062 0.014063 0.025000
0 0.392969 0.194531 0.017188 0.035938
0 0.399219 0.164062 0.014063 0.040625
0 0.421094 0.150781 0.014063 0.026563
0 0.439063 0.158594 0.012500 0.029688
0 0.417969 0.192969 0.017188 0.032813
0 0.403125 0.232031 0.018750 0.042188
0 0.439844 0.244531 0.020313 0.042188
0 0.445312 0.189063 0.015625 0.031250
0 0.457031 0.203125 0.017188 0.043750
0 0.478906 0.145313 0.010938 0.031250
0 0.485938 0.132812 0.012500 0.025000
0 0.490625 0.151563 0.012500 0.031250
0 0.498438 0.125000 0.012500 0.031250
0 0.506250 0.145313 0.015625 0.034375
0 0.497656 0.175781 0.014063 0.035938
0 0.522656 0.171094 0.014063 0.029688
0 0.517969 0.127344 0.014063 0.023438
0 0.533594 0.151563 0.014063 0.031250
0 0.547656 0.114844 0.014063 0.029688
0 0.547656 0.130469 0.014063 0.029688
0 0.560156 0.151563 0.017188 0.031250
0 0.555469 0.182031 0.017188 0.039062
0 0.571094 0.132812 0.014063 0.031250
0 0.592969 0.146875 0.014063 0.028125
0 0.603125 0.154688 0.012500 0.031250
0 0.589063 0.132812 0.015625 0.025000
0 0.602344 0.117188 0.007812 0.021875
0 0.610156 0.121875 0.014063 0.034375
0 0.620313 0.125000 0.012500 0.031250
0 0.636719 0.111719 0.010938 0.026563
0 0.653125 0.103906 0.009375 0.023438
0 0.662500 0.115625 0.012500 0.031250
0 0.681250 0.105469 0.012500 0.029688
0 0.702344 0.107031 0.014063 0.029688
0 0.677344 0.128906 0.014063 0.029688
0 0.638281 0.150000 0.014063 0.031250
0 0.757031 0.129688 0.014063 0.034375
0 0.778125 0.124219 0.012500 0.017188
0 0.784375 0.136719 0.012500 0.023438
0 0.800781 0.132812 0.014063 0.021875
0 0.820312 0.141406 0.012500 0.029688
0 0.835938 0.152344 0.015625 0.029688
0 0.850781 0.150000 0.010938 0.025000
0 0.871094 0.163281 0.014063 0.035938
0 0.907813 0.145313 0.012500 0.034375
0 0.942969 0.185938 0.014063 0.025000
0 0.943750 0.236719 0.015625 0.035938
0 0.919531 0.255469 0.017188 0.039062
0 0.910156 0.314063 0.026563 0.062500
0 0.884375 0.225781 0.018750 0.045313
0 0.895313 0.202344 0.015625 0.042188
0 0.827344 0.169531 0.014063 0.035938
0 0.792188 0.163281 0.012500 0.026563
0 0.730469 0.142187 0.014063 0.031250
0 0.734375 0.167969 0.015625 0.035938
0 0.714063 0.185156 0.015625 0.042188
0 0.661719 0.180469 0.014063 0.035938
0 0.618750 0.203125 0.018750 0.043750
0 0.589063 0.225000 0.018750 0.040625
0 0.636719 0.248438 0.026563 0.050000
0 0.678906 0.219531 0.017188 0.039062
0 0.686719 0.255469 0.020313 0.048438
0 0.692188 0.309375 0.031250 0.065625
0 0.745313 0.381250 0.031250 0.062500
0 0.790625 0.288281 0.021875 0.057813
0 0.767969 0.241406 0.020313 0.048438
0 0.730469 0.232031 0.020313 0.045313
0 0.751563 0.192969 0.015625 0.035938
0 0.795313 0.200781 0.018750 0.035938
0 0.817969 0.198438 0.017188 0.028125
0 0.837500 0.213281 0.018750 0.039062
0 0.852344 0.211719 0.014063 0.032813
0 0.863281 0.178125 0.014063 0.037500
0 0.825000 0.260156 0.021875 0.051563
