0 0.037500 0.521094 0.046875 0.079688
0 0.162500 0.537500 0.040625 0.068750
0 0.236719 0.556250 0.051563 0.078125
0 0.342969 0.578125 0.064063 0.100000
0 0.353906 0.521094 0.039062 0.060938
0 0.541406 0.689844 0.054688 0.079688
0 0.460938 0.532813 0.040625 0.068750
0 0.436719 0.524219 0.035938 0.051563
0 0.521094 0.527344 0.039062 0.073438
0 0.643750 0.681250 0.096875 0.181250
0 0.764063 0.649219 0.081250 0.167188
0 0.683594 0.544531 0.032813 0.073438
0 0.730469 0.538281 0.026563 0.051563
0 0.977344 0.575000 0.042188 0.090625
0 0.660938 0.524219 0.034375 0.051563
