0 0.180469 0.493750 0.035938 0.056250
0 0.166406 0.458594 0.029688 0.039062
0 0.129688 0.460156 0.028125 0.042188
0 0.147656 0.386719 0.023438 0.032813
0 0.184375 0.392969 0.018750 0.035938
0 0.190625 0.350781 0.018750 0.029688
0 0.225781 0.435156 0.023438 0.035938
0 0.236719 0.460156 0.026563 0.048438
0 0.242969 0.379688 0.014063 0.028125
0 0.275781 0.439844 0.020313 0.032813
0 0.266406 0.492969 0.026563 0.042188
0 0.273438 0.528906 0.040625 0.067187
0 0.278125 0.392969 0.015625 0.029688
0 0.308594 0.430469 0.017188 0.026563
0 0.339844 0.497656 0.023438 0.045313
0 0.397656 0.515625 0.039062 0.075000
0 0.421094 0.495313 0.029688 0.059375
0 0.374219 0.460156 0.020313 0.035938
0 0.352344 0.439844 0.017188 0.032813
0 0.335938 0.385938 0.015625 0.028125
0 0.365625 0.386719 0.012500 0.023438
0 0.387500 0.412500 0.015625 0.028125
0 0.400000 0.433594 0.015625 0.026563
0 0.403906 0.399219 0.010938 0.023438
0 0.422656 0.420313 0.014063 0.025000
0 0.438281 0.435156 0.014063 0.023438
0 0.432813 0.460156 0.021875 0.035938
0 0.470313 0.471094 0.021875 0.035938
0 0.482813 0.507031 0.025000 0.051563
0 0.478906 0.441406 0.017188 0.029688
0 0.457031 0.417188 0.014063 0.025000
0 0.426563 0.396094 0.015625 0.017188
0 0.471875 0.388281 0.015625 0.026563
0 0.507812 0.415625 0.015625 0.028125
0 0.499219 0.386719 0.014063 0.029688
0 0.513281 0.384375 0.010938 0.018750
0 0.512500 0.444531 0.018750 0.023438
0 0.520313 0.467969 0.021875 0.039062
0 0.549219 0.496094 0.029688 0.048438
0 0.522656 0.525781 0.039062 0.073438
0 0.538281 0.420313 0.014063 0.031250
0 0.528906 0.397656 0.014063 0.026563
0 0.549219 0.394531 0.010938 0.026563
0 0.562500 0.433594 0.015625 0.032813
0 0.568750 0.474219 0.018750 0.042188
0 0.599219 0.495313 0.029688 0.053125
0 0.583594 0.424219 0.014063 0.035938
0 0.573438 0.402344 0.012500 0.029688
0 0.587500 0.396094 0.012500 0.023438
0 0.605469 0.405469 0.010938 0.023438
0 0.602344 0.444531 0.014063 0.029688
0 0.622656 0.461719 0.017188 0.032813
0 0.641406 0.522656 0.035938 0.073438
0 0.617188 0.422656 0.015625 0.032813
0 0.635938 0.399219 0.012500 0.023438
0 0.665625 0.385938 0.015625 0.028125
0 0.667188 0.426563 0.015625 0.031250
0 0.652344 0.444531 0.017188 0.029688
0 0.675000 0.469531 0.021875 0.035938
0 0.662500 0.505469 0.021875 0.042188
0 0.699219 0.507031 0.023438 0.051563
0 0.698438 0.452344 0.018750 0.032813
0 0.711719 0.430469 0.014063 0.020313
0 0.705469 0.384375 0.014063 0.025000
0 0.741406 0.386719 0.014063 0.023438
0 0.729688 0.457031 0.021875 0.035938
0 0.742969 0.428906 0.014063 0.032813
0 0.756250 0.442969 0.018750 0.032813
0 0.737500 0.502344 0.025000 0.048438
0 0.788281 0.511719 0.026563 0.051563
0 0.800781 0.542188 0.042188 0.075000
0 0.787500 0.477344 0.025000 0.042188
0 0.802344 0.453125 0.020313 0.031250
0 0.798438 0.426563 0.015625 0.031250
0 0.788281 0.392969 0.014063 0.023438
0 0.831250 0.385938 0.021875 0.028125
0 0.842188 0.450781 0.018750 0.035938
0 0.856250 0.421875 0.018750 0.028125
0 0.869531 0.383594 0.020313 0.032813
0 0.875781 0.446094 0.020313 0.039062
0 0.864844 0.478906 0.029688 0.039062
0 0.844531 0.519531 0.029688 0.054688
