0 0.168750 0.625000 0.050000 0.103125
0 0.149219 0.449219 0.051563 0.107813
0 0.216406 0.478906 0.045313 0.101562
0 0.265625 0.552344 0.046875 0.107813
0 0.329688 0.550781 0.050000 0.107813
0 0.258594 0.422656 0.039062 0.082813
0 0.242188 0.367969 0.034375 0.067187
0 0.292187 0.360938 0.034375 0.059375
0 0.291406 0.424219 0.045313 0.082813
0 0.356250 0.437500 0.040625 0.087500
0 0.367188 0.386719 0.040625 0.060938
0 0.375781 0.361719 0.029688 0.067187
0 0.413281 0.377344 0.039062 0.082813
0 0.393750 0.454688 0.050000 0.090625
0 0.394531 0.587500 0.048438 0.106250
0 0.457031 0.366406 0.045313 0.079688
0 0.493750 0.343750 0.040625 0.081250
0 0.523438 0.340625 0.031250 0.075000
0 0.558594 0.330469 0.039062 0.067187
0 0.566406 0.400000 0.035938 0.087500
0 0.539844 0.460156 0.042188 0.076563
0 0.546094 0.534375 0.045313 0.100000
0 0.488281 0.557813 0.042188 0.087500
0 0.592187 0.478906 0.050000 0.095313
0 0.612500 0.420313 0.043750 0.084375
0 0.598438 0.365625 0.031250 0.053125
0 0.643750 0.382031 0.034375 0.079688
0 0.666406 0.388281 0.035938 0.085938
0 0.694531 0.350781 0.032813 0.073438
0 0.717969 0.417969 0.039062 0.095313
0 0.742969 0.401563 0.042188 0.087500
0 0.753906 0.360156 0.035938 0.070312
0 0.805469 0.448438 0.048438 0.093750
0 0.820312 0.396094 0.046875 0.082813
0 0.886719 0.449219 0.051563 0.092188
0 0.685156 0.625781 0.042188 0.095313
0 0.729688 0.622656 0.037500 0.092188
0 0.807031 0.576562 0.045313 0.096875
