0 0.066406 0.695312 0.057813 0.075000
0 0.221094 0.723438 0.054688 0.100000
0 0.166406 0.489844 0.042188 0.064063
0 0.258594 0.362500 0.042188 0.071875
0 0.232031 0.197656 0.032813 0.064063
0 0.342969 0.189844 0.029688 0.064063
0 0.434375 0.214063 0.025000 0.056250
0 0.361719 0.358594 0.039062 0.064063
0 0.317188 0.543750 0.040625 0.068750
0 0.492969 0.497656 0.032813 0.064063
0 0.574219 0.704688 0.042188 0.084375
0 0.772656 0.767188 0.064063 0.115625
0 0.696094 0.571875 0.042188 0.075000
0 0.728125 0.491406 0.040625 0.076563
0 0.782031 0.397656 0.039062 0.064063
0 0.770313 0.313281 0.037500 0.064063
0 0.764844 0.254688 0.032813 0.056250
0 0.721875 0.209375 0.028125 0.046875
0 0.641406 0.247656 0.029688 0.060938
0 0.596094 0.399219 0.042188 0.067187
0 0.593750 0.179688 0.028125 0.053125
0 0.532813 0.119531 0.028125 0.051563
