0 0.087500 0.465625 0.040625 0.090625
0 0.183594 0.289062 0.020313 0.053125
0 0.216406 0.277344 0.017188 0.051563
0 0.259375 0.235938 0.018750 0.040625
0 0.300000 0.208594 0.025000 0.048438
0 0.303125 0.235938 0.015625 0.034375
0 0.317188 0.215625 0.015625 0.043750
0 0.341406 0.208594 0.020313 0.054688
0 0.383594 0.187500 0.017188 0.037500
0 0.366406 0.260156 0.023438 0.048438
0 0.383594 0.242969 0.020313 0.042188
0 0.430469 0.162500 0.017188 0.037500
0 0.426563 0.191406 0.018750 0.042188
0 0.441406 0.160938 0.010938 0.043750
0 0.489063 0.153125 0.018750 0.050000
0 0.488281 0.204688 0.020313 0.040625
0 0.466406 0.250000 0.017188 0.037500
0 0.430469 0.311719 0.023438 0.048438
0 0.513281 0.160938 0.017188 0.043750
0 0.548438 0.212500 0.025000 0.040625
0 0.553125 0.133594 0.018750 0.035938
0 0.553125 0.165625 0.021875 0.037500
0 0.573438 0.193750 0.018750 0.040625
0 0.574219 0.138281 0.020313 0.045313
0 0.592969 0.121094 0.014063 0.035938
0 0.628125 0.128906 0.018750 0.045313
0 0.604688 0.150000 0.021875 0.040625
0 0.610938 0.178906 0.018750 0.048438
0 0.617969 0.199219 0.010938 0.035938
0 0.650781 0.131250 0.017188 0.040625
0 0.664062 0.128906 0.018750 0.042188
0 0.656250 0.175000 0.018750 0.040625
0 0.687500 0.132031 0.018750 0.045313
0 0.707031 0.162500 0.017188 0.031250
0 0.686719 0.175781 0.020313 0.039062
0 0.692969 0.214063 0.026563 0.043750
0 0.671094 0.224219 0.023438 0.051563
0 0.613281 0.289844 0.026563 0.051563
0 0.569531 0.334375 0.023438 0.062500
0 0.609375 0.381250 0.031250 0.059375
0 0.659375 0.415625 0.025000 0.062500
0 0.725781 0.270313 0.020313 0.056250
0 0.742969 0.228906 0.020313 0.048438
0 0.747656 0.293750 0.020313 0.037500
0 0.732031 0.423438 0.026563 0.068750
0 0.792188 0.451563 0.025000 0.090625
0 0.748438 0.196094 0.018750 0.045313
0 0.770313 0.193750 0.018750 0.050000
0 0.807813 0.191406 0.018750 0.039062
0 0.787500 0.210156 0.021875 0.035938
0 0.796875 0.250781 0.018750 0.057813
0 0.822656 0.231250 0.020313 0.046875
0 0.833594 0.217969 0.017188 0.045313
0 0.814063 0.298438 0.021875 0.056250
0 0.871094 0.234375 0.023438 0.046875
0 0.875000 0.228906 0.015625 0.039062
0 0.904688 0.226562 0.015625 0.046875
0 0.905469 0.258594 0.014063 0.045313
0 0.892188 0.280469 0.034375 0.051563
0 0.874219 0.314844 0.020313 0.048438
0 0.870313 0.367969 0.021875 0.057813
0 0.889063 0.405469 0.021875 0.064063
0 0.936719 0.267188 0.014063 0.046875
0 0.953906 0.244531 0.017188 0.051563
0 0.928125 0.344531 0.021875 0.042188
0 0.986719 0.254688 0.014063 0.043750
0 0.982031 0.303906 0.020313 0.045313
0 0.977344 0.327344 0.023438 0.048438
0 0.979688 0.361719 0.025000 0.054688
0 0.956250 0.381250 0.021875 0.062500
0 0.955469 0.478125 0.020313 0.065625
0 0.855469 0.496875 0.026563 0.096875
0 0.354688 0.196875 0.025000 0.040625
