0 0.077344 0.675000 0.064063 0.103125
0 0.185938 0.597656 0.050000 0.082813
0 0.235938 0.597656 0.068750 0.135938
0 0.253906 0.438281 0.042188 0.085938
0 0.322656 0.401563 0.042188 0.075000
0 0.370313 0.601562 0.065625 0.106250
0 0.514062 0.907031 0.125000 0.185938
0 0.660938 0.752344 0.103125 0.176563
0 0.530469 0.596094 0.057813 0.101562
0 0.589844 0.549219 0.042188 0.079688
0 0.625781 0.560156 0.035938 0.070312
0 0.709375 0.567188 0.037500 0.062500
0 0.757031 0.419531 0.026563 0.051563
0 0.804688 0.399219 0.040625 0.060938
0 0.921094 0.409375 0.039062 0.068750
0 0.907813 0.612500 0.046875 0.078125
0 0.887500 0.562500 0.040625 0.065625
0 0.818750 0.600000 0.046875 0.087500
0 0.752344 0.711719 0.067187 0.114063
