0 0.137500 0.642188 0.084375 0.153125
0 0.161719 0.576562 0.073438 0.106250
0 0.032031 0.589063 0.057813 0.084375
0 0.056250 0.539062 0.040625 0.056250
0 0.047656 0.479688 0.029688 0.053125
0 0.093750 0.517188 0.034375 0.053125
0 0.091406 0.481250 0.032813 0.046875
0 0.139844 0.469531 0.029688 0.039062
0 0.164844 0.507812 0.048438 0.059375
0 0.195312 0.537500 0.034375 0.078125
0 0.302344 0.551563 0.060938 0.100000
0 0.376563 0.581250 0.075000 0.121875
0 0.302344 0.470313 0.032813 0.059375
0 0.282813 0.508594 0.040625 0.064063
0 0.265625 0.467188 0.034375 0.059375
0 0.309375 0.371875 0.031250 0.040625
0 0.340625 0.398438 0.018750 0.037500
0 0.356250 0.418750 0.018750 0.028125
0 0.368750 0.423438 0.018750 0.021875
0 0.382812 0.433594 0.018750 0.032813
0 0.409375 0.445312 0.028125 0.050000
0 0.459375 0.460938 0.037500 0.059375
0 0.495313 0.471875 0.031250 0.056250
0 0.529687 0.464063 0.043750 0.075000
0 0.574219 0.479688 0.039062 0.071875
0 0.646094 0.503906 0.060938 0.098438
0 0.721094 0.507812 0.057813 0.118750
0 0.828906 0.582813 0.098438 0.178125
0 0.907031 0.539062 0.057813 0.121875
0 0.812500 0.460938 0.050000 0.081250
0 0.895313 0.434375 0.050000 0.081250
0 0.934375 0.392188 0.025000 0.062500
0 0.961719 0.381250 0.023438 0.062500
0 0.989063 0.390625 0.025000 0.050000
0 0.822656 0.392969 0.026563 0.048438
0 0.800000 0.407813 0.028125 0.043750
0 0.776563 0.398438 0.025000 0.046875
0 0.903125 0.389063 0.031250 0.046875
0 0.861719 0.367188 0.023438 0.046875
0 0.843750 0.396875 0.015625 0.037500
0 0.886719 0.370313 0.026563 0.031250
0 0.903125 0.350781 0.021875 0.032813
0 0.747656 0.459375 0.029688 0.065625
0 0.772656 0.454688 0.026563 0.068750
0 0.725781 0.435938 0.032813 0.062500
0 0.726562 0.406250 0.028125 0.050000
0 0.747656 0.389063 0.020313 0.046875
0 0.714063 0.385938 0.028125 0.037500
0 0.656250 0.457813 0.034375 0.056250
0 0.591406 0.456250 0.032813 0.050000
0 0.540625 0.410156 0.028125 0.051563
0 0.517188 0.400000 0.018750 0.037500
0 0.481250 0.420313 0.021875 0.037500
0 0.457813 0.415625 0.021875 0.034375
0 0.430469 0.421875 0.020313 0.034375
0 0.376563 0.401563 0.018750 0.025000
0 0.567188 0.382812 0.015625 0.031250
0 0.632031 0.384375 0.020313 0.037500
0 0.610156 0.384375 0.017188 0.034375
