0 0.052344 0.404688 0.029688 0.065625
0 0.257031 0.285156 0.017188 0.029688
0 0.289844 0.260937 0.014063 0.028125
0 0.296094 0.258594 0.020313 0.032813
0 0.313281 0.223438 0.014063 0.025000
0 0.350781 0.217969 0.014063 0.029688
0 0.346094 0.267969 0.017188 0.032813
0 0.372656 0.214844 0.014063 0.029688
0 0.382812 0.201563 0.015625 0.025000
0 0.410938 0.174219 0.012500 0.026563
0 0.428906 0.172656 0.014063 0.026563
0 0.439063 0.203125 0.018750 0.037500
0 0.406250 0.291406 0.018750 0.051563
0 0.427344 0.218750 0.014063 0.025000
0 0.453906 0.142187 0.010938 0.018750
0 0.457813 0.167969 0.015625 0.032813
0 0.472656 0.191406 0.014063 0.029688
0 0.460156 0.218750 0.017188 0.040625
0 0.485938 0.226562 0.018750 0.034375
0 0.475000 0.155469 0.012500 0.029688
0 0.489063 0.134375 0.009375 0.025000
0 0.500781 0.146094 0.010938 0.020313
0 0.536719 0.139844 0.017188 0.032813
0 0.540625 0.165625 0.018750 0.031250
0 0.551563 0.193750 0.018750 0.040625
0 0.492969 0.196094 0.017188 0.039062
0 0.478906 0.303125 0.023438 0.050000
0 0.571875 0.111719 0.012500 0.023438
0 0.584375 0.153906 0.015625 0.029688
0 0.587500 0.130469 0.012500 0.017188
0 0.595313 0.107031 0.012500 0.023438
0 0.610938 0.114844 0.012500 0.023438
0 0.629688 0.097656 0.009375 0.020313
0 0.640625 0.104688 0.009375 0.021875
0 0.651563 0.110156 0.009375 0.023438
0 0.626563 0.140625 0.012500 0.031250
0 0.616406 0.196094 0.017188 0.042188
0 0.610938 0.250781 0.018750 0.045313
0 0.568750 0.248438 0.018750 0.040625
0 0.562500 0.290625 0.021875 0.050000
0 0.611719 0.325781 0.029688 0.051563
0 0.678125 0.323438 0.031250 0.056250
0 0.664844 0.208594 0.020313 0.045313
0 0.655469 0.180469 0.017188 0.029688
0 0.671875 0.122656 0.012500 0.023438
0 0.680469 0.147656 0.014063 0.029688
0 0.703906 0.096875 0.014063 0.031250
0 0.710156 0.142969 0.014063 0.029688
0 0.705469 0.176563 0.014063 0.034375
0 0.707813 0.227344 0.018750 0.032813
0 0.721094 0.295313 0.023438 0.050000
0 0.782813 0.286719 0.025000 0.048438
0 0.777344 0.217969 0.020313 0.042188
0 0.750000 0.182813 0.015625 0.031250
0 0.736719 0.154688 0.014063 0.031250
0 0.739063 0.121094 0.012500 0.026563
0 0.748438 0.134375 0.012500 0.028125
0 0.747656 0.118750 0.010938 0.018750
0 0.764063 0.159375 0.015625 0.028125
0 0.771094 0.126562 0.014063 0.025000
0 0.788281 0.120313 0.010938 0.025000
0 0.796875 0.132812 0.009375 0.028125
0 0.800000 0.175781 0.015625 0.032813
0 0.812500 0.164062 0.012500 0.031250
0 0.812500 0.132812 0.012500 0.031250
0 0.829688 0.139844 0.012500 0.032813
0 0.844531 0.175000 0.014063 0.034375
0 0.854688 0.152344 0.012500 0.035938
0 0.864844 0.144531 0.014063 0.026563
0 0.871875 0.125000 0.009375 0.021875
0 0.900000 0.132031 0.012500 0.026563
0 0.889063 0.162500 0.012500 0.028125
0 0.886719 0.196094 0.017188 0.032813
0 0.871875 0.222656 0.018750 0.039062
0 0.932031 0.154688 0.010938 0.028125
0 0.928125 0.192188 0.012500 0.031250
0 0.922656 0.280469 0.020313 0.054688
0 0.692188 0.250781 0.021875 0.051563
0 0.390625 0.225000 0.018750 0.031250
0 0.512500 0.168750 0.015625 0.031250
