0 0.193750 0.397656 0.106250 0.185938
0 0.237500 0.241406 0.096875 0.157813
0 0.274219 0.107813 0.073438 0.118750
0 0.167188 0.082031 0.059375 0.095313
0 0.413281 0.199219 0.039062 0.060938
0 0.462500 0.210938 0.034375 0.062500
0 0.497656 0.208594 0.039062 0.064063
0 0.572656 0.213281 0.029688 0.054688
0 0.598438 0.197656 0.037500 0.060938
0 0.640625 0.213281 0.040625 0.060938
0 0.682813 0.214844 0.034375 0.070312
0 0.713281 0.203906 0.026563 0.054688
0 0.772656 0.213281 0.035938 0.060938
0 0.803906 0.214063 0.048438 0.078125
0 0.772656 0.175000 0.020313 0.037500
0 0.843750 0.202344 0.053125 0.101562
0 0.900781 0.217969 0.067187 0.114063
0 0.946875 0.212500 0.037500 0.059375
0 0.985156 0.233594 0.032813 0.085938
