0 0.058594 0.243750 0.045313 0.100000
0 0.085938 0.505469 0.056250 0.104688
0 0.168750 0.467969 0.050000 0.107813
0 0.143750 0.293750 0.043750 0.087500
0 0.168750 0.144531 0.034375 0.092188
0 0.222656 0.244531 0.042188 0.107813
0 0.259375 0.239844 0.034375 0.092188
0 0.263281 0.164062 0.035938 0.084375
0 0.315625 0.143750 0.031250 0.075000
0 0.311719 0.270313 0.039062 0.071875
0 0.229688 0.432031 0.043750 0.107813
0 0.293750 0.472656 0.053125 0.107813
0 0.374219 0.257812 0.039062 0.096875
0 0.351562 0.425781 0.046875 0.104688
0 0.415625 0.477344 0.046875 0.120313
0 0.439063 0.543750 0.065625 0.171875
0 0.493750 0.453906 0.043750 0.110938
0 0.408594 0.237500 0.029688 0.096875
0 0.383594 0.130469 0.029688 0.079688
0 0.428906 0.134375 0.026563 0.071875
0 0.461719 0.127344 0.029688 0.076563
0 0.446875 0.236719 0.037500 0.092188
0 0.493750 0.217188 0.031250 0.071875
0 0.512500 0.130469 0.034375 0.079688
0 0.526563 0.265625 0.037500 0.087500
0 0.563281 0.275781 0.032813 0.092188
0 0.576562 0.392188 0.050000 0.115625
0 0.551563 0.537500 0.065625 0.153125
0 0.659375 0.493750 0.059375 0.143750
0 0.616406 0.248438 0.035938 0.100000
0 0.566406 0.153906 0.035938 0.089063
0 0.600781 0.133594 0.039062 0.079688
0 0.643750 0.142187 0.028125 0.071875
0 0.688281 0.201563 0.035938 0.087500
0 0.714844 0.365625 0.042188 0.087500
0 0.758594 0.221875 0.039062 0.087500
0 0.757812 0.467188 0.056250 0.146875
0 0.823438 0.425781 0.050000 0.104688
0 0.874219 0.387500 0.035938 0.100000
0 0.929688 0.428125 0.043750 0.115625
0 0.862500 0.257812 0.043750 0.103125
