0 0.153906 0.683594 0.085938 0.104688
0 0.113281 0.571875 0.048438 0.078125
0 0.163281 0.589063 0.051563 0.075000
0 0.253125 0.548438 0.034375 0.059375
0 0.350000 0.555469 0.046875 0.076563
0 0.396875 0.577344 0.046875 0.089063
0 0.521094 0.651563 0.079688 0.112500
0 0.515625 0.564844 0.040625 0.073438
0 0.600781 0.553125 0.032813 0.062500
0 0.646875 0.632812 0.056250 0.100000
0 0.642188 0.590625 0.050000 0.087500
0 0.675781 0.572656 0.029688 0.070312
0 0.710938 0.543750 0.031250 0.050000
0 0.799219 0.532031 0.026563 0.045313
0 0.807031 0.571094 0.032813 0.064063
0 0.830469 0.567969 0.026563 0.057813
0 0.853906 0.564844 0.042188 0.089063
0 0.919531 0.583594 0.048438 0.089063
0 0.935156 0.733594 0.085938 0.145313
0 0.995313 0.539844 0.012500 0.035938
