0 0.108594 0.567188 0.054688 0.112500
0 0.253125 0.266406 0.018750 0.042188
0 0.274219 0.271094 0.017188 0.032813
0 0.300781 0.258594 0.017188 0.035938
0 0.309375 0.232813 0.015625 0.031250
0 0.332031 0.228906 0.017188 0.039062
0 0.352344 0.225000 0.017188 0.037500
0 0.331250 0.282031 0.018750 0.032813
0 0.368750 0.276562 0.018750 0.037500
0 0.353906 0.267188 0.017188 0.037500
0 0.396094 0.281250 0.020313 0.046875
0 0.382031 0.229688 0.020313 0.034375
0 0.381250 0.179688 0.012500 0.034375
0 0.389844 0.187500 0.014063 0.031250
0 0.418750 0.196094 0.015625 0.042188
0 0.437500 0.240625 0.021875 0.043750
0 0.474219 0.230469 0.020313 0.045313
0 0.447656 0.196875 0.017188 0.034375
0 0.442188 0.171875 0.015625 0.025000
0 0.451563 0.160156 0.012500 0.023438
0 0.478906 0.164062 0.014063 0.028125
0 0.485938 0.200000 0.018750 0.040625
0 0.480469 0.140625 0.014063 0.028125
0 0.524219 0.213281 0.023438 0.045313
0 0.534375 0.174219 0.018750 0.039062
0 0.557813 0.240625 0.025000 0.056250
0 0.499219 0.310156 0.029688 0.070312
0 0.558594 0.127344 0.014063 0.035938
0 0.561719 0.148438 0.014063 0.028125
0 0.575000 0.170313 0.015625 0.034375
0 0.596094 0.146875 0.014063 0.034375
0 0.594531 0.119531 0.014063 0.032813
0 0.617969 0.143750 0.014063 0.028125
0 0.620313 0.121875 0.012500 0.028125
0 0.635156 0.136719 0.014063 0.032813
0 0.675000 0.120313 0.015625 0.034375
0 0.621875 0.205469 0.018750 0.039062
0 0.581250 0.289844 0.028125 0.057813
0 0.620313 0.300781 0.028125 0.060938
0 0.613281 0.259375 0.020313 0.046875
0 0.674219 0.272656 0.026563 0.057813
0 0.717188 0.279688 0.025000 0.059375
0 0.671875 0.219531 0.025000 0.048438
0 0.703125 0.221094 0.018750 0.045313
0 0.685156 0.160938 0.017188 0.034375
0 0.707031 0.182813 0.017188 0.034375
0 0.731250 0.207813 0.021875 0.050000
0 0.723438 0.171875 0.018750 0.034375
0 0.721094 0.135938 0.017188 0.040625
0 0.753906 0.124219 0.017188 0.029688
0 0.769531 0.131250 0.014063 0.031250
0 0.771875 0.157813 0.015625 0.034375
0 0.757031 0.147656 0.014063 0.026563
0 0.775781 0.207031 0.020313 0.048438
0 0.758594 0.237500 0.020313 0.053125
0 0.778125 0.271875 0.028125 0.059375
0 0.851562 0.294531 0.025000 0.064063
0 0.835938 0.223438 0.018750 0.046875
0 0.801563 0.163281 0.015625 0.039062
0 0.788281 0.147656 0.014063 0.035938
0 0.831250 0.155469 0.018750 0.035938
0 0.856250 0.159375 0.015625 0.034375
0 0.894531 0.168750 0.020313 0.040625
0 0.847656 0.197656 0.017188 0.039062
0 0.885938 0.200781 0.018750 0.042188
0 0.910156 0.240625 0.017188 0.046875
0 0.935156 0.259375 0.023438 0.046875
