0 0.233594 0.402344 0.167188 0.270313
0 0.430469 0.420313 0.160938 0.243750
0 0.610156 0.400000 0.145313 0.212500
0 0.856250 0.353906 0.112500 0.210938
0 0.691406 0.234375 0.082813 0.128125
0 0.696875 0.146094 0.059375 0.098438
0 0.592969 0.236719 0.098438 0.126562
0 0.506250 0.309375 0.100000 0.184375
0 0.425000 0.169531 0.084375 0.139063
0 0.471094 0.102344 0.070312 0.129688
0 0.289844 0.161719 0.089063 0.148438
0 0.185156 0.175781 0.085938 0.135938
0 0.221875 0.056250 0.065625 0.090625
0 0.048438 0.189844 0.090625 0.182813
