0 0.111719 0.520313 0.054688 0.106250
0 0.194531 0.278906 0.020313 0.054688
0 0.216406 0.265625 0.023438 0.050000
0 0.236719 0.246875 0.020313 0.053125
0 0.289844 0.233594 0.020313 0.045313
0 0.292187 0.207031 0.021875 0.042188
0 0.320312 0.228906 0.018750 0.048438
0 0.333594 0.210938 0.020313 0.053125
0 0.355469 0.250781 0.023438 0.042188
0 0.373438 0.232813 0.018750 0.037500
0 0.350000 0.195312 0.021875 0.050000
0 0.398438 0.189844 0.018750 0.042188
0 0.404688 0.171875 0.015625 0.040625
0 0.420313 0.188281 0.015625 0.042188
0 0.428906 0.301563 0.026563 0.053125
0 0.436719 0.167188 0.020313 0.040625
0 0.465625 0.167188 0.021875 0.046875
0 0.480469 0.149219 0.017188 0.035938
0 0.485938 0.202344 0.018750 0.045313
0 0.467188 0.230469 0.025000 0.048438
0 0.544531 0.212500 0.020313 0.037500
0 0.514062 0.157031 0.018750 0.035938
0 0.542969 0.157813 0.014063 0.037500
0 0.546094 0.136719 0.017188 0.032813
0 0.571094 0.136719 0.017188 0.039062
0 0.574219 0.164062 0.017188 0.034375
0 0.570312 0.194531 0.018750 0.035938
0 0.603906 0.196094 0.017188 0.039062
0 0.601562 0.174219 0.015625 0.035938
0 0.597656 0.150000 0.014063 0.028125
0 0.588281 0.124219 0.017188 0.029688
0 0.610938 0.133594 0.015625 0.035938
0 0.648438 0.178906 0.012500 0.032813
0 0.645313 0.150000 0.015625 0.037500
0 0.651563 0.129688 0.012500 0.028125
0 0.679688 0.161719 0.018750 0.042188
0 0.681250 0.220313 0.018750 0.046875
0 0.703125 0.153125 0.018750 0.037500
0 0.684375 0.140625 0.015625 0.037500
0 0.596875 0.294531 0.028125 0.057813
0 0.566406 0.336719 0.023438 0.060938
0 0.600781 0.369531 0.029688 0.064063
0 0.647656 0.400781 0.035938 0.070312
0 0.726562 0.392969 0.034375 0.079688
0 0.659375 0.229688 0.021875 0.056250
0 0.717188 0.262500 0.025000 0.056250
0 0.739844 0.222656 0.020313 0.048438
0 0.764063 0.275000 0.021875 0.053125
0 0.794531 0.242969 0.017188 0.051563
0 0.815625 0.305469 0.021875 0.060938
0 0.800000 0.453906 0.037500 0.089063
0 0.851562 0.486719 0.034375 0.092188
0 0.878125 0.410156 0.028125 0.073438
0 0.956250 0.450000 0.028125 0.071875
0 0.863281 0.335156 0.023438 0.067187
0 0.890625 0.280469 0.015625 0.045313
0 0.900000 0.257031 0.012500 0.039062
0 0.901563 0.230469 0.015625 0.032813
0 0.871094 0.231250 0.014063 0.037500
0 0.831250 0.209375 0.015625 0.040625
0 0.810938 0.236719 0.015625 0.035938
0 0.782031 0.214063 0.020313 0.046875
0 0.752344 0.192969 0.017188 0.039062
0 0.775000 0.175000 0.018750 0.037500
0 0.809375 0.185938 0.018750 0.043750
0 0.926563 0.319531 0.021875 0.060938
0 0.950000 0.372656 0.025000 0.067187
0 0.980469 0.360156 0.020313 0.051563
0 0.975000 0.328125 0.018750 0.043750
0 0.981250 0.298438 0.015625 0.031250
0 0.990625 0.257812 0.012500 0.040625
0 0.939063 0.262500 0.015625 0.037500
0 0.950781 0.242969 0.014063 0.042188
