0 0.146875 0.565625 0.071875 0.103125
0 0.038281 0.453906 0.048438 0.060938
0 0.090625 0.429688 0.040625 0.046875
0 0.020313 0.430469 0.037500 0.048438
0 0.130469 0.434375 0.039062 0.046875
0 0.142969 0.414844 0.029688 0.045313
0 0.196094 0.485156 0.048438 0.064063
0 0.194531 0.436719 0.042188 0.039062
0 0.255469 0.456250 0.045313 0.050000
0 0.298438 0.571875 0.078125 0.090625
0 0.338281 0.500000 0.054688 0.078125
0 0.375000 0.470313 0.046875 0.056250
0 0.356250 0.441406 0.034375 0.048438
0 0.320312 0.437500 0.037500 0.059375
0 0.424219 0.450000 0.042188 0.053125
0 0.442188 0.425781 0.028125 0.042188
0 0.715625 0.565625 0.071875 0.103125
0 0.642188 0.518750 0.059375 0.065625
0 0.626563 0.473438 0.040625 0.059375
0 0.596875 0.443750 0.034375 0.046875
0 0.690625 0.446094 0.037500 0.057813
0 0.753125 0.485156 0.043750 0.057813
0 0.825000 0.516406 0.065625 0.082813
0 0.803125 0.422656 0.037500 0.045313
0 0.883594 0.457813 0.045313 0.056250
0 0.920313 0.439063 0.034375 0.056250
0 0.968750 0.487500 0.050000 0.062500
0 0.963281 0.562500 0.070312 0.084375
