0 0.087500 0.269531 0.025000 0.054688
0 0.279688 0.224219 0.018750 0.039062
0 0.292187 0.222656 0.015625 0.032813
0 0.329688 0.218750 0.018750 0.037500
0 0.350000 0.222656 0.018750 0.032813
0 0.380469 0.230469 0.020313 0.039062
0 0.412500 0.232813 0.018750 0.034375
0 0.450781 0.246875 0.020313 0.037500
0 0.463281 0.209375 0.020313 0.040625
0 0.429688 0.200781 0.018750 0.032813
0 0.392969 0.204688 0.017188 0.037500
0 0.377344 0.198438 0.017188 0.028125
0 0.357031 0.195312 0.017188 0.028125
0 0.346094 0.174219 0.017188 0.032813
0 0.405469 0.168750 0.017188 0.034375
0 0.428906 0.156250 0.014063 0.031250
0 0.452344 0.186719 0.014063 0.029688
0 0.446875 0.158594 0.012500 0.026563
0 0.491406 0.147656 0.014063 0.029688
0 0.502344 0.150000 0.014063 0.028125
0 0.508594 0.183594 0.020313 0.032813
0 0.529687 0.173438 0.018750 0.031250
0 0.564844 0.181250 0.017188 0.034375
0 0.575000 0.157031 0.015625 0.035938
0 0.581250 0.136719 0.015625 0.029688
0 0.614844 0.159375 0.017188 0.031250
0 0.509375 0.123438 0.015625 0.025000
0 0.532813 0.129688 0.012500 0.025000
0 0.543750 0.155469 0.015625 0.032813
0 0.559375 0.132031 0.012500 0.026563
0 0.555469 0.121094 0.014063 0.029688
0 0.603906 0.071094 0.017188 0.029688
0 0.600000 0.132031 0.015625 0.026563
0 0.632031 0.130469 0.014063 0.032813
0 0.647656 0.150000 0.014063 0.031250
0 0.664062 0.139844 0.015625 0.026563
0 0.647656 0.114844 0.014063 0.026563
0 0.626563 0.095313 0.018750 0.021875
0 0.621875 0.121094 0.012500 0.029688
0 0.667969 0.103125 0.010938 0.031250
0 0.672656 0.118750 0.014063 0.021875
0 0.690625 0.127344 0.012500 0.032813
0 0.696094 0.107813 0.014063 0.021875
0 0.716406 0.110156 0.014063 0.029688
0 0.601562 0.222656 0.025000 0.048438
0 0.634375 0.206250 0.021875 0.046875
0 0.648438 0.248438 0.028125 0.056250
0 0.691406 0.224219 0.023438 0.042188
0 0.676563 0.176563 0.015625 0.034375
0 0.700781 0.255469 0.026563 0.048438
0 0.706250 0.312500 0.034375 0.071875
0 0.757812 0.384375 0.031250 0.071875
0 0.804688 0.292969 0.028125 0.054688
0 0.833594 0.263281 0.026563 0.054688
0 0.924219 0.350781 0.035938 0.076563
0 0.745313 0.235156 0.021875 0.045313
0 0.725781 0.180469 0.017188 0.035938
0 0.710156 0.175000 0.017188 0.031250
0 0.746094 0.164062 0.017188 0.031250
0 0.744531 0.142969 0.014063 0.026563
0 0.770313 0.130469 0.012500 0.035938
0 0.765625 0.192188 0.018750 0.037500
0 0.775781 0.241406 0.020313 0.048438
0 0.811719 0.207813 0.017188 0.037500
0 0.853906 0.224219 0.020313 0.045313
0 0.866406 0.221875 0.017188 0.034375
0 0.895313 0.235156 0.021875 0.042188
0 0.935938 0.260156 0.021875 0.051563
0 0.949219 0.208594 0.014063 0.032813
0 0.957031 0.221875 0.017188 0.040625
0 0.966406 0.194531 0.010938 0.035938
0 0.907031 0.207813 0.014063 0.037500
0 0.913281 0.181250 0.017188 0.031250
0 0.919531 0.175000 0.014063 0.031250
0 0.925781 0.152344 0.014063 0.035938
0 0.882812 0.183594 0.018750 0.039062
0 0.887500 0.159375 0.015625 0.028125
0 0.842969 0.171094 0.014063 0.032813
0 0.830469 0.203125 0.017188 0.037500
0 0.808594 0.169531 0.014063 0.026563
0 0.797656 0.146875 0.014063 0.028125
0 0.784375 0.140625 0.015625 0.031250
0 0.790625 0.122656 0.012500 0.026563
0 0.809375 0.129688 0.015625 0.034375
0 0.846094 0.131250 0.010938 0.028125
0 0.867969 0.150000 0.014063 0.031250
0 0.851562 0.160156 0.015625 0.026563
