0 0.906250 0.237500 0.012500 0.031250
0 0.988281 0.267188 0.010938 0.040625
0 0.948438 0.251563 0.012500 0.043750
0 0.932031 0.278125 0.010938 0.043750
0 0.976562 0.342188 0.012500 0.037500
0 0.976562 0.375781 0.012500 0.051563
0 0.946094 0.394531 0.020313 0.057813
0 0.962500 0.468750 0.018750 0.065625
0 0.930469 0.349219 0.014063 0.054688
0 0.892188 0.288281 0.012500 0.051563
0 0.882031 0.235156 0.010938 0.035938
0 0.874219 0.239063 0.010938 0.040625
0 0.846094 0.220313 0.014063 0.037500
0 0.868750 0.326563 0.015625 0.050000
0 0.885938 0.423438 0.018750 0.065625
0 0.851562 0.394531 0.018750 0.048438
0 0.870313 0.502344 0.025000 0.076563
0 0.794531 0.464844 0.026563 0.085938
0 0.817188 0.306250 0.018750 0.053125
0 0.799219 0.254688 0.014063 0.050000
0 0.823438 0.235156 0.012500 0.032813
0 0.813281 0.197656 0.010938 0.035938
0 0.774219 0.192188 0.010938 0.040625
0 0.783594 0.208594 0.014063 0.042188
0 0.752344 0.199219 0.010938 0.032813
0 0.721875 0.162500 0.012500 0.040625
0 0.746875 0.242188 0.015625 0.043750
0 0.694531 0.146094 0.010938 0.035938
0 0.670313 0.144531 0.012500 0.035938
0 0.692969 0.170313 0.014063 0.037500
0 0.635938 0.135156 0.012500 0.039062
0 0.658594 0.152344 0.010938 0.039062
0 0.661719 0.185156 0.014063 0.035938
0 0.700000 0.217188 0.015625 0.046875
0 0.672656 0.249219 0.020313 0.054688
0 0.732813 0.271875 0.018750 0.059375
0 0.755469 0.300000 0.017188 0.050000
0 0.602344 0.121094 0.010938 0.032813
0 0.612500 0.164062 0.012500 0.031250
0 0.628125 0.206250 0.012500 0.046875
0 0.606250 0.197656 0.012500 0.042188
0 0.628125 0.305469 0.018750 0.057813
0 0.614844 0.371094 0.023438 0.067187
0 0.667969 0.410938 0.023438 0.065625
0 0.583594 0.344531 0.023438 0.057813
0 0.582813 0.138281 0.012500 0.035938
0 0.585938 0.172656 0.012500 0.039062
0 0.559375 0.142969 0.012500 0.035938
0 0.567188 0.166406 0.012500 0.042188
0 0.557031 0.225781 0.010938 0.039062
0 0.574219 0.217188 0.014063 0.043750
0 0.500781 0.156250 0.010938 0.034375
0 0.524219 0.178125 0.014063 0.040625
0 0.533594 0.171094 0.014063 0.039062
0 0.449219 0.164844 0.010938 0.029688
0 0.462500 0.171094 0.009375 0.026563
0 0.500000 0.214063 0.015625 0.037500
0 0.478125 0.257812 0.018750 0.053125
0 0.442188 0.199219 0.012500 0.035938
0 0.446094 0.317188 0.017188 0.053125
0 0.406250 0.242969 0.012500 0.039062
0 0.397656 0.196094 0.014063 0.035938
0 0.357813 0.217969 0.012500 0.039062
0 0.381250 0.268750 0.015625 0.046875
0 0.371875 0.201563 0.015625 0.031250
0 0.276562 0.250781 0.015625 0.032813
0 0.315625 0.217969 0.015625 0.035938
0 0.317188 0.250781 0.012500 0.042188
0 0.339063 0.233594 0.015625 0.045313
0 0.205469 0.300000 0.017188 0.046875
0 0.235156 0.295313 0.017188 0.053125
0 0.107031 0.568750 0.045313 0.115625
0 0.726562 0.418750 0.025000 0.075000
