0 0.176563 0.475781 0.037500 0.082813
0 0.253906 0.254688 0.017188 0.037500
0 0.269531 0.261719 0.020313 0.042188
0 0.295313 0.263281 0.018750 0.039062
0 0.307031 0.285156 0.020313 0.035938
0 0.321094 0.224219 0.020313 0.029688
0 0.348438 0.205469 0.015625 0.035938
0 0.354688 0.228125 0.018750 0.034375
0 0.357813 0.260156 0.025000 0.035938
0 0.385938 0.259375 0.021875 0.037500
0 0.387500 0.185938 0.015625 0.034375
0 0.392969 0.216406 0.020313 0.035938
0 0.403906 0.201563 0.020313 0.031250
0 0.421875 0.246875 0.021875 0.046875
0 0.435938 0.198438 0.018750 0.037500
0 0.447656 0.177344 0.017188 0.029688
0 0.453906 0.152344 0.014063 0.026563
0 0.458594 0.217969 0.017188 0.039062
0 0.479688 0.228125 0.018750 0.040625
0 0.493750 0.201563 0.018750 0.037500
0 0.482031 0.189844 0.014063 0.029688
0 0.489844 0.164062 0.017188 0.028125
0 0.499219 0.130469 0.014063 0.026563
0 0.520313 0.167188 0.018750 0.031250
0 0.535156 0.167188 0.014063 0.037500
0 0.523438 0.204688 0.018750 0.040625
0 0.507812 0.156250 0.015625 0.025000
0 0.557031 0.145313 0.010938 0.025000
0 0.552344 0.130469 0.010938 0.023438
0 0.575781 0.171094 0.017188 0.032813
0 0.584375 0.132031 0.012500 0.026563
0 0.596875 0.141406 0.015625 0.032813
0 0.610938 0.125000 0.015625 0.034375
0 0.618750 0.142969 0.012500 0.029688
0 0.632812 0.121094 0.012500 0.026563
0 0.645313 0.121875 0.015625 0.031250
0 0.666406 0.121094 0.010938 0.029688
0 0.557031 0.253906 0.026563 0.048438
0 0.520313 0.294531 0.025000 0.054688
0 0.541406 0.312500 0.032813 0.062500
0 0.607031 0.330469 0.032813 0.057813
0 0.619531 0.249219 0.026563 0.051563
0 0.610938 0.222656 0.021875 0.045313
0 0.671094 0.215625 0.020313 0.046875
0 0.657031 0.261719 0.023438 0.060938
0 0.659375 0.189844 0.018750 0.035938
0 0.692188 0.174219 0.015625 0.039062
0 0.695312 0.146875 0.015625 0.031250
0 0.709375 0.151563 0.012500 0.034375
0 0.729688 0.162500 0.015625 0.040625
0 0.739063 0.145313 0.015625 0.034375
0 0.751563 0.133594 0.015625 0.035938
0 0.766406 0.130469 0.014063 0.035938
0 0.768750 0.160938 0.018750 0.034375
0 0.716406 0.205469 0.023438 0.051563
0 0.757031 0.232031 0.026563 0.060938
0 0.717969 0.285156 0.026563 0.051563
0 0.771875 0.292187 0.028125 0.059375
0 0.775000 0.202344 0.021875 0.048438
0 0.794531 0.139063 0.017188 0.037500
0 0.808594 0.171094 0.017188 0.048438
0 0.848438 0.136719 0.018750 0.035938
0 0.821094 0.228125 0.023438 0.046875
0 0.857813 0.250781 0.028125 0.042188
0 0.838281 0.324219 0.026563 0.064063
0 0.917188 0.242969 0.025000 0.054688
0 0.936719 0.262500 0.026563 0.062500
0 0.895313 0.204688 0.018750 0.043750
0 0.880469 0.191406 0.017188 0.035938
0 0.875781 0.162500 0.014063 0.034375
0 0.892969 0.157813 0.014063 0.037500
0 0.847656 0.193750 0.017188 0.034375
