0 0.834375 0.257812 0.012500 0.028125
0 0.842969 0.282031 0.014063 0.032813
0 0.852344 0.268750 0.014063 0.031250
0 0.872656 0.260937 0.010938 0.031250
0 0.889063 0.278906 0.015625 0.035938
0 0.931250 0.317188 0.012500 0.028125
0 0.931250 0.285938 0.009375 0.028125
0 0.927344 0.350781 0.014063 0.042188
0 0.883594 0.336719 0.014063 0.039062
0 0.864844 0.334375 0.014063 0.040625
0 0.907813 0.482031 0.025000 0.067187
0 0.842969 0.464063 0.023438 0.056250
0 0.830469 0.396094 0.020313 0.054688
0 0.815625 0.511719 0.025000 0.067187
0 0.803906 0.244531 0.010938 0.029688
0 0.816406 0.272656 0.010938 0.029688
0 0.798438 0.292187 0.015625 0.034375
0 0.819531 0.344531 0.017188 0.045313
0 0.808594 0.360938 0.023438 0.050000
0 0.771094 0.436719 0.023438 0.064063
0 0.738281 0.255469 0.014063 0.032813
0 0.760938 0.257031 0.012500 0.029688
0 0.764063 0.285938 0.012500 0.040625
0 0.778125 0.239063 0.012500 0.025000
0 0.698438 0.259375 0.012500 0.031250
0 0.707031 0.299219 0.017188 0.042188
0 0.714844 0.414844 0.023438 0.060938
0 0.692188 0.528125 0.031250 0.075000
0 0.628125 0.482031 0.028125 0.070312
0 0.664062 0.367188 0.021875 0.046875
0 0.638281 0.353125 0.017188 0.043750
0 0.595313 0.400000 0.021875 0.050000
0 0.574219 0.460938 0.026563 0.065625
0 0.677344 0.320312 0.020313 0.037500
0 0.685156 0.360156 0.020313 0.048438
0 0.662500 0.210156 0.009375 0.020313
0 0.678125 0.217188 0.012500 0.025000
0 0.664062 0.281250 0.015625 0.037500
0 0.634375 0.223438 0.012500 0.028125
0 0.606250 0.207813 0.009375 0.021875
0 0.594531 0.253125 0.010938 0.028125
0 0.599219 0.231250 0.010938 0.028125
0 0.560156 0.218750 0.010938 0.025000
0 0.567969 0.247656 0.014063 0.035938
0 0.545312 0.246094 0.012500 0.035938
0 0.550781 0.275781 0.014063 0.039062
0 0.503906 0.271094 0.014063 0.029688
0 0.515625 0.279688 0.015625 0.037500
0 0.497656 0.328125 0.014063 0.043750
0 0.527344 0.385156 0.020313 0.051563
0 0.541406 0.410156 0.026563 0.057813
0 0.470313 0.414062 0.028125 0.062500
0 0.439063 0.264844 0.012500 0.029688
0 0.458594 0.248438 0.014063 0.028125
0 0.454688 0.278125 0.015625 0.034375
0 0.462500 0.320312 0.018750 0.040625
0 0.446094 0.351562 0.020313 0.040625
0 0.405469 0.335156 0.017188 0.035938
0 0.430469 0.314063 0.017188 0.043750
0 0.389063 0.268750 0.015625 0.034375
0 0.350000 0.300000 0.012500 0.028125
0 0.382031 0.339844 0.014063 0.039062
0 0.402344 0.303125 0.010938 0.028125
0 0.314063 0.392188 0.021875 0.046875
0 0.284375 0.317188 0.015625 0.031250
0 0.295313 0.360156 0.018750 0.045313
0 0.257812 0.362500 0.018750 0.043750
0 0.227344 0.345313 0.014063 0.034375
0 0.143750 0.543750 0.034375 0.075000
