0 0.092188 0.656250 0.090625 0.125000
0 0.078906 0.506250 0.032813 0.046875
0 0.110938 0.476562 0.028125 0.043750
0 0.121875 0.507812 0.031250 0.050000
0 0.150000 0.492188 0.046875 0.056250
0 0.172656 0.493750 0.029688 0.050000
0 0.203906 0.476562 0.032813 0.040625
0 0.229688 0.506250 0.028125 0.053125
0 0.272656 0.512500 0.039062 0.059375
0 0.253906 0.476562 0.023438 0.028125
0 0.278906 0.471094 0.017188 0.035938
0 0.287500 0.496094 0.025000 0.048438
0 0.314063 0.508594 0.031250 0.051563
0 0.353906 0.489844 0.026563 0.045313
0 0.372656 0.510156 0.035938 0.054688
0 0.411719 0.546875 0.051563 0.075000
0 0.436719 0.513281 0.032813 0.048438
0 0.484375 0.500781 0.028125 0.057813
0 0.528125 0.483594 0.028125 0.035938
0 0.574219 0.471875 0.026563 0.037500
0 0.514062 0.570312 0.053125 0.068750
0 0.600000 0.526563 0.043750 0.075000
0 0.648438 0.489844 0.031250 0.054688
0 0.678906 0.556250 0.057813 0.078125
0 0.682031 0.521094 0.042188 0.048438
0 0.723438 0.479688 0.028125 0.040625
0 0.770313 0.542969 0.050000 0.089063
0 0.796875 0.507812 0.043750 0.056250
0 0.829688 0.496875 0.031250 0.053125
0 0.866406 0.557813 0.060938 0.078125
0 0.971875 0.525781 0.050000 0.070312
