0 0.133594 0.510156 0.048438 0.085938
0 0.226562 0.332813 0.021875 0.037500
0 0.257812 0.335938 0.021875 0.040625
0 0.284375 0.354688 0.021875 0.037500
0 0.285156 0.300781 0.020313 0.035938
0 0.331250 0.364063 0.021875 0.050000
0 0.351562 0.319531 0.018750 0.032813
0 0.354688 0.285156 0.018750 0.035938
0 0.389844 0.325000 0.020313 0.037500
0 0.410938 0.323438 0.025000 0.037500
0 0.409375 0.292187 0.018750 0.031250
0 0.398438 0.253125 0.018750 0.031250
0 0.428125 0.252344 0.015625 0.026563
0 0.446875 0.255469 0.015625 0.026563
0 0.436719 0.300000 0.020313 0.037500
0 0.460938 0.331250 0.021875 0.043750
0 0.477344 0.302344 0.020313 0.035938
0 0.463281 0.239844 0.017188 0.035938
0 0.476562 0.254688 0.012500 0.031250
0 0.474219 0.224219 0.014063 0.026563
0 0.499219 0.255469 0.014063 0.026563
0 0.511719 0.251563 0.010938 0.025000
0 0.521875 0.236719 0.015625 0.026563
0 0.527344 0.271094 0.017188 0.035938
0 0.547656 0.250000 0.017188 0.034375
0 0.564844 0.268750 0.017188 0.040625
0 0.508594 0.313281 0.020313 0.045313
0 0.583594 0.250000 0.014063 0.031250
0 0.575000 0.214063 0.012500 0.028125
0 0.594531 0.226562 0.014063 0.025000
0 0.610938 0.239063 0.015625 0.037500
0 0.614844 0.213281 0.010938 0.023438
0 0.618750 0.198438 0.012500 0.028125
0 0.645313 0.242188 0.015625 0.034375
0 0.643750 0.212500 0.015625 0.028125
0 0.678125 0.202344 0.015625 0.026563
0 0.686719 0.223438 0.010938 0.028125
0 0.700781 0.215625 0.017188 0.037500
0 0.680469 0.271094 0.020313 0.042188
0 0.640625 0.295313 0.021875 0.040625
0 0.606250 0.321094 0.021875 0.042188
0 0.603125 0.360156 0.028125 0.054688
0 0.554688 0.397656 0.031250 0.051563
0 0.544531 0.355469 0.026563 0.051563
0 0.510938 0.368750 0.040625 0.053125
0 0.621094 0.418750 0.032813 0.062500
0 0.650781 0.453906 0.039062 0.064063
0 0.675000 0.372656 0.031250 0.064063
0 0.657813 0.328906 0.025000 0.045313
0 0.698438 0.283594 0.018750 0.039062
0 0.723438 0.294531 0.018750 0.042188
0 0.718750 0.243750 0.015625 0.031250
0 0.754688 0.246875 0.015625 0.031250
0 0.748438 0.235156 0.012500 0.026563
0 0.762500 0.224219 0.015625 0.032813
0 0.704688 0.346875 0.028125 0.053125
0 0.739844 0.393750 0.029688 0.053125
0 0.710938 0.528125 0.043750 0.075000
0 0.800000 0.411719 0.031250 0.057813
0 0.829688 0.351562 0.021875 0.050000
0 0.831250 0.289844 0.018750 0.029688
0 0.780469 0.276562 0.017188 0.043750
0 0.794531 0.260156 0.017188 0.029688
0 0.798438 0.232031 0.015625 0.032813
0 0.826563 0.238281 0.015625 0.032813
0 0.834375 0.260937 0.018750 0.031250
0 0.860938 0.252344 0.015625 0.029688
0 0.868750 0.264844 0.015625 0.032813
0 0.864063 0.309375 0.018750 0.046875
0 0.879688 0.368750 0.021875 0.053125
0 0.867188 0.434375 0.031250 0.062500
0 0.849219 0.502344 0.039062 0.067187
0 0.942969 0.455469 0.032813 0.060938
0 0.936719 0.383594 0.026563 0.051563
0 0.951563 0.353125 0.025000 0.046875
0 0.929688 0.322656 0.018750 0.045313
0 0.886719 0.328125 0.020313 0.037500
0 0.892969 0.248438 0.017188 0.031250
0 0.914844 0.272656 0.020313 0.042188
0 0.953125 0.299219 0.018750 0.032813
0 0.955469 0.264063 0.014063 0.031250
0 0.934375 0.299219 0.015625 0.029688
