0 0.027344 0.640625 0.035938 0.050000
0 0.084375 0.785938 0.078125 0.087500
0 0.106250 0.912500 0.118750 0.146875
0 0.267188 0.821094 0.103125 0.120313
0 0.225000 0.696875 0.043750 0.062500
0 0.201563 0.655469 0.028125 0.048438
0 0.132812 0.667188 0.043750 0.062500
0 0.104688 0.626563 0.034375 0.043750
0 0.173438 0.614063 0.025000 0.037500
0 0.214063 0.610156 0.028125 0.035938
0 0.228125 0.635938 0.031250 0.046875
0 0.285938 0.679688 0.037500 0.059375
0 0.287500 0.628125 0.025000 0.040625
0 0.315625 0.642188 0.028125 0.040625
0 0.316406 0.610938 0.023438 0.040625
0 0.346875 0.608594 0.021875 0.039062
0 0.365625 0.632812 0.025000 0.040625
0 0.387500 0.619531 0.025000 0.042188
0 0.417188 0.612500 0.025000 0.031250
0 0.425000 0.646094 0.031250 0.042188
0 0.414844 0.703906 0.045313 0.070312
0 0.356250 0.711719 0.050000 0.067187
0 0.462500 0.639844 0.025000 0.045313
0 0.474219 0.625781 0.017188 0.035938
0 0.496094 0.626563 0.023438 0.034375
0 0.536719 0.664062 0.035938 0.046875
0 0.560937 0.726562 0.056250 0.078125
0 0.609375 0.726562 0.043750 0.062500
0 0.575000 0.653906 0.031250 0.048438
0 0.564844 0.627344 0.023438 0.035938
0 0.587500 0.632812 0.025000 0.037500
0 0.648438 0.654688 0.025000 0.037500
0 0.675781 0.637500 0.026563 0.043750
0 0.693750 0.696094 0.040625 0.051563
0 0.728906 0.657031 0.039062 0.060938
0 0.917188 0.521875 0.059375 0.081250
