0 0.067969 0.556250 0.054688 0.093750
0 0.157031 0.575781 0.045313 0.076563
0 0.107031 0.507812 0.042188 0.071875
0 0.064063 0.457031 0.034375 0.064063
0 0.017188 0.494531 0.028125 0.064063
0 0.049219 0.424219 0.029688 0.048438
0 0.028125 0.403125 0.028125 0.056250
0 0.010938 0.361719 0.018750 0.051563
0 0.013281 0.286719 0.010938 0.017188
0 0.017188 0.300000 0.012500 0.025000
0 0.033594 0.303125 0.010938 0.021875
0 0.044531 0.311719 0.017188 0.023438
0 0.059375 0.326563 0.018750 0.031250
0 0.092188 0.356250 0.021875 0.031250
0 0.128125 0.361719 0.021875 0.039062
0 0.160156 0.378125 0.020313 0.037500
0 0.183594 0.393750 0.023438 0.037500
0 0.204688 0.395313 0.015625 0.034375
0 0.228906 0.426563 0.023438 0.043750
0 0.259375 0.427344 0.021875 0.039062
0 0.328906 0.483594 0.029688 0.057813
0 0.375000 0.471875 0.034375 0.062500
0 0.402344 0.476562 0.029688 0.046875
0 0.461719 0.499219 0.023438 0.057813
0 0.489844 0.513281 0.026563 0.048438
0 0.518750 0.505469 0.028125 0.057813
0 0.475781 0.468750 0.020313 0.034375
0 0.500000 0.467188 0.015625 0.040625
0 0.528906 0.473438 0.017188 0.031250
0 0.441406 0.448438 0.023438 0.034375
0 0.400000 0.427344 0.021875 0.039062
0 0.375000 0.413281 0.018750 0.039062
0 0.354688 0.403906 0.021875 0.026563
0 0.342969 0.446094 0.017188 0.039062
0 0.305469 0.453125 0.023438 0.040625
0 0.305469 0.410156 0.017188 0.029688
0 0.286719 0.407813 0.017188 0.028125
0 0.668750 0.538281 0.031250 0.060938
0 0.721875 0.514844 0.028125 0.051563
0 0.704688 0.513281 0.015625 0.042188
0 0.762500 0.519531 0.021875 0.042188
0 0.784375 0.512500 0.015625 0.037500
0 0.793750 0.489844 0.012500 0.035938
0 0.810156 0.524219 0.020313 0.039062
0 0.854688 0.535156 0.018750 0.035938
0 0.835938 0.515625 0.015625 0.034375
0 0.903906 0.517188 0.014063 0.031250
0 0.920313 0.513281 0.012500 0.029688
0 0.931250 0.502344 0.012500 0.023438
0 0.941406 0.521875 0.014063 0.025000
0 0.950000 0.497656 0.012500 0.020313
0 0.973438 0.522656 0.015625 0.029688
0 0.066406 0.300000 0.010938 0.018750
0 0.043750 0.291406 0.015625 0.020313
0 0.080469 0.323438 0.017188 0.028125
0 0.108594 0.330469 0.017188 0.026563
0 0.139844 0.336719 0.010938 0.026563
0 0.128906 0.327344 0.014063 0.029688
0 0.146094 0.319531 0.010938 0.023438
0 0.171875 0.321875 0.012500 0.025000
0 0.200000 0.342969 0.015625 0.026563
0 0.185156 0.336719 0.014063 0.020313
0 0.247656 0.377344 0.017188 0.029688
0 0.232031 0.350781 0.010938 0.020313
0 0.280469 0.369531 0.014063 0.020313
0 0.289844 0.362500 0.014063 0.028125
0 0.295313 0.354688 0.012500 0.018750
0 0.274219 0.346094 0.014063 0.023438
0 0.260156 0.365625 0.014063 0.025000
0 0.242969 0.325781 0.014063 0.020313
0 0.567969 0.514844 0.023438 0.048438
0 0.613281 0.521875 0.023438 0.046875
0 0.648438 0.521875 0.015625 0.040625
0 0.694531 0.482813 0.020313 0.037500
0 0.680469 0.506250 0.017188 0.037500
0 0.671875 0.478125 0.018750 0.031250
0 0.644531 0.480469 0.017188 0.035938
0 0.630469 0.478906 0.014063 0.032813
0 0.611719 0.478906 0.020313 0.032813
0 0.587500 0.478906 0.015625 0.035938
0 0.575000 0.484375 0.018750 0.040625
0 0.567969 0.457813 0.017188 0.028125
0 0.587500 0.453125 0.015625 0.025000
0 0.610938 0.450781 0.012500 0.023438
0 0.628906 0.447656 0.014063 0.029688
0 0.651563 0.467969 0.012500 0.029688
0 0.698438 0.457031 0.012500 0.029688
0 0.718750 0.464844 0.015625 0.032813
0 0.724219 0.439063 0.010938 0.021875
0 0.755469 0.474219 0.014063 0.029688
0 0.739844 0.469531 0.010938 0.026563
0 0.769531 0.464063 0.010938 0.025000
0 0.781250 0.444531 0.009375 0.020313
0 0.791406 0.457031 0.010938 0.023438
0 0.862500 0.517188 0.012500 0.028125
0 0.868750 0.500000 0.012500 0.025000
0 0.880469 0.496875 0.014063 0.028125
0 0.852344 0.478906 0.014063 0.026563
0 0.819531 0.485938 0.014063 0.031250
0 0.649219 0.436719 0.014063 0.020313
0 0.707813 0.432031 0.012500 0.017188
0 0.697656 0.433594 0.010938 0.017188
0 0.811719 0.467969 0.010938 0.020313
0 0.828906 0.478906 0.007812 0.023438
0 0.746875 0.497656 0.015625 0.032813
0 0.449219 0.409375 0.017188 0.034375
0 0.460156 0.442188 0.014063 0.028125
0 0.482813 0.454688 0.018750 0.037500
0 0.496875 0.432813 0.018750 0.031250
0 0.489063 0.415625 0.018750 0.031250
0 0.533594 0.447656 0.017188 0.026563
0 0.544531 0.428906 0.010938 0.026563
0 0.558594 0.433594 0.010938 0.020313
0 0.571094 0.431250 0.010938 0.025000
0 0.585938 0.431250 0.012500 0.021875
0 0.586719 0.412500 0.010938 0.018750
0 0.599219 0.407031 0.007812 0.020313
0 0.589063 0.396094 0.006250 0.017188
0 0.581250 0.401563 0.006250 0.018750
0 0.629688 0.403906 0.009375 0.010938
0 0.644531 0.418750 0.007812 0.018750
0 0.567188 0.414844 0.009375 0.020313
0 0.563281 0.396094 0.007812 0.020313
0 0.549219 0.413281 0.007812 0.017188
0 0.523438 0.436719 0.015625 0.029688
0 0.514844 0.406250 0.014063 0.021875
0 0.520313 0.387500 0.009375 0.018750
0 0.510156 0.382031 0.007812 0.014063
0 0.477344 0.415625 0.010938 0.025000
0 0.468750 0.396094 0.009375 0.020313
0 0.478906 0.384375 0.007812 0.018750
0 0.488281 0.378125 0.007812 0.015625
0 0.496094 0.388281 0.007812 0.017188
0 0.459375 0.346094 0.009375 0.017188
0 0.448438 0.386719 0.009375 0.017188
0 0.457813 0.394531 0.009375 0.017188
0 0.425000 0.381250 0.009375 0.018750
0 0.435938 0.388281 0.012500 0.023438
0 0.428906 0.416406 0.010938 0.026563
0 0.414844 0.417969 0.014063 0.029688
0 0.414844 0.396094 0.010938 0.020313
0 0.403906 0.379688 0.007812 0.018750
0 0.410156 0.370313 0.007812 0.015625
0 0.417188 0.365625 0.006250 0.018750
0 0.388281 0.397656 0.014063 0.029688
0 0.379688 0.378125 0.012500 0.018750
0 0.395313 0.371094 0.012500 0.020313
0 0.371094 0.351562 0.010938 0.012500
0 0.365625 0.389844 0.012500 0.026563
0 0.362500 0.369531 0.012500 0.023438
0 0.346094 0.380469 0.014063 0.017188
0 0.353906 0.363281 0.007812 0.020313
0 0.354688 0.347656 0.009375 0.020313
0 0.532813 0.403906 0.009375 0.017188
0 0.546875 0.391406 0.006250 0.017188
0 0.232813 0.395313 0.018750 0.034375
0 0.215625 0.384375 0.015625 0.034375
0 0.221875 0.359375 0.012500 0.025000
0 0.225000 0.334375 0.009375 0.018750
0 0.209375 0.327344 0.012500 0.023438
0 0.664062 0.432813 0.009375 0.021875
0 0.676563 0.429688 0.009375 0.021875
