0 0.207031 0.439844 0.051563 0.095313
0 0.261719 0.395313 0.045313 0.093750
0 0.288281 0.205469 0.017188 0.035938
0 0.353906 0.257812 0.017188 0.043750
0 0.376563 0.271094 0.025000 0.045313
0 0.440625 0.286719 0.025000 0.048438
0 0.495313 0.311719 0.025000 0.048438
0 0.453906 0.237500 0.017188 0.037500
0 0.433594 0.222656 0.017188 0.032813
0 0.410156 0.189844 0.017188 0.032813
0 0.463281 0.189844 0.014063 0.032813
0 0.485156 0.203906 0.014063 0.029688
0 0.548438 0.204688 0.015625 0.034375
0 0.468750 0.149219 0.012500 0.023438
0 0.479688 0.153125 0.012500 0.018750
0 0.489063 0.171875 0.015625 0.021875
0 0.496875 0.131250 0.012500 0.018750
0 0.545312 0.137500 0.012500 0.021875
0 0.523438 0.171875 0.015625 0.031250
0 0.570312 0.154688 0.015625 0.028125
0 0.591406 0.157813 0.014063 0.031250
0 0.589063 0.108594 0.012500 0.020313
0 0.713281 0.101562 0.014063 0.028125
0 0.617188 0.253125 0.021875 0.037500
0 0.689063 0.253125 0.025000 0.037500
0 0.736719 0.282813 0.020313 0.046875
0 0.779688 0.298438 0.028125 0.050000
0 0.703125 0.159375 0.015625 0.034375
0 0.730469 0.137500 0.014063 0.028125
0 0.754688 0.161719 0.012500 0.029688
0 0.763281 0.144531 0.014063 0.029688
0 0.774219 0.175781 0.017188 0.035938
0 0.820312 0.187500 0.015625 0.037500
0 0.774219 0.103125 0.014063 0.031250
0 0.837500 0.128125 0.015625 0.028125
0 0.866406 0.176563 0.014063 0.028125
0 0.896094 0.231250 0.014063 0.046875
