0 0.035156 0.539062 0.035938 0.062500
0 0.092969 0.544531 0.035938 0.051563
0 0.135938 0.557813 0.034375 0.062500
0 0.182031 0.556250 0.032813 0.056250
0 0.222656 0.562500 0.032813 0.059375
0 0.262500 0.560156 0.031250 0.048438
0 0.289844 0.521875 0.026563 0.053125
0 0.310156 0.539062 0.032813 0.056250
0 0.343750 0.536719 0.031250 0.060938
0 0.367969 0.559375 0.032813 0.053125
0 0.404688 0.540625 0.031250 0.059375
0 0.426563 0.539062 0.031250 0.056250
0 0.466406 0.520313 0.032813 0.056250
0 0.478906 0.577344 0.042188 0.067187
0 0.500000 0.542969 0.025000 0.054688
0 0.524219 0.575781 0.039062 0.064063
0 0.528906 0.514844 0.029688 0.051563
0 0.567969 0.535156 0.029688 0.054688
0 0.582031 0.564844 0.032813 0.054688
0 0.607031 0.526563 0.029688 0.056250
0 0.635156 0.538281 0.035938 0.064063
0 0.671094 0.546094 0.032813 0.070312
0 0.686719 0.559375 0.035938 0.065625
0 0.730469 0.559375 0.035938 0.053125
0 0.763281 0.544531 0.029688 0.060938
0 0.796875 0.551563 0.031250 0.065625
0 0.844531 0.547656 0.035938 0.067187
0 0.901563 0.564844 0.037500 0.064063
0 0.951563 0.542969 0.040625 0.067187
