0 0.140625 0.705469 0.103125 0.164062
0 0.031250 0.667188 0.059375 0.128125
0 0.092188 0.568750 0.056250 0.093750
0 0.107813 0.521875 0.046875 0.081250
0 0.044531 0.439063 0.032813 0.053125
0 0.013281 0.415625 0.023438 0.059375
0 0.064844 0.403125 0.035938 0.056250
0 0.103125 0.375000 0.031250 0.050000
0 0.139063 0.422656 0.034375 0.064063
0 0.146875 0.375000 0.028125 0.050000
0 0.173438 0.368750 0.021875 0.046875
0 0.200000 0.381250 0.021875 0.040625
0 0.212500 0.366406 0.028125 0.042188
0 0.220313 0.346875 0.018750 0.031250
0 0.259375 0.367188 0.025000 0.046875
0 0.244531 0.444531 0.039062 0.073438
0 0.232813 0.497656 0.050000 0.085938
0 0.187500 0.571875 0.075000 0.112500
0 0.307031 0.597656 0.067187 0.110938
0 0.303125 0.517969 0.046875 0.064063
0 0.320312 0.452344 0.034375 0.076563
0 0.289844 0.432813 0.032813 0.062500
0 0.304688 0.356250 0.025000 0.031250
0 0.296094 0.333594 0.020313 0.023438
0 0.307031 0.318750 0.017188 0.025000
0 0.324219 0.307813 0.014063 0.031250
0 0.341406 0.327344 0.020313 0.035938
0 0.369531 0.314844 0.017188 0.035938
0 0.355469 0.371875 0.026563 0.056250
0 0.370313 0.414062 0.031250 0.053125
0 0.385156 0.464844 0.039062 0.070312
0 0.413281 0.517188 0.054688 0.093750
0 0.457813 0.454688 0.037500 0.071875
0 0.441406 0.410156 0.032813 0.064063
0 0.410156 0.377344 0.026563 0.054688
0 0.432813 0.354688 0.021875 0.046875
0 0.462500 0.359375 0.025000 0.040625
0 0.484375 0.385156 0.028125 0.048438
0 0.492969 0.353906 0.020313 0.032813
0 0.482031 0.318750 0.017188 0.034375
0 0.509375 0.370313 0.025000 0.050000
0 0.514844 0.422656 0.029688 0.060938
0 0.545312 0.392188 0.028125 0.059375
0 0.538281 0.340625 0.023438 0.043750
0 0.553906 0.330469 0.020313 0.039062
0 0.578906 0.346875 0.017188 0.040625
0 0.568750 0.304688 0.018750 0.034375
0 0.603906 0.335938 0.017188 0.034375
0 0.615625 0.325781 0.018750 0.039062
0 0.735938 0.634375 0.053125 0.115625
0 0.713281 0.525781 0.045313 0.098438
0 0.725781 0.459375 0.035938 0.068750
0 0.735156 0.419531 0.039062 0.064063
0 0.739844 0.319531 0.023438 0.039062
0 0.754688 0.304688 0.018750 0.040625
0 0.803125 0.376563 0.031250 0.046875
0 0.826563 0.426563 0.040625 0.081250
0 0.858594 0.482813 0.048438 0.087500
0 0.867969 0.548438 0.045313 0.096875
0 0.912500 0.641406 0.071875 0.129688
0 0.964063 0.750781 0.071875 0.189063
0 0.981250 0.546094 0.037500 0.101562
0 0.958594 0.465625 0.054688 0.087500
0 0.923438 0.419531 0.037500 0.073438
0 0.884375 0.394531 0.037500 0.073438
0 0.857031 0.353125 0.029688 0.050000
0 0.857813 0.315625 0.028125 0.046875
0 0.803906 0.349219 0.023438 0.042188
0 0.797656 0.331250 0.017188 0.034375
0 0.739844 0.351562 0.020313 0.040625
