0 0.928125 0.220313 0.015625 0.037500
0 0.920313 0.320312 0.015625 0.040625
0 0.915625 0.341406 0.025000 0.057813
0 0.878125 0.234375 0.015625 0.046875
0 0.854688 0.260937 0.015625 0.043750
0 0.850000 0.294531 0.018750 0.054688
0 0.788281 0.140625 0.010938 0.028125
0 0.795313 0.165625 0.012500 0.037500
0 0.800000 0.220313 0.015625 0.040625
0 0.808594 0.282813 0.017188 0.050000
0 0.767188 0.301563 0.018750 0.050000
0 0.760156 0.232813 0.017188 0.040625
0 0.814063 0.398438 0.025000 0.071875
0 0.777344 0.377344 0.029688 0.064063
0 0.846094 0.461719 0.032813 0.067187
0 0.756250 0.184375 0.012500 0.037500
0 0.746875 0.139844 0.012500 0.029688
0 0.730469 0.293750 0.020313 0.056250
0 0.680469 0.257031 0.020313 0.051563
0 0.717188 0.235156 0.015625 0.045313
0 0.673438 0.342969 0.018750 0.060938
0 0.698438 0.167188 0.012500 0.031250
0 0.732813 0.194531 0.012500 0.035938
0 0.722656 0.117188 0.010938 0.021875
0 0.668750 0.107031 0.009375 0.026563
0 0.678906 0.122656 0.010938 0.026563
0 0.692188 0.106250 0.009375 0.025000
0 0.651563 0.121875 0.009375 0.028125
0 0.661719 0.137500 0.010938 0.028125
0 0.589844 0.114063 0.007812 0.021875
0 0.582813 0.122656 0.009375 0.026563
0 0.632812 0.111719 0.012500 0.023438
0 0.623438 0.127344 0.012500 0.029688
0 0.617969 0.153125 0.014063 0.031250
0 0.605469 0.125781 0.010938 0.026563
0 0.555469 0.126562 0.010938 0.025000
0 0.568750 0.153125 0.015625 0.031250
0 0.581250 0.170313 0.015625 0.034375
0 0.550781 0.163281 0.014063 0.032813
0 0.554688 0.184375 0.015625 0.037500
0 0.567969 0.235938 0.017188 0.046875
0 0.603906 0.256250 0.020313 0.046875
0 0.635156 0.225000 0.017188 0.037500
0 0.685156 0.189063 0.014063 0.034375
0 0.505469 0.125000 0.010938 0.025000
0 0.520313 0.141406 0.009375 0.023438
0 0.526563 0.178906 0.012500 0.032813
0 0.485938 0.179688 0.012500 0.028125
0 0.492188 0.139063 0.009375 0.021875
0 0.464063 0.170313 0.012500 0.031250
0 0.441406 0.164844 0.010938 0.023438
0 0.470313 0.142969 0.012500 0.026563
0 0.489063 0.217969 0.018750 0.039062
0 0.456250 0.224219 0.015625 0.039062
0 0.442188 0.203906 0.012500 0.035938
0 0.415625 0.193750 0.015625 0.037500
0 0.421875 0.174219 0.012500 0.032813
0 0.494531 0.289062 0.020313 0.053125
0 0.546094 0.315625 0.023438 0.059375
0 0.381250 0.244531 0.015625 0.039062
0 0.388281 0.289062 0.020313 0.040625
0 0.375781 0.201563 0.014063 0.034375
0 0.295313 0.219531 0.012500 0.032813
0 0.312500 0.233594 0.015625 0.035938
0 0.329688 0.238281 0.012500 0.035938
0 0.336719 0.261719 0.017188 0.032813
0 0.352344 0.181250 0.010938 0.031250
0 0.356250 0.201563 0.015625 0.034375
0 0.591406 0.348438 0.020313 0.062500
0 0.214063 0.365625 0.037500 0.078125
