0 0.220313 0.359375 0.037500 0.087500
0 0.176563 0.209375 0.018750 0.040625
0 0.368750 0.210938 0.037500 0.059375
0 0.414844 0.189063 0.023438 0.065625
0 0.631250 0.214844 0.025000 0.035938
0 0.439844 0.143750 0.014063 0.021875
0 0.463281 0.141406 0.014063 0.023438
0 0.490625 0.139844 0.012500 0.026563
0 0.521094 0.128125 0.017188 0.028125
0 0.452344 0.171875 0.014063 0.021875
0 0.496094 0.196875 0.014063 0.028125
0 0.480469 0.192969 0.017188 0.029688
0 0.720313 0.199219 0.015625 0.042188
0 0.700000 0.174219 0.015625 0.035938
0 0.639844 0.122656 0.014063 0.026563
0 0.656250 0.128125 0.012500 0.034375
0 0.727344 0.153906 0.010938 0.026563
0 0.738281 0.183594 0.020313 0.026563
0 0.775781 0.148438 0.014063 0.028125
0 0.811719 0.143750 0.014063 0.034375
0 0.790625 0.182813 0.012500 0.037500
0 0.828125 0.182031 0.015625 0.026563
0 0.810156 0.177344 0.017188 0.029688
0 0.869531 0.290625 0.017188 0.046875
0 0.932813 0.238281 0.015625 0.032813
0 0.900000 0.170313 0.012500 0.031250
0 0.935156 0.189844 0.014063 0.029688
0 0.976562 0.182031 0.018750 0.042188
