0 0.193750 0.444531 0.034375 0.076563
0 0.280469 0.230469 0.017188 0.035938
0 0.307813 0.230469 0.015625 0.029688
0 0.332813 0.239844 0.021875 0.029688
0 0.320312 0.197656 0.015625 0.032813
0 0.368750 0.185938 0.015625 0.034375
0 0.379688 0.167188 0.012500 0.025000
0 0.371094 0.232813 0.014063 0.037500
0 0.386719 0.247656 0.023438 0.039062
0 0.416406 0.247656 0.020313 0.039062
0 0.414844 0.202344 0.017188 0.039062
0 0.443750 0.203906 0.015625 0.039062
0 0.421875 0.150000 0.015625 0.031250
0 0.429688 0.122656 0.012500 0.026563
0 0.414844 0.151563 0.014063 0.031250
0 0.469531 0.196094 0.017188 0.035938
0 0.508594 0.191406 0.014063 0.035938
0 0.482813 0.147656 0.012500 0.029688
0 0.483594 0.128906 0.010938 0.023438
0 0.501563 0.118750 0.012500 0.021875
0 0.509375 0.150000 0.015625 0.034375
0 0.521875 0.119531 0.012500 0.020313
0 0.539844 0.165625 0.010938 0.031250
0 0.578906 0.115625 0.020313 0.040625
0 0.560156 0.148438 0.014063 0.028125
0 0.550781 0.122656 0.010938 0.020313
0 0.549219 0.144531 0.010938 0.020313
0 0.616406 0.057813 0.010938 0.021875
0 0.600000 0.117188 0.009375 0.021875
0 0.639844 0.111719 0.010938 0.023438
0 0.675781 0.059375 0.010938 0.025000
0 0.653125 0.144531 0.009375 0.020313
0 0.689844 0.118750 0.010938 0.025000
0 0.711719 0.109375 0.010938 0.025000
0 0.483594 0.416406 0.067187 0.120313
0 0.568750 0.225781 0.025000 0.051563
0 0.554688 0.182813 0.018750 0.031250
0 0.614063 0.210156 0.015625 0.039062
0 0.708594 0.322656 0.029688 0.067187
0 0.751563 0.335156 0.025000 0.054688
0 0.789062 0.300781 0.021875 0.045313
0 0.693750 0.259375 0.021875 0.050000
0 0.643750 0.251563 0.021875 0.050000
0 0.664844 0.210156 0.020313 0.035938
0 0.629688 0.175000 0.012500 0.025000
0 0.717969 0.183594 0.014063 0.029688
0 0.731250 0.147656 0.012500 0.026563
0 0.735938 0.181250 0.012500 0.025000
0 0.750781 0.192188 0.017188 0.034375
0 0.724219 0.212500 0.017188 0.037500
0 0.762500 0.240625 0.018750 0.043750
0 0.789062 0.238281 0.015625 0.032813
0 0.751563 0.132031 0.015625 0.032813
0 0.773438 0.155469 0.012500 0.026563
0 0.796094 0.128125 0.014063 0.028125
0 0.791406 0.171875 0.010938 0.028125
0 0.808594 0.190625 0.017188 0.028125
0 0.822656 0.247656 0.017188 0.051563
0 0.839063 0.247656 0.015625 0.032813
0 0.882031 0.270313 0.017188 0.031250
0 0.850781 0.087500 0.014063 0.028125
0 0.841406 0.159375 0.014063 0.037500
0 0.855469 0.146875 0.010938 0.021875
0 0.866406 0.185156 0.014063 0.026563
0 0.864063 0.225781 0.015625 0.029688
0 0.895313 0.214844 0.012500 0.039062
0 0.903906 0.168750 0.014063 0.031250
0 0.893750 0.180469 0.015625 0.026563
0 0.937500 0.169531 0.012500 0.029688
0 0.975781 0.133594 0.010938 0.029688
0 0.934375 0.201563 0.012500 0.028125
0 0.920313 0.225000 0.015625 0.037500
0 0.939063 0.266406 0.018750 0.035938
0 0.892969 0.328125 0.023438 0.056250
0 0.702344 0.175000 0.017188 0.034375
0 0.627344 0.146875 0.014063 0.028125
