0 0.049219 0.614063 0.054688 0.087500
0 0.089063 0.556250 0.034375 0.053125
0 0.110156 0.593750 0.039062 0.056250
0 0.019531 0.601562 0.035938 0.065625
0 0.148438 0.760938 0.096875 0.153125
0 0.167188 0.840625 0.112500 0.156250
0 0.284375 0.851562 0.125000 0.234375
0 0.314063 0.696094 0.068750 0.101562
0 0.263281 0.700000 0.064063 0.084375
0 0.265625 0.641406 0.050000 0.076563
0 0.157031 0.633594 0.054688 0.082813
0 0.180469 0.603906 0.045313 0.067187
0 0.301563 0.607813 0.040625 0.059375
0 0.379688 0.652344 0.056250 0.092188
0 0.523438 0.447656 0.125000 0.226562
0 0.653125 0.787500 0.087500 0.184375
0 0.714063 0.642188 0.050000 0.096875
0 0.766406 0.637500 0.057813 0.109375
0 0.826563 0.629688 0.059375 0.100000
0 0.817969 0.795313 0.079688 0.134375
0 0.921094 0.830469 0.114063 0.176563
0 0.921094 0.703906 0.054688 0.092188
0 0.912500 0.617969 0.050000 0.079688
0 0.972656 0.633594 0.051563 0.076563
0 0.976562 0.765625 0.046875 0.137500
