0 0.047656 0.410938 0.035938 0.062500
0 0.110938 0.363281 0.028125 0.060938
0 0.100781 0.441406 0.029688 0.064063
0 0.128125 0.449219 0.031250 0.057813
0 0.173438 0.460938 0.031250 0.062500
0 0.206250 0.461719 0.028125 0.057813
0 0.185156 0.433594 0.023438 0.051563
0 0.160938 0.375000 0.021875 0.050000
0 0.186719 0.385938 0.023438 0.046875
0 0.217188 0.401563 0.025000 0.050000
0 0.224219 0.350781 0.020313 0.042188
0 0.248438 0.370313 0.021875 0.046875
0 0.255469 0.457813 0.026563 0.056250
0 0.274219 0.376563 0.026563 0.056250
0 0.287500 0.337500 0.025000 0.046875
0 0.292969 0.429688 0.032813 0.056250
0 0.314844 0.392188 0.026563 0.050000
0 0.323438 0.367188 0.025000 0.053125
0 0.341406 0.426563 0.029688 0.062500
0 0.364844 0.387500 0.029688 0.053125
0 0.347656 0.366406 0.020313 0.054688
0 0.376563 0.367188 0.015625 0.046875
0 0.396094 0.418750 0.023438 0.053125
0 0.393750 0.359375 0.025000 0.050000
0 0.431250 0.353906 0.021875 0.051563
0 0.421875 0.422656 0.028125 0.064063
0 0.403906 0.539844 0.023438 0.064063
0 0.466406 0.521875 0.032813 0.059375
0 0.524219 0.523438 0.026563 0.059375
0 0.569531 0.549219 0.026563 0.051563
0 0.601562 0.544531 0.031250 0.054688
0 0.527344 0.438281 0.023438 0.054688
0 0.496875 0.417188 0.031250 0.059375
0 0.478125 0.380469 0.021875 0.045313
0 0.454688 0.415625 0.021875 0.053125
0 0.460938 0.353125 0.025000 0.050000
0 0.515625 0.370313 0.021875 0.046875
0 0.535938 0.373438 0.028125 0.050000
0 0.564844 0.440625 0.023438 0.053125
0 0.564063 0.359375 0.021875 0.046875
0 0.586719 0.376563 0.020313 0.056250
0 0.602344 0.417188 0.026563 0.059375
0 0.607813 0.353906 0.018750 0.048438
0 0.650781 0.522656 0.029688 0.070312
0 0.644531 0.417188 0.029688 0.059375
0 0.626563 0.380469 0.018750 0.054688
0 0.660938 0.359375 0.021875 0.053125
0 0.682031 0.379688 0.026563 0.059375
0 0.696875 0.461719 0.028125 0.051563
0 0.712500 0.409375 0.031250 0.046875
0 0.702344 0.345313 0.020313 0.043750
0 0.721875 0.365625 0.021875 0.046875
0 0.737500 0.393750 0.025000 0.053125
0 0.730469 0.451563 0.026563 0.059375
0 0.744531 0.508594 0.029688 0.073438
0 0.712500 0.646875 0.031250 0.078125
0 0.748438 0.353906 0.018750 0.039062
0 0.758594 0.377344 0.023438 0.048438
0 0.760156 0.441406 0.026563 0.057813
0 0.789062 0.499219 0.028125 0.067187
0 0.783594 0.389844 0.020313 0.051563
0 0.811719 0.393750 0.023438 0.056250
0 0.830469 0.384375 0.026563 0.053125
0 0.815625 0.369531 0.021875 0.039062
0 0.853906 0.399219 0.023438 0.060938
0 0.830469 0.445312 0.029688 0.059375
0 0.825000 0.521875 0.028125 0.068750
0 0.867969 0.539844 0.032813 0.064063
0 0.892969 0.439844 0.032813 0.064063
0 0.880469 0.372656 0.023438 0.054688
0 0.910938 0.400000 0.028125 0.056250
0 0.940625 0.437500 0.034375 0.071875
