0 0.137500 0.379688 0.034375 0.043750
0 0.058594 0.557813 0.045313 0.068750
0 0.146875 0.507812 0.040625 0.062500
0 0.192188 0.510156 0.028125 0.048438
0 0.244531 0.489844 0.029688 0.045313
0 0.286719 0.487500 0.029688 0.040625
0 0.228906 0.580469 0.048438 0.079688
0 0.278125 0.564063 0.043750 0.071875
0 0.362500 0.532031 0.046875 0.060938
0 0.345313 0.487500 0.028125 0.037500
0 0.382812 0.482813 0.031250 0.040625
0 0.456250 0.504688 0.031250 0.046875
0 0.475781 0.552344 0.039062 0.057813
0 0.514844 0.499219 0.029688 0.048438
0 0.542969 0.525781 0.035938 0.051563
0 0.602344 0.491406 0.026563 0.045313
0 0.478125 0.802344 0.121875 0.157813
0 0.667969 0.621094 0.057813 0.107813
0 0.736719 0.570312 0.051563 0.087500
0 0.759375 0.542188 0.037500 0.059375
0 0.792188 0.517188 0.031250 0.043750
0 0.778125 0.912500 0.121875 0.165625
0 0.862500 0.673438 0.068750 0.125000
0 0.855469 0.589063 0.048438 0.078125
0 0.879688 0.546875 0.034375 0.059375
0 0.900781 0.521094 0.032813 0.048438
