0 0.034375 0.599219 0.040625 0.095313
0 0.019531 0.356250 0.017188 0.037500
0 0.105469 0.578125 0.042188 0.071875
0 0.105469 0.459375 0.039062 0.065625
0 0.088281 0.345313 0.020313 0.037500
0 0.110156 0.321875 0.017188 0.040625
0 0.133594 0.336719 0.017188 0.035938
0 0.148438 0.410156 0.025000 0.048438
0 0.168750 0.548438 0.031250 0.062500
0 0.196875 0.514062 0.031250 0.050000
0 0.175781 0.382031 0.020313 0.045313
0 0.189063 0.307031 0.015625 0.029688
0 0.205469 0.366406 0.017188 0.035938
0 0.204688 0.343750 0.015625 0.025000
0 0.224219 0.332813 0.014063 0.028125
0 0.225781 0.425000 0.026563 0.062500
0 0.242969 0.393750 0.017188 0.034375
0 0.256250 0.547656 0.031250 0.067187
0 0.294531 0.503125 0.026563 0.053125
0 0.273438 0.464844 0.025000 0.045313
0 0.289062 0.439063 0.021875 0.034375
0 0.261719 0.367969 0.014063 0.023438
0 0.246094 0.326563 0.010938 0.025000
0 0.300781 0.295313 0.014063 0.021875
0 0.285156 0.394531 0.017188 0.029688
0 0.308594 0.362500 0.014063 0.028125
0 0.330469 0.397656 0.017188 0.026563
0 0.323438 0.433594 0.018750 0.032813
0 0.332031 0.471094 0.020313 0.042188
0 0.340625 0.528906 0.028125 0.064063
0 0.377344 0.507812 0.023438 0.053125
0 0.382812 0.471094 0.021875 0.042188
0 0.362500 0.434375 0.018750 0.034375
0 0.372656 0.397656 0.014063 0.026563
0 0.377344 0.372656 0.014063 0.026563
0 0.372656 0.304688 0.010938 0.025000
0 0.421875 0.292969 0.012500 0.023438
0 0.433594 0.360156 0.014063 0.026563
0 0.428906 0.396094 0.017188 0.032813
0 0.414844 0.421094 0.017188 0.032813
0 0.428906 0.468750 0.020313 0.034375
0 0.427344 0.516406 0.026563 0.057813
0 0.457813 0.482813 0.025000 0.053125
0 0.474219 0.424219 0.017188 0.035938
0 0.464063 0.388281 0.015625 0.032813
0 0.486719 0.360156 0.014063 0.023438
0 0.483594 0.295313 0.014063 0.021875
0 0.510156 0.318750 0.010938 0.025000
0 0.533594 0.421875 0.020313 0.034375
0 0.508594 0.467969 0.023438 0.042188
0 0.513281 0.526563 0.029688 0.059375
0 0.542188 0.503125 0.025000 0.046875
0 0.566406 0.468750 0.017188 0.040625
0 0.545312 0.370313 0.012500 0.028125
0 0.560937 0.310156 0.015625 0.029688
0 0.593750 0.320312 0.012500 0.021875
0 0.572656 0.385156 0.017188 0.026563
0 0.600000 0.431250 0.018750 0.037500
0 0.581250 0.504688 0.025000 0.050000
0 0.610156 0.514062 0.026563 0.059375
0 0.628125 0.473438 0.018750 0.037500
0 0.652344 0.505469 0.026563 0.051563
0 0.623438 0.390625 0.015625 0.028125
0 0.650000 0.365625 0.012500 0.028125
0 0.685156 0.310156 0.014063 0.026563
0 0.671875 0.386719 0.015625 0.029688
0 0.658594 0.435938 0.020313 0.037500
0 0.689063 0.471875 0.021875 0.040625
0 0.710156 0.523438 0.032813 0.062500
0 0.725000 0.476562 0.018750 0.034375
0 0.701563 0.431250 0.018750 0.040625
0 0.714844 0.394531 0.020313 0.029688
0 0.728125 0.365625 0.021875 0.021875
0 0.752344 0.397656 0.014063 0.026563
0 0.762500 0.428125 0.021875 0.037500
0 0.757812 0.485156 0.025000 0.042188
0 0.813281 0.535938 0.039062 0.062500
0 0.803906 0.471094 0.023438 0.042188
0 0.829688 0.431250 0.018750 0.034375
0 0.802344 0.400000 0.017188 0.028125
0 0.798438 0.332813 0.012500 0.028125
0 0.836719 0.321875 0.014063 0.025000
0 0.875781 0.325781 0.014063 0.032813
0 0.864063 0.395313 0.015625 0.028125
0 0.878125 0.435156 0.021875 0.042188
0 0.860938 0.507031 0.028125 0.054688
0 0.892188 0.486719 0.015625 0.035938
0 0.912500 0.485156 0.018750 0.045313
0 0.921875 0.518750 0.031250 0.059375
0 0.944531 0.551563 0.032813 0.059375
0 0.920313 0.322656 0.015625 0.032813
