0 0.035938 0.243750 0.059375 0.121875
0 0.078906 0.192188 0.039062 0.068750
0 0.260156 0.482031 0.107813 0.145313
0 0.352344 0.410156 0.085938 0.104688
0 0.336719 0.290625 0.067187 0.100000
0 0.301563 0.264844 0.037500 0.064063
0 0.265625 0.240625 0.037500 0.053125
0 0.374219 0.243750 0.032813 0.056250
0 0.420313 0.258594 0.053125 0.082813
0 0.477344 0.302344 0.073438 0.104688
0 0.585938 0.540625 0.106250 0.146875
0 0.668750 0.460938 0.084375 0.131250
0 0.691406 0.342969 0.048438 0.079688
0 0.821875 0.226562 0.068750 0.103125
0 0.869531 0.373438 0.057813 0.100000
0 0.913281 0.321094 0.051563 0.073438
0 0.755469 0.389844 0.042188 0.092188
0 0.702344 0.291406 0.064063 0.082813
0 0.643750 0.295313 0.043750 0.075000
0 0.578906 0.273438 0.051563 0.068750
