0 0.014063 0.417969 0.025000 0.064063
0 0.064844 0.464063 0.026563 0.050000
0 0.094531 0.448438 0.026563 0.046875
0 0.124219 0.436719 0.026563 0.060938
0 0.160156 0.439063 0.042188 0.078125
0 0.241406 0.412500 0.064063 0.103125
0 0.289844 0.428125 0.032813 0.078125
0 0.355469 0.443750 0.026563 0.053125
0 0.418750 0.439063 0.034375 0.078125
0 0.382031 0.457031 0.017188 0.042188
0 0.337500 0.453906 0.015625 0.029688
0 0.326563 0.466406 0.015625 0.035938
0 0.461719 0.451563 0.026563 0.053125
0 0.525781 0.417969 0.054688 0.114063
0 0.601562 0.434375 0.040625 0.096875
0 0.636719 0.460156 0.029688 0.070312
0 0.703125 0.465625 0.037500 0.081250
0 0.759375 0.495313 0.018750 0.050000
0 0.967188 0.376563 0.025000 0.046875
0 0.953906 0.378125 0.023438 0.050000
