0 0.403906 0.325781 0.029688 0.054688
0 0.636719 0.410938 0.026563 0.046875
0 0.683594 0.393750 0.026563 0.050000
0 0.694531 0.340625 0.029688 0.053125
0 0.750000 0.337500 0.028125 0.053125
0 0.831250 0.331250 0.034375 0.053125
0 0.922656 0.451563 0.029688 0.050000
0 0.955469 0.468750 0.032813 0.050000
0 0.918750 0.596875 0.053125 0.090625
0 0.849219 0.546094 0.042188 0.070312
0 0.792188 0.476562 0.037500 0.059375
0 0.707813 0.489063 0.031250 0.059375
0 0.742188 0.517969 0.046875 0.082813
0 0.748438 0.582813 0.059375 0.100000
0 0.833594 0.668750 0.076563 0.109375
0 0.881250 0.832813 0.103125 0.190625
0 0.376563 0.809375 0.109375 0.171875
0 0.125781 0.795313 0.089063 0.165625
0 0.325781 0.625000 0.064063 0.106250
0 0.381250 0.575781 0.053125 0.082813
0 0.400781 0.525781 0.048438 0.079688
0 0.438281 0.496094 0.045313 0.067187
0 0.471875 0.468750 0.031250 0.053125
0 0.470313 0.628906 0.071875 0.132812
0 0.521875 0.604688 0.053125 0.100000
0 0.526563 0.526563 0.043750 0.068750
0 0.539062 0.485938 0.037500 0.050000
0 0.538281 0.453125 0.029688 0.050000
0 0.315625 0.450000 0.037500 0.056250
0 0.274219 0.462500 0.039062 0.059375
0 0.237500 0.510156 0.043750 0.064063
0 0.253906 0.448438 0.032813 0.056250
0 0.152344 0.548438 0.051563 0.075000
0 0.181250 0.473438 0.040625 0.053125
0 0.120313 0.500000 0.046875 0.065625
0 0.104688 0.442188 0.037500 0.053125
0 0.056250 0.524219 0.053125 0.079688
0 0.035156 0.582031 0.064063 0.089063
0 0.024219 0.474219 0.039062 0.060938
0 0.050000 0.440625 0.031250 0.050000
