0 0.037500 0.410938 0.021875 0.040625
0 0.239844 0.350781 0.014063 0.029688
0 0.265625 0.382812 0.015625 0.034375
0 0.342188 0.368750 0.018750 0.037500
0 0.296875 0.316406 0.015625 0.029688
0 0.365625 0.303125 0.015625 0.031250
0 0.388281 0.335938 0.010938 0.028125
0 0.414844 0.346094 0.017188 0.039062
0 0.414844 0.310156 0.017188 0.026563
0 0.416406 0.282813 0.014063 0.028125
0 0.396875 0.267969 0.012500 0.026563
0 0.435938 0.265625 0.012500 0.021875
0 0.453125 0.275781 0.012500 0.023438
0 0.441406 0.315625 0.014063 0.025000
0 0.467969 0.348438 0.017188 0.040625
0 0.476562 0.311719 0.015625 0.032813
0 0.484375 0.279688 0.012500 0.028125
0 0.470313 0.260937 0.012500 0.021875
0 0.481250 0.244531 0.015625 0.023438
0 0.520313 0.278125 0.012500 0.028125
0 0.528125 0.260937 0.009375 0.021875
0 0.532813 0.245313 0.012500 0.021875
0 0.547656 0.278906 0.014063 0.032813
0 0.567188 0.300000 0.015625 0.031250
0 0.513281 0.331250 0.020313 0.037500
0 0.592969 0.270313 0.014063 0.031250
0 0.567969 0.240625 0.014063 0.028125
0 0.585156 0.232813 0.010938 0.025000
0 0.613281 0.230469 0.014063 0.029688
0 0.620313 0.214844 0.015625 0.023438
0 0.467969 0.428125 0.026563 0.043750
0 0.546875 0.364063 0.025000 0.040625
0 0.555469 0.419531 0.026563 0.060938
0 0.621094 0.435938 0.026563 0.050000
0 0.622656 0.376563 0.023438 0.043750
0 0.608594 0.342969 0.017188 0.035938
0 0.641406 0.309375 0.017188 0.040625
0 0.650000 0.256250 0.012500 0.025000
0 0.610156 0.264844 0.014063 0.023438
0 0.637500 0.228125 0.009375 0.025000
0 0.649219 0.234375 0.010938 0.015625
0 0.666406 0.221875 0.010938 0.021875
0 0.687500 0.239844 0.012500 0.023438
0 0.708594 0.234375 0.010938 0.031250
0 0.685938 0.281250 0.015625 0.034375
0 0.667188 0.378125 0.021875 0.050000
0 0.700000 0.367188 0.018750 0.040625
0 0.692188 0.456250 0.031250 0.056250
0 0.713281 0.500781 0.032813 0.073438
0 0.741406 0.414844 0.026563 0.048438
0 0.736719 0.300000 0.017188 0.031250
0 0.716406 0.267969 0.014063 0.029688
0 0.751563 0.254688 0.012500 0.031250
0 0.764063 0.236719 0.012500 0.026563
0 0.761719 0.278906 0.014063 0.029688
0 0.773438 0.264063 0.012500 0.028125
0 0.784375 0.300781 0.015625 0.042188
0 0.789844 0.250781 0.010938 0.026563
0 0.800781 0.263281 0.014063 0.026563
0 0.829688 0.276562 0.015625 0.025000
0 0.853125 0.267188 0.012500 0.028125
0 0.830469 0.307813 0.014063 0.031250
0 0.831250 0.521094 0.028125 0.057813
0 0.790625 0.439844 0.021875 0.051563
0 0.856250 0.453906 0.028125 0.051563
0 0.928125 0.481250 0.031250 0.059375
0 0.822656 0.378906 0.020313 0.045313
0 0.829688 0.343750 0.012500 0.025000
0 0.855469 0.324219 0.017188 0.035938
0 0.873438 0.386719 0.018750 0.048438
0 0.892188 0.361719 0.015625 0.035938
0 0.896094 0.328906 0.014063 0.026563
0 0.928906 0.339844 0.017188 0.039062
0 0.948438 0.360156 0.018750 0.039062
0 0.910156 0.298438 0.014063 0.031250
0 0.866406 0.289844 0.014063 0.026563
0 0.874219 0.277344 0.014063 0.029688
0 0.886719 0.262500 0.014063 0.031250
0 0.947656 0.288281 0.014063 0.029688
0 0.936719 0.299219 0.010938 0.023438
0 0.296875 0.388281 0.018750 0.039062
0 0.364063 0.346094 0.018750 0.032813
