0 0.387500 0.411719 0.043750 0.092188
0 0.271875 0.221875 0.015625 0.034375
0 0.294531 0.215625 0.017188 0.034375
0 0.328125 0.209375 0.015625 0.031250
0 0.344531 0.167188 0.010938 0.028125
0 0.349219 0.208594 0.017188 0.029688
0 0.367969 0.202344 0.014063 0.026563
0 0.373438 0.221875 0.018750 0.037500
0 0.385938 0.242969 0.018750 0.042188
0 0.389063 0.203906 0.018750 0.029688
0 0.379688 0.163281 0.012500 0.023438
0 0.410156 0.158594 0.014063 0.026563
0 0.416406 0.178906 0.014063 0.029688
0 0.418750 0.151563 0.009375 0.018750
0 0.442188 0.142187 0.012500 0.025000
0 0.437500 0.193750 0.015625 0.034375
0 0.465625 0.194531 0.018750 0.039062
0 0.442188 0.177344 0.012500 0.026563
0 0.441406 0.235938 0.017188 0.037500
0 0.482031 0.128125 0.010938 0.025000
0 0.485156 0.139844 0.014063 0.026563
0 0.490625 0.172656 0.015625 0.029688
0 0.496875 0.120313 0.009375 0.021875
0 0.512500 0.143750 0.012500 0.025000
0 0.522656 0.172656 0.014063 0.029688
0 0.540625 0.157031 0.015625 0.029688
0 0.548438 0.126562 0.012500 0.031250
0 0.571094 0.128125 0.014063 0.025000
0 0.553125 0.178125 0.018750 0.031250
0 0.518750 0.128125 0.009375 0.015625
0 0.585938 0.158594 0.015625 0.032813
0 0.598438 0.148438 0.012500 0.028125
0 0.618750 0.132812 0.015625 0.025000
0 0.599219 0.131250 0.010938 0.021875
0 0.594531 0.114063 0.010938 0.015625
0 0.629688 0.109375 0.009375 0.018750
0 0.637500 0.108594 0.012500 0.026563
0 0.646875 0.106250 0.012500 0.028125
0 0.653125 0.138281 0.012500 0.029688
0 0.641406 0.150000 0.010938 0.028125
0 0.592969 0.220313 0.017188 0.034375
0 0.596094 0.210156 0.020313 0.026563
0 0.637500 0.244531 0.018750 0.035938
0 0.653125 0.238281 0.018750 0.029688
0 0.662500 0.173438 0.015625 0.031250
0 0.685938 0.102344 0.009375 0.020313
0 0.690625 0.118750 0.015625 0.028125
0 0.710156 0.107031 0.014063 0.029688
0 0.701563 0.175000 0.015625 0.034375
0 0.717188 0.177344 0.015625 0.029688
0 0.734375 0.141406 0.012500 0.026563
0 0.744531 0.157031 0.014063 0.032813
0 0.754688 0.192188 0.015625 0.034375
0 0.735938 0.231250 0.018750 0.040625
0 0.692969 0.250781 0.020313 0.042188
0 0.696875 0.305469 0.028125 0.057813
0 0.765625 0.342188 0.028125 0.059375
0 0.799219 0.283594 0.023438 0.045313
0 0.831250 0.243750 0.018750 0.043750
0 0.774219 0.242969 0.023438 0.039062
0 0.803125 0.199219 0.015625 0.035938
0 0.793750 0.161719 0.009375 0.023438
0 0.782813 0.121094 0.009375 0.026563
0 0.809375 0.132031 0.009375 0.023438
0 0.823438 0.132031 0.009375 0.023438
0 0.840625 0.149219 0.012500 0.026563
0 0.833594 0.166406 0.010938 0.029688
0 0.821094 0.198438 0.014063 0.028125
0 0.842969 0.214844 0.017188 0.042188
0 0.857813 0.211719 0.015625 0.035938
0 0.873438 0.178125 0.012500 0.031250
0 0.878125 0.159375 0.012500 0.031250
0 0.857031 0.146875 0.010938 0.028125
0 0.910938 0.143750 0.012500 0.025000
0 0.910938 0.164062 0.012500 0.025000
0 0.903125 0.179688 0.012500 0.031250
0 0.904688 0.213281 0.015625 0.029688
0 0.898438 0.227344 0.018750 0.045313
0 0.946875 0.174219 0.009375 0.020313
0 0.958594 0.178125 0.010938 0.018750
0 0.934375 0.200000 0.012500 0.028125
0 0.929688 0.239844 0.015625 0.032813
0 0.914062 0.351562 0.025000 0.059375
