0 0.042188 0.278125 0.043750 0.065625
0 0.206250 0.279688 0.037500 0.056250
0 0.379688 0.273438 0.046875 0.081250
0 0.368750 0.453906 0.068750 0.126562
0 0.481250 0.413281 0.071875 0.151563
0 0.570312 0.509375 0.109375 0.171875
0 0.570312 0.425781 0.050000 0.089063
0 0.685156 0.475781 0.098438 0.151563
0 0.682031 0.371094 0.054688 0.092188
0 0.724219 0.404688 0.054688 0.121875
0 0.780469 0.369531 0.039062 0.089063
0 0.752344 0.378906 0.042188 0.089063
0 0.825781 0.372656 0.048438 0.089063
0 0.847656 0.414062 0.067187 0.106250
0 0.893750 0.585156 0.146875 0.257812
0 0.958594 0.478125 0.082813 0.156250
0 0.908594 0.400781 0.048438 0.104688
0 0.990625 0.286719 0.018750 0.029688
0 0.945312 0.389063 0.031250 0.068750
0 0.966406 0.363281 0.045313 0.076563
