0 0.096094 0.417188 0.057813 0.200000
0 0.035938 0.287500 0.046875 0.171875
0 0.099219 0.214063 0.051563 0.165625
0 0.020313 0.089844 0.028125 0.120313
0 0.196094 0.059375 0.029688 0.106250
0 0.334375 0.058594 0.040625 0.114063
0 0.160938 0.643750 0.065625 0.221875
0 0.250000 0.492969 0.065625 0.204688
0 0.485156 0.358594 0.089063 0.304688
0 0.678125 0.382812 0.046875 0.203125
0 0.663281 0.273438 0.048438 0.143750
0 0.634375 0.164062 0.040625 0.153125
0 0.635156 0.085938 0.039062 0.112500
0 0.604688 0.059375 0.034375 0.106250
0 0.743750 0.220313 0.040625 0.159375
0 0.710156 0.121875 0.039062 0.150000
0 0.763281 0.067187 0.029688 0.096875
0 0.843750 0.197656 0.040625 0.148438
0 0.882031 0.236719 0.042188 0.142187
0 0.819531 0.378125 0.042188 0.171875
0 0.860156 0.107031 0.029688 0.123438
0 0.946094 0.125781 0.035938 0.151563
0 0.929688 0.039062 0.028125 0.075000
0 0.981250 0.082031 0.037500 0.110938
0 0.829688 0.709375 0.087500 0.303125
0 0.903125 0.889063 0.106250 0.221875
0 0.963281 0.585156 0.067187 0.257812
