0 0.084375 0.553906 0.112500 0.154688
0 0.064063 0.378906 0.046875 0.064063
0 0.150000 0.426563 0.059375 0.075000
0 0.221094 0.451563 0.076563 0.106250
0 0.136719 0.380469 0.054688 0.064063
0 0.153906 0.337500 0.042188 0.059375
0 0.189063 0.360156 0.040625 0.054688
0 0.054688 0.351562 0.037500 0.053125
0 0.278906 0.232031 0.026563 0.042188
0 0.280469 0.359375 0.054688 0.075000
0 0.351562 0.388281 0.050000 0.073438
0 0.328906 0.352344 0.035938 0.048438
0 0.375000 0.335938 0.028125 0.046875
0 0.434375 0.384375 0.043750 0.056250
0 0.430469 0.327344 0.032813 0.042188
0 0.496875 0.351562 0.028125 0.040625
0 0.488281 0.335156 0.026563 0.026563
0 0.481250 0.313281 0.018750 0.023438
0 0.518750 0.369531 0.040625 0.054688
0 0.567188 0.425000 0.075000 0.100000
0 0.550000 0.354688 0.037500 0.050000
0 0.564844 0.330469 0.023438 0.029688
0 0.575000 0.323438 0.018750 0.028125
0 0.600781 0.339844 0.029688 0.048438
0 0.642969 0.359375 0.039062 0.050000
0 0.702344 0.440625 0.092188 0.137500
0 0.760938 0.389844 0.046875 0.076563
0 0.739844 0.351562 0.029688 0.043750
0 0.700781 0.339844 0.023438 0.032813
0 0.750000 0.328125 0.021875 0.037500
0 0.779688 0.342188 0.028125 0.040625
0 0.841406 0.364063 0.042188 0.053125
0 0.864844 0.456250 0.076563 0.125000
0 0.925000 0.459375 0.059375 0.096875
0 0.914062 0.390625 0.050000 0.056250
0 0.878906 0.375781 0.039062 0.048438
0 0.971875 0.358594 0.037500 0.057813
