0 0.117969 0.743750 0.207813 0.262500
0 0.235938 0.507031 0.134375 0.164062
0 0.132812 0.367969 0.081250 0.114063
0 0.061719 0.325781 0.064063 0.079688
0 0.082031 0.254688 0.057813 0.075000
0 0.146094 0.253125 0.045313 0.062500
0 0.207813 0.315625 0.062500 0.084375
0 0.221875 0.253125 0.046875 0.062500
0 0.293750 0.221875 0.046875 0.056250
0 0.308594 0.257812 0.045313 0.040625
0 0.317969 0.301563 0.064063 0.065625
0 0.339844 0.360938 0.089063 0.115625
0 0.439844 0.242969 0.045313 0.079688
0 0.490625 0.253125 0.053125 0.078125
0 0.552344 0.254688 0.045313 0.075000
0 0.619531 0.288281 0.073438 0.098438
0 0.552344 0.356250 0.082813 0.103125
0 0.553906 0.461719 0.110938 0.154688
0 0.685938 0.569531 0.168750 0.214063
0 0.736719 0.370313 0.101562 0.143750
0 0.739063 0.198438 0.046875 0.075000
0 0.831250 0.290625 0.065625 0.100000
0 0.914062 0.278906 0.068750 0.098438
0 0.886719 0.600000 0.226562 0.275000
