0 0.192969 0.778125 0.142187 0.215625
0 0.103125 0.526563 0.034375 0.043750
0 0.149219 0.525000 0.029688 0.037500
0 0.260937 0.479688 0.040625 0.062500
0 0.342188 0.545312 0.050000 0.059375
0 0.407031 0.550781 0.045313 0.054688
0 0.432813 0.517188 0.021875 0.031250
0 0.370313 0.512500 0.018750 0.025000
0 0.496094 0.592187 0.054688 0.071875
0 0.515625 0.521875 0.025000 0.031250
0 0.499219 0.515625 0.017188 0.031250
0 0.567188 0.520313 0.025000 0.031250
0 0.633594 0.735938 0.114063 0.150000
0 0.922656 0.878906 0.145313 0.210938
0 0.682031 0.593750 0.054688 0.081250
0 0.646875 0.565625 0.031250 0.065625
0 0.707813 0.515625 0.040625 0.062500
0 0.017969 0.553125 0.026563 0.043750
0 0.035156 0.540625 0.023438 0.040625
