0 0.221875 0.425000 0.121875 0.175000
0 0.253906 0.309375 0.070312 0.109375
0 0.312500 0.364844 0.096875 0.145313
0 0.396875 0.329688 0.065625 0.125000
0 0.460156 0.367969 0.070312 0.114063
0 0.507031 0.396875 0.123438 0.196875
0 0.546094 0.439844 0.157813 0.226562
0 0.611719 0.359375 0.092188 0.143750
0 0.681250 0.335938 0.075000 0.150000
0 0.804688 0.345313 0.128125 0.190625
0 0.883594 0.435938 0.145313 0.212500
0 0.972656 0.128125 0.045313 0.090625
0 0.946875 0.154688 0.040625 0.087500
0 0.902344 0.121094 0.054688 0.095313
0 0.757812 0.144531 0.059375 0.089063
0 0.671094 0.080469 0.079688 0.110938
0 0.428125 0.065625 0.053125 0.096875
0 0.597656 0.167969 0.039062 0.060938
0 0.345313 0.145313 0.025000 0.043750
0 0.219531 0.132812 0.026563 0.043750
0 0.109375 0.085938 0.037500 0.056250
0 0.057031 0.080469 0.035938 0.045313
0 0.099219 0.350781 0.070312 0.107813
0 0.113281 0.289844 0.067187 0.092188
0 0.047656 0.325000 0.051563 0.096875
0 0.019531 0.307813 0.032813 0.100000
