0 0.048438 0.267188 0.040625 0.050000
0 0.116406 0.294531 0.032813 0.048438
0 0.168750 0.275781 0.028125 0.045313
0 0.250000 0.344531 0.050000 0.067187
0 0.319531 0.274219 0.042188 0.082813
0 0.365625 0.282813 0.031250 0.053125
0 0.392188 0.315625 0.043750 0.062500
0 0.442188 0.315625 0.031250 0.043750
0 0.495313 0.331250 0.056250 0.081250
0 0.471094 0.328125 0.032813 0.050000
0 0.559375 0.323438 0.037500 0.059375
0 0.586719 0.333594 0.039062 0.067187
0 0.640625 0.356250 0.043750 0.068750
0 0.745313 0.393750 0.053125 0.084375
0 0.742188 0.326563 0.053125 0.071875
0 0.845313 0.350000 0.056250 0.078125
0 0.898438 0.347656 0.071875 0.095313
0 0.278906 0.278125 0.026563 0.037500
0 0.239844 0.282031 0.035938 0.054688
0 0.201563 0.292187 0.034375 0.046875
