0 0.132031 0.509375 0.017188 0.043750
0 0.022656 0.391406 0.017188 0.032813
0 0.035156 0.255469 0.014063 0.029688
0 0.138281 0.246094 0.017188 0.035938
0 0.185156 0.260156 0.014063 0.032813
0 0.231250 0.268750 0.015625 0.037500
0 0.308594 0.304688 0.017188 0.025000
0 0.114063 0.367188 0.012500 0.031250
0 0.140625 0.352344 0.012500 0.023438
0 0.167188 0.364844 0.012500 0.026563
0 0.492188 0.518750 0.018750 0.053125
0 0.773438 0.092969 0.118750 0.182813
0 0.638281 0.508594 0.020313 0.039062
0 0.579688 0.429688 0.009375 0.025000
