0 0.132812 0.558594 0.040625 0.079688
0 0.230469 0.351562 0.020313 0.037500
0 0.258594 0.378906 0.020313 0.048438
0 0.290625 0.376563 0.018750 0.043750
0 0.287500 0.325781 0.015625 0.032813
0 0.342188 0.368750 0.018750 0.043750
0 0.356250 0.342188 0.015625 0.037500
0 0.356250 0.310156 0.015625 0.035938
0 0.388281 0.343750 0.017188 0.040625
0 0.412500 0.341406 0.018750 0.042188
0 0.411719 0.309375 0.017188 0.025000
0 0.394531 0.275000 0.017188 0.034375
0 0.407031 0.289062 0.017188 0.031250
0 0.432031 0.266406 0.014063 0.029688
0 0.450781 0.272656 0.014063 0.032813
0 0.469531 0.249219 0.014063 0.029688
0 0.475781 0.243750 0.014063 0.028125
0 0.429688 0.300000 0.015625 0.028125
0 0.469531 0.327344 0.023438 0.039062
0 0.507031 0.336719 0.023438 0.039062
0 0.454688 0.360156 0.018750 0.035938
0 0.471875 0.438281 0.031250 0.054688
0 0.545312 0.377344 0.028125 0.048438
0 0.511719 0.274219 0.017188 0.029688
0 0.521094 0.249219 0.010938 0.029688
0 0.527344 0.265625 0.017188 0.031250
0 0.528906 0.288281 0.020313 0.039062
0 0.555469 0.292187 0.017188 0.037500
0 0.561719 0.233594 0.014063 0.029688
0 0.560937 0.255469 0.015625 0.029688
0 0.578906 0.260937 0.017188 0.034375
0 0.574219 0.230469 0.010938 0.023438
0 0.583594 0.239844 0.014063 0.026563
0 0.617188 0.220313 0.015625 0.028125
0 0.636719 0.219531 0.014063 0.029688
0 0.606250 0.240625 0.015625 0.021875
0 0.604688 0.259375 0.012500 0.028125
0 0.646094 0.233594 0.014063 0.029688
0 0.637500 0.264063 0.015625 0.031250
0 0.672656 0.223438 0.014063 0.028125
0 0.683594 0.238281 0.014063 0.029688
0 0.689063 0.228125 0.012500 0.028125
0 0.678906 0.284375 0.017188 0.031250
0 0.642188 0.313281 0.018750 0.035938
0 0.608594 0.337500 0.023438 0.043750
0 0.628125 0.379688 0.021875 0.046875
0 0.663281 0.382812 0.026563 0.059375
0 0.653125 0.353906 0.018750 0.039062
0 0.688281 0.325781 0.017188 0.045313
0 0.700000 0.385156 0.021875 0.054688
0 0.727344 0.415625 0.029688 0.056250
0 0.592187 0.460938 0.034375 0.075000
0 0.639063 0.475781 0.037500 0.073438
0 0.539844 0.437500 0.035938 0.053125
0 0.714063 0.260156 0.015625 0.032813
0 0.742969 0.247656 0.010938 0.029688
0 0.754688 0.242188 0.012500 0.034375
0 0.745313 0.267188 0.012500 0.034375
0 0.771094 0.264063 0.010938 0.021875
0 0.775781 0.274219 0.014063 0.023438
0 0.784375 0.290625 0.015625 0.040625
0 0.710156 0.308594 0.020313 0.039062
0 0.793750 0.249219 0.012500 0.029688
0 0.817188 0.252344 0.015625 0.029688
0 0.825781 0.309375 0.014063 0.034375
0 0.850781 0.264844 0.014063 0.026563
0 0.862500 0.283594 0.015625 0.039062
0 0.877344 0.270313 0.014063 0.034375
0 0.900781 0.282031 0.014063 0.029688
0 0.947656 0.290625 0.010938 0.028125
0 0.946875 0.312500 0.012500 0.025000
0 0.928125 0.336719 0.015625 0.045313
0 0.950000 0.368750 0.018750 0.053125
0 0.902344 0.330469 0.014063 0.039062
0 0.861719 0.335156 0.020313 0.039062
0 0.882031 0.346875 0.017188 0.053125
0 0.867188 0.399219 0.025000 0.064063
0 0.831250 0.350781 0.018750 0.057813
0 0.820312 0.367969 0.018750 0.051563
0 0.922656 0.474219 0.029688 0.076563
0 0.851562 0.475781 0.028125 0.064063
0 0.834375 0.509375 0.031250 0.071875
0 0.786719 0.438281 0.026563 0.064063
0 0.705469 0.554688 0.039062 0.078125
