0 0.107031 0.742188 0.039062 0.065625
0 0.134375 0.732031 0.031250 0.051563
0 0.225000 0.779688 0.075000 0.093750
0 0.256250 0.724219 0.053125 0.070312
0 0.414844 0.701563 0.032813 0.059375
0 0.456250 0.703125 0.034375 0.053125
0 0.510156 0.715625 0.045313 0.062500
0 0.580469 0.710156 0.045313 0.067187
0 0.618750 0.710938 0.040625 0.062500
0 0.682813 0.751563 0.062500 0.093750
0 0.662500 0.691406 0.031250 0.042188
0 0.711719 0.707813 0.045313 0.068750
0 0.783594 0.698438 0.035938 0.050000
0 0.803125 0.729688 0.046875 0.075000
0 0.838281 0.756250 0.067187 0.090625
0 0.972656 0.717969 0.057813 0.098438
