0 0.840625 0.628125 0.228125 0.309375
0 0.609375 0.457031 0.140625 0.232813
0 0.430469 0.366406 0.129688 0.189063
0 0.325781 0.278906 0.092188 0.157813
0 0.263281 0.260937 0.064063 0.146875
0 0.132812 0.171094 0.062500 0.085938
0 0.081250 0.178906 0.046875 0.085938
0 0.041406 0.174219 0.045313 0.085938
0 0.062500 0.104688 0.046875 0.075000
0 0.015625 0.134375 0.028125 0.068750
0 0.237500 0.127344 0.053125 0.085938
0 0.359375 0.113281 0.053125 0.092188
0 0.328125 0.106250 0.031250 0.065625
0 0.315625 0.089844 0.025000 0.051563
0 0.401563 0.132812 0.037500 0.075000
0 0.420313 0.093750 0.034375 0.062500
0 0.454688 0.110938 0.043750 0.081250
0 0.501563 0.174219 0.040625 0.079688
0 0.535156 0.182813 0.076563 0.115625
0 0.507031 0.114844 0.032813 0.054688
0 0.478125 0.104688 0.031250 0.068750
0 0.554688 0.118750 0.040625 0.068750
0 0.596094 0.136719 0.032813 0.064063
0 0.617969 0.114844 0.029688 0.054688
0 0.635938 0.223438 0.100000 0.146875
0 0.782031 0.261719 0.089063 0.157813
0 0.753125 0.152344 0.062500 0.095313
0 0.702344 0.126562 0.029688 0.065625
0 0.653906 0.140625 0.042188 0.071875
0 0.667188 0.113281 0.034375 0.051563
0 0.958594 0.321875 0.082813 0.175000
0 0.878125 0.171094 0.081250 0.114063
0 0.930469 0.171094 0.045313 0.092188
0 0.883594 0.108594 0.042188 0.054688
0 0.979688 0.074219 0.031250 0.054688
0 0.833594 0.099219 0.029688 0.051563
0 0.807031 0.092969 0.023438 0.051563
0 0.791406 0.096094 0.029688 0.051563
0 0.759375 0.093750 0.031250 0.040625
0 0.744531 0.083594 0.020313 0.042188
0 0.710938 0.093750 0.021875 0.040625
