0 0.985156 0.260937 0.010938 0.037500
0 0.953906 0.250000 0.010938 0.037500
0 0.931250 0.274219 0.012500 0.039062
0 0.978125 0.313281 0.012500 0.039062
0 0.974219 0.338281 0.014063 0.045313
0 0.978125 0.375781 0.015625 0.048438
0 0.953125 0.387500 0.018750 0.059375
0 0.929688 0.350781 0.015625 0.051563
0 0.957031 0.483594 0.020313 0.073438
0 0.876563 0.432813 0.021875 0.071875
0 0.862500 0.492969 0.025000 0.089063
0 0.863281 0.371094 0.017188 0.054688
0 0.872656 0.319531 0.017188 0.045313
0 0.869531 0.233594 0.010938 0.039062
0 0.906250 0.234375 0.012500 0.037500
0 0.902344 0.264063 0.014063 0.040625
0 0.885938 0.244531 0.012500 0.029688
0 0.887500 0.282031 0.015625 0.054688
0 0.808594 0.195312 0.014063 0.043750
0 0.832031 0.221875 0.014063 0.043750
0 0.820312 0.225781 0.015625 0.042188
0 0.813281 0.302344 0.017188 0.057813
0 0.792188 0.261719 0.015625 0.054688
0 0.788281 0.210156 0.014063 0.042188
0 0.768750 0.191406 0.015625 0.039062
0 0.747656 0.196094 0.010938 0.035938
0 0.748438 0.305469 0.018750 0.054688
0 0.730469 0.224219 0.014063 0.039062
0 0.738281 0.241406 0.014063 0.048438
0 0.725781 0.286719 0.017188 0.051563
0 0.693750 0.212500 0.015625 0.043750
0 0.685938 0.139844 0.012500 0.032813
0 0.685156 0.165625 0.014063 0.031250
0 0.705469 0.166406 0.010938 0.029688
0 0.627344 0.132031 0.010938 0.035938
0 0.594531 0.117969 0.010938 0.032813
0 0.571094 0.139063 0.014063 0.034375
0 0.602344 0.160156 0.014063 0.039062
0 0.546875 0.142969 0.012500 0.039062
0 0.550000 0.166406 0.012500 0.035938
0 0.575781 0.176563 0.014063 0.043750
0 0.572656 0.201563 0.014063 0.040625
0 0.511719 0.171875 0.014063 0.046875
0 0.517969 0.165625 0.014063 0.040625
0 0.544531 0.229688 0.014063 0.046875
0 0.485156 0.155469 0.014063 0.039062
0 0.486719 0.162500 0.014063 0.040625
0 0.485156 0.217188 0.017188 0.050000
0 0.417969 0.171094 0.014063 0.032813
0 0.425781 0.196875 0.014063 0.040625
0 0.436719 0.167969 0.014063 0.039062
0 0.461719 0.250781 0.017188 0.054688
0 0.381250 0.191406 0.015625 0.039062
0 0.386719 0.250000 0.014063 0.043750
0 0.428125 0.312500 0.018750 0.059375
0 0.297656 0.217969 0.017188 0.039062
0 0.309375 0.231250 0.021875 0.050000
0 0.338281 0.214844 0.014063 0.042188
0 0.350781 0.199219 0.014063 0.035938
0 0.357031 0.271094 0.017188 0.057813
0 0.256250 0.242969 0.015625 0.039062
0 0.182813 0.298438 0.015625 0.046875
0 0.214063 0.295313 0.018750 0.050000
0 0.786719 0.453125 0.023438 0.090625
0 0.728125 0.420313 0.021875 0.071875
0 0.653906 0.425781 0.026563 0.067187
0 0.610938 0.295313 0.018750 0.056250
0 0.660938 0.249219 0.018750 0.060938
0 0.650781 0.144531 0.010938 0.042188
0 0.661719 0.140625 0.014063 0.034375
0 0.654688 0.180469 0.012500 0.039062
0 0.607031 0.178906 0.014063 0.039062
0 0.606250 0.196094 0.012500 0.042188
0 0.569531 0.342188 0.020313 0.065625
0 0.606250 0.369531 0.021875 0.067187
0 0.073438 0.571875 0.046875 0.121875
