0 0.418750 0.571094 0.021875 0.029688
0 0.081250 0.531250 0.028125 0.050000
0 0.028125 0.566406 0.034375 0.057813
0 0.082813 0.794531 0.071875 0.126562
0 0.040625 0.709375 0.050000 0.075000
0 0.112500 0.726562 0.037500 0.059375
0 0.124219 0.692969 0.035938 0.054688
0 0.174219 0.707813 0.039062 0.065625
0 0.196094 0.902344 0.114063 0.139063
0 0.228906 0.827344 0.073438 0.139063
0 0.037500 0.851562 0.068750 0.262500
0 0.271875 0.749219 0.056250 0.104688
0 0.396875 0.809375 0.075000 0.143750
0 0.561719 0.807813 0.076563 0.115625
0 0.642188 0.925781 0.112500 0.129688
0 0.643750 0.751563 0.046875 0.081250
0 0.741406 0.785938 0.067187 0.121875
0 0.800781 0.701563 0.035938 0.068750
0 0.835156 0.696875 0.035938 0.065625
0 0.857031 0.661719 0.029688 0.057813
0 0.897656 0.696875 0.042188 0.071875
0 0.936719 0.679688 0.035938 0.056250
0 0.767188 0.702344 0.028125 0.048438
0 0.732813 0.703906 0.031250 0.045313
0 0.728125 0.668750 0.025000 0.037500
0 0.696094 0.681250 0.032813 0.031250
0 0.678906 0.708594 0.032813 0.054688
0 0.641406 0.703906 0.032813 0.045313
0 0.620313 0.686719 0.028125 0.051563
0 0.568750 0.708594 0.028125 0.067187
0 0.492969 0.706250 0.045313 0.062500
0 0.449219 0.718750 0.042188 0.062500
0 0.397656 0.734375 0.042188 0.056250
0 0.356250 0.728906 0.040625 0.064063
0 0.364063 0.684375 0.021875 0.040625
0 0.344531 0.667969 0.029688 0.045313
0 0.535938 0.675000 0.025000 0.050000
0 0.272656 0.679688 0.023438 0.034375
0 0.222656 0.698438 0.032813 0.062500
0 0.216406 0.636719 0.020313 0.029688
0 0.302344 0.700781 0.029688 0.051563
0 0.796875 0.652344 0.025000 0.029688
0 0.896875 0.641406 0.018750 0.029688
0 0.882031 0.629688 0.014063 0.034375
0 0.873438 0.596875 0.015625 0.031250
0 0.890625 0.610938 0.012500 0.031250
0 0.915625 0.632812 0.018750 0.034375
0 0.972656 0.636719 0.026563 0.048438
