0 0.076563 0.623438 0.037500 0.050000
0 0.139844 0.627344 0.032813 0.057813
0 0.182813 0.617969 0.031250 0.042188
0 0.225781 0.632812 0.039062 0.053125
0 0.280469 0.636719 0.032813 0.045313
0 0.334375 0.624219 0.028125 0.048438
0 0.362500 0.621094 0.031250 0.054688
0 0.391406 0.618750 0.026563 0.043750
0 0.422656 0.610938 0.032813 0.050000
0 0.518750 0.596875 0.037500 0.065625
0 0.587500 0.628125 0.034375 0.046875
0 0.600781 0.617969 0.026563 0.045313
0 0.653125 0.622656 0.028125 0.051563
0 0.699219 0.611719 0.029688 0.051563
0 0.736719 0.612500 0.035938 0.065625
0 0.757812 0.605469 0.028125 0.051563
0 0.782031 0.608594 0.023438 0.042188
0 0.832813 0.602344 0.028125 0.051563
0 0.892969 0.588281 0.035938 0.060938
0 0.978125 0.586719 0.034375 0.048438
