0 0.182813 0.300781 0.346875 0.579688
0 0.371875 0.275000 0.031250 0.050000
0 0.434375 0.362500 0.031250 0.043750
0 0.420313 0.333594 0.028125 0.039062
0 0.510156 0.300000 0.023438 0.037500
0 0.551563 0.312500 0.015625 0.031250
0 0.568750 0.259375 0.025000 0.031250
0 0.633594 0.296875 0.010938 0.025000
0 0.657031 0.296094 0.014063 0.026563
0 0.730469 0.260156 0.020313 0.032813
0 0.715625 0.241406 0.018750 0.042188
0 0.780469 0.249219 0.020313 0.039062
0 0.831250 0.274219 0.018750 0.039062
0 0.941406 0.397656 0.045313 0.070312
0 0.952344 0.364844 0.032813 0.051563
0 0.936719 0.307031 0.020313 0.035938
0 0.921094 0.283594 0.017188 0.026563
0 0.870313 0.293750 0.021875 0.025000
0 0.895313 0.283594 0.012500 0.026563
0 0.967188 0.286719 0.015625 0.039062
0 0.682031 0.291406 0.010938 0.020313
