0 0.139844 0.216406 0.139063 0.204688
0 0.287500 0.428125 0.056250 0.090625
0 0.317188 0.368750 0.034375 0.056250
0 0.294531 0.339844 0.026563 0.042188
0 0.386719 0.325781 0.029688 0.051563
0 0.391406 0.411719 0.048438 0.082813
0 0.448438 0.424219 0.053125 0.076563
0 0.454688 0.333594 0.025000 0.039062
0 0.520313 0.478125 0.065625 0.109375
0 0.515625 0.397656 0.040625 0.060938
0 0.553906 0.381250 0.039062 0.053125
0 0.534375 0.335156 0.028125 0.048438
0 0.661719 0.490625 0.070312 0.093750
0 0.626563 0.419531 0.053125 0.082813
0 0.655469 0.398438 0.048438 0.071875
0 0.652344 0.326563 0.026563 0.046875
0 0.727344 0.331250 0.023438 0.040625
0 0.767188 0.414844 0.043750 0.064063
0 0.763281 0.554688 0.095313 0.128125
0 0.892188 0.471094 0.081250 0.101562
0 0.789062 0.388281 0.034375 0.048438
0 0.769531 0.350781 0.032813 0.048438
0 0.814844 0.332031 0.029688 0.048438
0 0.877344 0.371094 0.042188 0.060938
0 0.954688 0.395313 0.050000 0.071875
0 0.916406 0.348438 0.026563 0.046875
