0 0.184375 0.482031 0.037500 0.073438
0 0.280469 0.240625 0.014063 0.037500
0 0.307813 0.224219 0.012500 0.032813
0 0.335938 0.222656 0.018750 0.032813
0 0.382031 0.189063 0.014063 0.031250
0 0.357813 0.231250 0.018750 0.034375
0 0.350781 0.272656 0.020313 0.032813
0 0.381250 0.262500 0.021875 0.040625
0 0.393750 0.223438 0.015625 0.028125
0 0.405469 0.199219 0.017188 0.032813
0 0.443750 0.179688 0.015625 0.028125
0 0.457031 0.156250 0.014063 0.028125
0 0.478125 0.143750 0.009375 0.025000
0 0.410938 0.257812 0.021875 0.046875
0 0.455469 0.225000 0.020313 0.037500
0 0.557813 0.124219 0.012500 0.029688
0 0.477344 0.243750 0.020313 0.050000
0 0.495313 0.202344 0.018750 0.035938
0 0.520313 0.217188 0.021875 0.043750
0 0.532813 0.182031 0.018750 0.039062
0 0.510156 0.170313 0.017188 0.043750
0 0.582813 0.168750 0.015625 0.040625
0 0.577344 0.130469 0.010938 0.026563
0 0.611719 0.129688 0.014063 0.028125
0 0.617969 0.149219 0.010938 0.026563
0 0.640625 0.129688 0.012500 0.028125
0 0.665625 0.125781 0.012500 0.029688
0 0.568750 0.233594 0.021875 0.048438
0 0.519531 0.299219 0.020313 0.045313
0 0.578125 0.289844 0.025000 0.057813
0 0.619531 0.253125 0.023438 0.046875
0 0.635938 0.209375 0.021875 0.037500
0 0.653906 0.182813 0.020313 0.034375
0 0.640625 0.321875 0.028125 0.053125
0 0.655469 0.257812 0.020313 0.056250
0 0.679688 0.207031 0.018750 0.048438
0 0.693750 0.152344 0.015625 0.029688
0 0.728906 0.131250 0.014063 0.028125
0 0.731250 0.180469 0.021875 0.026563
0 0.746094 0.146875 0.014063 0.021875
0 0.714063 0.218750 0.028125 0.053125
0 0.768750 0.275000 0.025000 0.050000
0 0.753125 0.241406 0.021875 0.054688
0 0.772656 0.207813 0.017188 0.037500
0 0.764844 0.164844 0.014063 0.029688
0 0.763281 0.138281 0.014063 0.029688
0 0.832813 0.154688 0.015625 0.031250
0 0.792969 0.167969 0.014063 0.029688
0 0.859375 0.155469 0.015625 0.029688
0 0.889844 0.161719 0.014063 0.035938
0 0.843750 0.200781 0.018750 0.039062
0 0.819531 0.231250 0.020313 0.043750
0 0.836719 0.321094 0.023438 0.064063
0 0.857031 0.250000 0.017188 0.043750
0 0.875000 0.196875 0.018750 0.034375
0 0.919531 0.254688 0.020313 0.059375
0 0.914844 0.241406 0.020313 0.045313
0 0.728906 0.210938 0.020313 0.043750
0 0.551563 0.159375 0.015625 0.034375
0 0.629688 0.126562 0.012500 0.028125
0 0.303906 0.264844 0.014063 0.039062
0 0.271094 0.271875 0.017188 0.028125
0 0.594531 0.151563 0.010938 0.037500
0 0.714063 0.278906 0.025000 0.057813
