0 0.170313 0.470313 0.040625 0.068750
0 0.255469 0.261719 0.014063 0.029688
0 0.275781 0.268750 0.014063 0.025000
0 0.299219 0.255469 0.014063 0.026563
0 0.299219 0.295313 0.017188 0.040625
0 0.355469 0.262500 0.017188 0.028125
0 0.375000 0.272656 0.015625 0.035938
0 0.396094 0.289844 0.017188 0.039062
0 0.327344 0.222656 0.014063 0.023438
0 0.351562 0.207031 0.012500 0.020313
0 0.364844 0.224219 0.017188 0.026563
0 0.403125 0.221094 0.018750 0.035938
0 0.442969 0.229688 0.017188 0.037500
0 0.484375 0.230469 0.021875 0.032813
0 0.500000 0.199219 0.015625 0.026563
0 0.481250 0.188281 0.012500 0.029688
0 0.441406 0.192969 0.017188 0.029688
0 0.411719 0.189063 0.017188 0.028125
0 0.390625 0.185938 0.018750 0.031250
0 0.451563 0.154688 0.012500 0.025000
0 0.466406 0.158594 0.014063 0.023438
0 0.496094 0.155469 0.014063 0.026563
0 0.485938 0.134375 0.012500 0.021875
0 0.528125 0.160938 0.015625 0.025000
0 0.531250 0.205469 0.015625 0.035938
0 0.555469 0.162500 0.014063 0.031250
0 0.576562 0.163281 0.018750 0.029688
0 0.557813 0.126562 0.012500 0.025000
0 0.590625 0.129688 0.009375 0.021875
0 0.626563 0.144531 0.012500 0.026563
0 0.602344 0.139844 0.010938 0.026563
0 0.617969 0.123438 0.010938 0.018750
0 0.647656 0.135156 0.010938 0.026563
0 0.674219 0.125000 0.010938 0.028125
0 0.533594 0.296875 0.026563 0.053125
0 0.579688 0.221875 0.018750 0.043750
0 0.584375 0.289062 0.021875 0.046875
0 0.611719 0.322656 0.026563 0.048438
0 0.631250 0.240625 0.021875 0.043750
0 0.636719 0.197656 0.017188 0.032813
0 0.672656 0.179688 0.014063 0.028125
0 0.681250 0.213281 0.015625 0.035938
0 0.674219 0.266406 0.023438 0.048438
0 0.722656 0.286719 0.020313 0.039062
0 0.716406 0.232813 0.020313 0.043750
0 0.708594 0.183594 0.014063 0.032813
0 0.696875 0.157031 0.012500 0.026563
0 0.717969 0.156250 0.014063 0.025000
0 0.736719 0.169531 0.014063 0.026563
0 0.749219 0.150000 0.014063 0.025000
0 0.739844 0.128125 0.014063 0.025000
0 0.745313 0.200781 0.018750 0.032813
0 0.775781 0.232813 0.020313 0.046875
0 0.781250 0.194531 0.018750 0.039062
0 0.773438 0.160156 0.015625 0.023438
0 0.777344 0.122656 0.007812 0.023438
0 0.792969 0.142969 0.017188 0.032813
0 0.816406 0.182813 0.017188 0.037500
0 0.838281 0.216406 0.017188 0.035938
0 0.876563 0.228125 0.015625 0.040625
0 0.855469 0.192969 0.014063 0.032813
0 0.842188 0.150781 0.015625 0.029688
0 0.874219 0.156250 0.017188 0.031250
0 0.782813 0.292187 0.021875 0.053125
0 0.846094 0.337500 0.023438 0.046875
0 0.949219 0.263281 0.014063 0.051563
0 0.924219 0.257812 0.014063 0.031250
0 0.897656 0.176563 0.014063 0.034375
0 0.907031 0.148438 0.014063 0.034375
0 0.882031 0.199219 0.010938 0.023438
