0 0.035156 0.328906 0.042188 0.079688
0 0.113281 0.305469 0.051563 0.095313
0 0.186719 0.389844 0.057813 0.104688
0 0.226562 0.539844 0.078125 0.126562
0 0.316406 0.413281 0.064063 0.107813
0 0.253906 0.367188 0.048438 0.071875
0 0.275781 0.314844 0.035938 0.076563
0 0.374219 0.336719 0.042188 0.082813
0 0.481250 0.485938 0.103125 0.215625
0 0.471875 0.373438 0.046875 0.078125
0 0.554688 0.339844 0.037500 0.076563
0 0.641406 0.308594 0.042188 0.070312
0 0.638281 0.482031 0.082813 0.129688
0 0.704688 0.379688 0.050000 0.084375
0 0.815625 0.327344 0.053125 0.095313
0 0.668750 0.658594 0.106250 0.198438
0 0.920313 0.536719 0.090625 0.189063
0 0.903906 0.389844 0.064063 0.104688
0 0.969531 0.385156 0.057813 0.120313
