0 0.136719 0.554688 0.039062 0.075000
0 0.230469 0.334375 0.014063 0.034375
0 0.260156 0.343750 0.020313 0.043750
0 0.282813 0.370313 0.018750 0.037500
0 0.289062 0.310938 0.018750 0.034375
0 0.330469 0.368750 0.023438 0.050000
0 0.353906 0.332031 0.017188 0.035938
0 0.353906 0.296094 0.017188 0.032813
0 0.388281 0.339844 0.020313 0.042188
0 0.410938 0.333594 0.021875 0.039062
0 0.409375 0.302344 0.018750 0.029688
0 0.394531 0.260156 0.017188 0.026563
0 0.428906 0.260156 0.014063 0.026563
0 0.445312 0.270313 0.018750 0.034375
0 0.435938 0.308594 0.018750 0.039062
0 0.449219 0.337500 0.026563 0.043750
0 0.476562 0.305469 0.021875 0.032813
0 0.467969 0.242188 0.014063 0.028125
0 0.474219 0.266406 0.017188 0.032813
0 0.510156 0.262500 0.014063 0.031250
0 0.524219 0.275781 0.014063 0.032813
0 0.525000 0.245313 0.015625 0.025000
0 0.544531 0.251563 0.014063 0.034375
0 0.558594 0.283594 0.017188 0.035938
0 0.509375 0.324219 0.021875 0.032813
0 0.571875 0.219531 0.012500 0.026563
0 0.579688 0.235156 0.012500 0.026563
0 0.583594 0.259375 0.010938 0.031250
0 0.589844 0.235938 0.010938 0.021875
0 0.606250 0.228125 0.012500 0.028125
0 0.612500 0.208594 0.012500 0.020313
0 0.632812 0.217188 0.012500 0.028125
0 0.643750 0.228906 0.012500 0.026563
0 0.646094 0.246875 0.010938 0.028125
0 0.603906 0.253906 0.017188 0.029688
0 0.677344 0.231250 0.014063 0.028125
0 0.676563 0.207031 0.012500 0.023438
0 0.689844 0.227344 0.014063 0.032813
0 0.484375 0.403906 0.031250 0.057813
0 0.541406 0.349219 0.023438 0.051563
0 0.550781 0.403906 0.029688 0.048438
0 0.594531 0.448438 0.035938 0.075000
0 0.607031 0.382031 0.026563 0.054688
0 0.605469 0.334375 0.023438 0.050000
0 0.640625 0.297656 0.018750 0.042188
0 0.674219 0.278125 0.017188 0.034375
0 0.701563 0.300781 0.015625 0.042188
0 0.714063 0.303125 0.015625 0.037500
0 0.712500 0.252344 0.012500 0.032813
0 0.736719 0.255469 0.014063 0.029688
0 0.742969 0.239063 0.014063 0.028125
0 0.756250 0.231250 0.012500 0.028125
0 0.651563 0.346094 0.021875 0.045313
0 0.667188 0.377344 0.028125 0.054688
0 0.692969 0.362500 0.023438 0.053125
0 0.726562 0.398438 0.028125 0.059375
0 0.643750 0.470313 0.034375 0.071875
0 0.707031 0.544531 0.039062 0.067187
0 0.836719 0.505469 0.035938 0.064063
0 0.772656 0.278125 0.014063 0.034375
0 0.789844 0.265625 0.017188 0.037500
0 0.789062 0.240625 0.015625 0.034375
0 0.821094 0.303906 0.017188 0.039062
0 0.816406 0.289062 0.017188 0.034375
0 0.817188 0.244531 0.018750 0.035938
0 0.848438 0.258594 0.015625 0.032813
0 0.862500 0.273438 0.012500 0.034375
0 0.875781 0.261719 0.014063 0.032813
0 0.903125 0.276562 0.015625 0.031250
0 0.892188 0.316406 0.015625 0.026563
0 0.853125 0.312500 0.018750 0.037500
0 0.820312 0.360156 0.021875 0.051563
0 0.796875 0.433594 0.028125 0.067187
0 0.850000 0.460938 0.031250 0.056250
0 0.869531 0.381250 0.023438 0.050000
0 0.875781 0.349219 0.020313 0.042188
0 0.921094 0.392969 0.023438 0.042188
0 0.930469 0.460156 0.029688 0.067187
0 0.940625 0.354688 0.015625 0.034375
0 0.944531 0.325781 0.017188 0.032813
0 0.923438 0.310156 0.018750 0.035938
0 0.947656 0.278125 0.017188 0.031250
