0 0.040625 0.187500 0.078125 0.259375
0 0.032031 0.318750 0.060938 0.315625
0 0.120313 0.125000 0.096875 0.240625
0 0.250000 0.103906 0.078125 0.167188
0 0.375000 0.100781 0.059375 0.132812
0 0.416406 0.070312 0.051563 0.125000
0 0.515625 0.106250 0.059375 0.146875
0 0.560156 0.064844 0.048438 0.126562
0 0.610156 0.040625 0.048438 0.078125
0 0.742969 0.242188 0.057813 0.131250
0 0.882812 0.205469 0.075000 0.167188
0 0.856250 0.072656 0.071875 0.123438
0 0.967188 0.091406 0.050000 0.126562
0 0.522656 0.510938 0.060938 0.146875
0 0.442969 0.732813 0.098438 0.159375
0 0.328906 0.546875 0.079688 0.159375
