0 0.038281 0.522656 0.073438 0.120313
0 0.259375 0.510156 0.118750 0.157813
0 0.280469 0.438281 0.085938 0.120313
0 0.111719 0.380469 0.026563 0.045313
0 0.354688 0.472656 0.056250 0.104688
0 0.435156 0.560156 0.095313 0.151563
0 0.468750 0.471875 0.068750 0.125000
0 0.500781 0.491406 0.039062 0.110938
0 0.535156 0.491406 0.042188 0.085938
0 0.584375 0.507812 0.050000 0.090625
0 0.788281 0.258594 0.114063 0.167188
0 0.553906 0.376563 0.020313 0.031250
0 0.600781 0.392969 0.023438 0.039062
0 0.452344 0.375781 0.020313 0.039062
0 0.471094 0.389844 0.017188 0.023438
0 0.490625 0.389844 0.018750 0.029688
0 0.513281 0.400000 0.020313 0.028125
0 0.411719 0.440625 0.048438 0.078125
0 0.377344 0.376563 0.020313 0.031250
