0 0.193750 0.357813 0.040625 0.071875
0 0.291406 0.210156 0.014063 0.029688
0 0.302344 0.226562 0.014063 0.028125
0 0.316406 0.242188 0.017188 0.037500
0 0.346094 0.253125 0.020313 0.040625
0 0.381250 0.244531 0.015625 0.029688
0 0.415625 0.225000 0.018750 0.037500
0 0.410938 0.206250 0.015625 0.028125
0 0.387500 0.200000 0.015625 0.028125
0 0.371875 0.194531 0.015625 0.032813
0 0.352344 0.184375 0.017188 0.025000
0 0.342969 0.170313 0.014063 0.028125
0 0.440625 0.216406 0.015625 0.032813
0 0.482031 0.216406 0.014063 0.035938
0 0.417188 0.173438 0.015625 0.028125
0 0.420313 0.137500 0.012500 0.025000
0 0.446875 0.166406 0.015625 0.020313
0 0.473438 0.177344 0.015625 0.023438
0 0.473438 0.147656 0.009375 0.023438
0 0.471875 0.128906 0.012500 0.020313
0 0.496875 0.147656 0.012500 0.023438
0 0.499219 0.119531 0.010938 0.020313
0 0.507812 0.138281 0.009375 0.020313
0 0.522656 0.122656 0.010938 0.020313
0 0.524219 0.150000 0.014063 0.021875
0 0.503125 0.188281 0.015625 0.032813
0 0.539062 0.189063 0.015625 0.028125
0 0.548438 0.153125 0.012500 0.028125
0 0.550000 0.117969 0.012500 0.023438
0 0.546094 0.138281 0.010938 0.017188
0 0.571094 0.119531 0.010938 0.026563
0 0.560937 0.142969 0.009375 0.020313
0 0.582031 0.166406 0.014063 0.029688
0 0.596875 0.125000 0.012500 0.028125
0 0.582031 0.110156 0.014063 0.026563
0 0.606250 0.109375 0.009375 0.025000
0 0.614844 0.117969 0.007812 0.020313
0 0.625781 0.125781 0.010938 0.029688
0 0.618750 0.156250 0.012500 0.031250
0 0.655469 0.136719 0.014063 0.029688
0 0.657813 0.110938 0.009375 0.018750
0 0.667188 0.100000 0.009375 0.025000
0 0.687500 0.117969 0.009375 0.023438
0 0.694531 0.100781 0.010938 0.020313
0 0.709375 0.103906 0.012500 0.026563
0 0.494531 0.272656 0.023438 0.051563
0 0.539844 0.280469 0.029688 0.057813
0 0.597656 0.333594 0.026563 0.060938
0 0.575781 0.233594 0.020313 0.042188
0 0.618750 0.260156 0.021875 0.045313
0 0.617188 0.206250 0.015625 0.037500
0 0.671094 0.253906 0.023438 0.045313
0 0.673438 0.178906 0.015625 0.029688
0 0.701563 0.188281 0.015625 0.039062
0 0.696875 0.306250 0.025000 0.050000
0 0.727344 0.292969 0.020313 0.048438
0 0.749219 0.363281 0.026563 0.060938
0 0.815625 0.416406 0.028125 0.057813
0 0.894531 0.441406 0.029688 0.067187
0 0.912500 0.346094 0.025000 0.057813
0 0.918750 0.282031 0.018750 0.054688
0 0.946094 0.214844 0.017188 0.039062
0 0.885938 0.225000 0.018750 0.034375
0 0.866406 0.255469 0.020313 0.045313
0 0.832813 0.321094 0.021875 0.048438
0 0.786719 0.302344 0.023438 0.045313
0 0.817969 0.253125 0.020313 0.037500
0 0.794531 0.224219 0.014063 0.039062
0 0.764063 0.231250 0.021875 0.037500
0 0.721875 0.217969 0.018750 0.039062
0 0.753906 0.184375 0.014063 0.028125
0 0.739063 0.160156 0.012500 0.026563
0 0.725781 0.153906 0.010938 0.029688
0 0.747656 0.132031 0.010938 0.026563
0 0.761719 0.155469 0.010938 0.026563
0 0.768750 0.146094 0.012500 0.029688
0 0.793750 0.152344 0.015625 0.035938
