0 0.046094 0.506250 0.048438 0.065625
0 0.120313 0.507812 0.043750 0.062500
0 0.180469 0.556250 0.076563 0.106250
0 0.287500 0.536719 0.065625 0.101562
0 0.382031 0.561719 0.060938 0.079688
0 0.362500 0.534375 0.040625 0.056250
0 0.471094 0.519531 0.045313 0.070312
0 0.537500 0.444531 0.043750 0.073438
0 0.528125 0.567969 0.059375 0.092188
0 0.437500 0.785938 0.156250 0.228125
0 0.640625 0.594531 0.078125 0.110938
0 0.598438 0.510938 0.059375 0.087500
0 0.696094 0.551563 0.067187 0.106250
0 0.911719 0.850000 0.176563 0.278125
0 0.854688 0.571875 0.078125 0.109375
