0 0.034375 0.514062 0.065625 0.143750
0 0.023438 0.355469 0.040625 0.067187
0 0.067187 0.380469 0.046875 0.082813
0 0.104688 0.358594 0.025000 0.054688
0 0.129688 0.381250 0.050000 0.071875
0 0.167188 0.439844 0.075000 0.114063
0 0.250781 0.414844 0.060938 0.114063
0 0.320312 0.408594 0.050000 0.089063
0 0.395313 0.372656 0.043750 0.076563
0 0.424219 0.363281 0.042188 0.082813
0 0.505469 0.357031 0.032813 0.051563
0 0.773438 0.266406 0.065625 0.117188
0 0.283594 0.347656 0.029688 0.045313
0 0.312500 0.353906 0.028125 0.045313
0 0.235938 0.336719 0.025000 0.048438
0 0.207813 0.350781 0.028125 0.045313
