0 0.049219 0.905469 0.095313 0.154688
0 0.127344 0.897656 0.073438 0.110938
0 0.122656 0.781250 0.054688 0.078125
0 0.064844 0.760938 0.051563 0.075000
0 0.015625 0.730469 0.028125 0.073438
0 0.081250 0.710938 0.037500 0.056250
0 0.071094 0.680469 0.035938 0.051563
0 0.109375 0.641406 0.028125 0.048438
0 0.163281 0.716406 0.042188 0.089063
0 0.175781 0.775781 0.057813 0.095313
0 0.221094 0.921875 0.104688 0.143750
0 0.352344 0.885156 0.095313 0.145313
0 0.296875 0.821094 0.065625 0.110938
0 0.252344 0.825781 0.045313 0.085938
0 0.225000 0.764844 0.046875 0.095313
0 0.294531 0.723438 0.045313 0.065625
0 0.277344 0.701563 0.035938 0.065625
0 0.190625 0.623438 0.031250 0.059375
0 0.250781 0.631250 0.035938 0.065625
0 0.294531 0.632812 0.026563 0.056250
0 0.343750 0.700000 0.037500 0.062500
0 0.317969 0.672656 0.032813 0.051563
0 0.358594 0.644531 0.032813 0.070312
0 0.346875 0.621094 0.025000 0.051563
0 0.500781 0.527344 0.051563 0.104688
0 0.454688 0.517188 0.053125 0.081250
0 0.397656 0.714844 0.057813 0.085938
0 0.401563 0.671094 0.043750 0.070312
0 0.449219 0.771875 0.057813 0.103125
0 0.454688 0.851562 0.062500 0.084375
0 0.543750 0.851562 0.084375 0.137500
0 0.530469 0.772656 0.064063 0.110938
0 0.575781 0.605469 0.035938 0.067187
0 0.546875 0.567969 0.037500 0.073438
0 0.557031 0.682813 0.042188 0.096875
0 0.650781 0.848438 0.079688 0.159375
0 0.741406 0.807031 0.070312 0.129688
0 0.765625 0.937500 0.096875 0.121875
0 0.711719 0.721875 0.054688 0.121875
0 0.637500 0.648438 0.043750 0.100000
0 0.626563 0.600000 0.031250 0.062500
0 0.602344 0.571875 0.029688 0.065625
0 0.628906 0.450781 0.026563 0.051563
0 0.659375 0.596094 0.037500 0.085938
0 0.687500 0.615625 0.028125 0.078125
0 0.725000 0.607813 0.037500 0.078125
0 0.780469 0.705469 0.064063 0.126562
0 0.837500 0.692969 0.053125 0.129688
0 0.856250 0.800000 0.078125 0.137500
0 0.950781 0.851562 0.092188 0.175000
0 0.903906 0.620313 0.039062 0.081250
0 0.979688 0.650000 0.040625 0.103125
0 0.839063 0.558594 0.046875 0.085938
0 0.803906 0.571875 0.039062 0.075000
0 0.775781 0.535156 0.032813 0.073438
0 0.864844 0.540625 0.023438 0.062500
0 0.863281 0.501563 0.020313 0.043750
