0 0.196094 0.324219 0.042188 0.101562
0 0.346875 0.185156 0.015625 0.029688
0 0.370313 0.196875 0.021875 0.031250
0 0.385156 0.152344 0.020313 0.029688
0 0.403906 0.189063 0.014063 0.034375
0 0.419531 0.164844 0.017188 0.035938
0 0.419531 0.203125 0.017188 0.043750
0 0.389063 0.260937 0.028125 0.046875
0 0.424219 0.264063 0.026563 0.046875
0 0.448438 0.225781 0.018750 0.039062
0 0.459375 0.086719 0.018750 0.032813
0 0.475000 0.153125 0.018750 0.028125
0 0.485156 0.227344 0.026563 0.035938
0 0.500000 0.197656 0.018750 0.035938
0 0.533594 0.192969 0.017188 0.042188
0 0.569531 0.132031 0.017188 0.026563
0 0.591406 0.114063 0.017188 0.025000
0 0.653125 0.112500 0.028125 0.037500
0 0.669531 0.186719 0.017188 0.042188
0 0.633594 0.200781 0.020313 0.045313
0 0.608594 0.252344 0.026563 0.045313
0 0.555469 0.254688 0.020313 0.046875
0 0.612500 0.301563 0.040625 0.062500
0 0.706250 0.161719 0.015625 0.032813
0 0.705469 0.128125 0.014063 0.025000
0 0.746094 0.138281 0.014063 0.032813
0 0.762500 0.159375 0.018750 0.028125
0 0.778906 0.139844 0.014063 0.032813
0 0.742969 0.173438 0.014063 0.025000
0 0.710156 0.173438 0.017188 0.028125
0 0.750781 0.190625 0.017188 0.037500
0 0.776563 0.186719 0.018750 0.045313
0 0.794531 0.160156 0.017188 0.035938
0 0.725000 0.262500 0.028125 0.062500
0 0.835156 0.267188 0.026563 0.050000
0 0.872656 0.275781 0.023438 0.060938
0 0.891406 0.206250 0.020313 0.046875
0 0.935156 0.225781 0.014063 0.039062
0 0.945312 0.207031 0.015625 0.042188
0 0.930469 0.262500 0.020313 0.046875
