0 0.143750 0.506250 0.081250 0.162500
0 0.323438 0.489063 0.065625 0.106250
0 0.407031 0.487500 0.060938 0.087500
0 0.494531 0.699219 0.129688 0.220313
0 0.647656 0.594531 0.095313 0.182813
0 0.572656 0.460156 0.064063 0.098438
0 0.750781 0.430469 0.035938 0.067187
0 0.746875 0.399219 0.037500 0.057813
0 0.769531 0.521094 0.067187 0.135938
0 0.864063 0.500781 0.062500 0.110938
0 0.842188 0.418750 0.034375 0.053125
0 0.857813 0.411719 0.025000 0.048438
0 0.930469 0.457813 0.057813 0.078125
0 0.951563 0.428906 0.031250 0.057813
