0 0.202344 0.398438 0.039062 0.078125
0 0.232031 0.273438 0.026563 0.053125
0 0.275000 0.242188 0.018750 0.031250
0 0.282813 0.263281 0.021875 0.026563
0 0.295313 0.254688 0.018750 0.040625
0 0.313281 0.230469 0.020313 0.029688
0 0.347656 0.260937 0.020313 0.043750
0 0.366406 0.261719 0.020313 0.042188
0 0.387500 0.260937 0.021875 0.043750
0 0.349219 0.217969 0.020313 0.035938
0 0.360938 0.196875 0.015625 0.031250
0 0.380469 0.205469 0.017188 0.029688
0 0.399219 0.223438 0.020313 0.037500
0 0.410156 0.192969 0.017188 0.039062
0 0.443750 0.190625 0.018750 0.040625
0 0.432031 0.242188 0.023438 0.037500
0 0.470313 0.235156 0.021875 0.039062
0 0.474219 0.203125 0.020313 0.040625
0 0.457031 0.161719 0.017188 0.039062
0 0.494531 0.155469 0.014063 0.032813
0 0.503125 0.190625 0.018750 0.037500
0 0.531250 0.196875 0.021875 0.040625
0 0.537500 0.161719 0.018750 0.032813
0 0.558594 0.159375 0.017188 0.031250
0 0.564844 0.127344 0.014063 0.029688
0 0.579688 0.141406 0.015625 0.026563
0 0.589844 0.161719 0.020313 0.035938
0 0.590625 0.125000 0.012500 0.034375
0 0.609375 0.132031 0.012500 0.029688
0 0.616406 0.146094 0.017188 0.026563
0 0.643750 0.128125 0.018750 0.031250
0 0.677344 0.116406 0.017188 0.035938
0 0.616406 0.216406 0.023438 0.039062
0 0.581250 0.225000 0.021875 0.050000
0 0.543750 0.320312 0.028125 0.071875
0 0.492188 0.314844 0.028125 0.054688
0 0.598438 0.330469 0.031250 0.064063
0 0.607813 0.263281 0.028125 0.064063
0 0.667969 0.260156 0.029688 0.060938
0 0.666406 0.219531 0.023438 0.045313
0 0.670313 0.178906 0.018750 0.035938
0 0.690625 0.198438 0.018750 0.040625
0 0.707031 0.225781 0.023438 0.048438
0 0.685938 0.158594 0.018750 0.039062
0 0.710156 0.150781 0.017188 0.032813
0 0.719531 0.172656 0.017188 0.032813
0 0.739063 0.197656 0.021875 0.042188
0 0.716406 0.289844 0.026563 0.057813
0 0.737500 0.135938 0.015625 0.028125
0 0.763281 0.171875 0.020313 0.037500
0 0.771094 0.135156 0.014063 0.035938
0 0.788281 0.150000 0.017188 0.034375
0 0.789062 0.190625 0.021875 0.043750
0 0.770313 0.225781 0.025000 0.048438
0 0.788281 0.245313 0.020313 0.053125
0 0.808594 0.179688 0.017188 0.043750
0 0.828125 0.144531 0.018750 0.042188
0 0.844531 0.187500 0.020313 0.034375
0 0.828125 0.200000 0.018750 0.040625
0 0.857813 0.168750 0.015625 0.040625
0 0.893750 0.153906 0.012500 0.032813
0 0.890625 0.196094 0.015625 0.042188
0 0.891406 0.175000 0.014063 0.031250
0 0.859375 0.259375 0.025000 0.056250
0 0.918750 0.282031 0.021875 0.045313
0 0.925781 0.237500 0.023438 0.050000
0 0.837500 0.343750 0.028125 0.062500
