0 0.167188 0.267188 0.031250 0.050000
0 0.261719 0.202344 0.023438 0.035938
0 0.299219 0.192188 0.014063 0.028125
0 0.311719 0.186719 0.017188 0.039062
0 0.469531 0.176563 0.023438 0.034375
0 0.578125 0.139844 0.021875 0.039062
0 0.562500 0.267188 0.021875 0.053125
0 0.613281 0.241406 0.026563 0.054688
0 0.659375 0.180469 0.015625 0.039062
0 0.679688 0.213281 0.015625 0.042188
0 0.699219 0.189063 0.017188 0.031250
0 0.707031 0.249219 0.020313 0.045313
0 0.741406 0.280469 0.020313 0.042188
0 0.750781 0.238281 0.020313 0.045313
