0 0.186719 0.474219 0.051563 0.110938
0 0.350000 0.260937 0.028125 0.056250
0 0.378125 0.264844 0.031250 0.048438
0 0.430469 0.220313 0.023438 0.037500
0 0.457813 0.188281 0.018750 0.039062
0 0.473438 0.157813 0.018750 0.037500
0 0.490625 0.147656 0.021875 0.042188
0 0.532813 0.185938 0.025000 0.037500
0 0.438281 0.277344 0.029688 0.051563
0 0.498438 0.305469 0.031250 0.070312
0 0.582813 0.287500 0.031250 0.053125
0 0.719531 0.081250 0.020313 0.034375
0 0.781250 0.108594 0.021875 0.051563
0 0.681250 0.082813 0.018750 0.037500
0 0.903125 0.217188 0.021875 0.046875
0 0.661719 0.112500 0.017188 0.040625
0 0.653906 0.084375 0.023438 0.056250
0 0.730469 0.142969 0.023438 0.042188
0 0.575000 0.074219 0.015625 0.023438
0 0.521875 0.098438 0.012500 0.028125
