0 0.139063 0.532031 0.040625 0.079688
0 0.231250 0.342969 0.015625 0.035938
0 0.254688 0.389063 0.025000 0.040625
0 0.291406 0.366406 0.020313 0.045313
0 0.286719 0.314844 0.017188 0.035938
0 0.340625 0.359375 0.021875 0.050000
0 0.357813 0.334375 0.015625 0.037500
0 0.383594 0.349219 0.020313 0.045313
0 0.355469 0.301563 0.017188 0.031250
0 0.393750 0.263281 0.015625 0.032813
0 0.411719 0.274219 0.014063 0.029688
0 0.414062 0.336719 0.021875 0.045313
0 0.410938 0.303125 0.015625 0.025000
0 0.437500 0.315625 0.018750 0.034375
0 0.446875 0.337500 0.021875 0.040625
0 0.439844 0.284375 0.014063 0.031250
0 0.429688 0.260156 0.012500 0.029688
0 0.464063 0.272656 0.015625 0.035938
0 0.469531 0.312500 0.017188 0.028125
0 0.470313 0.241406 0.015625 0.026563
0 0.500781 0.265625 0.014063 0.028125
0 0.531250 0.278906 0.018750 0.032813
0 0.527344 0.250781 0.017188 0.029688
0 0.551563 0.246094 0.015625 0.029688
0 0.562500 0.282813 0.015625 0.034375
0 0.578906 0.267188 0.017188 0.031250
0 0.573438 0.221094 0.012500 0.026563
0 0.610938 0.251563 0.015625 0.028125
0 0.601562 0.232813 0.012500 0.025000
0 0.616406 0.210938 0.014063 0.028125
0 0.633594 0.213281 0.010938 0.023438
0 0.644531 0.251563 0.014063 0.028125
0 0.678125 0.210938 0.012500 0.028125
0 0.682813 0.235938 0.015625 0.028125
0 0.692969 0.224219 0.017188 0.029688
0 0.505469 0.332813 0.017188 0.040625
0 0.486719 0.408594 0.029688 0.064063
0 0.542188 0.440625 0.034375 0.062500
0 0.610156 0.455469 0.032813 0.067187
0 0.545312 0.360938 0.025000 0.050000
0 0.610156 0.333594 0.026563 0.045313
0 0.627344 0.372656 0.029688 0.051563
0 0.645313 0.471094 0.031250 0.067187
0 0.717188 0.517969 0.043750 0.079688
0 0.665625 0.379688 0.025000 0.059375
0 0.652344 0.345313 0.023438 0.043750
0 0.641406 0.307031 0.017188 0.042188
0 0.678125 0.278125 0.015625 0.037500
0 0.701563 0.294531 0.018750 0.039062
0 0.713281 0.250000 0.017188 0.037500
0 0.696875 0.364063 0.025000 0.053125
0 0.730469 0.405469 0.029688 0.051563
0 0.786719 0.439063 0.029688 0.065625
0 0.846094 0.510156 0.035938 0.070312
0 0.851562 0.470313 0.031250 0.059375
0 0.821875 0.365625 0.025000 0.056250
0 0.744531 0.241406 0.014063 0.029688
0 0.750781 0.235156 0.010938 0.029688
0 0.754688 0.269531 0.018750 0.042188
0 0.787500 0.283594 0.015625 0.039062
0 0.796094 0.264063 0.014063 0.031250
0 0.778125 0.267969 0.015625 0.032813
0 0.794531 0.241406 0.017188 0.029688
0 0.820312 0.245313 0.015625 0.037500
0 0.830469 0.279688 0.017188 0.034375
0 0.821094 0.312500 0.017188 0.034375
0 0.837500 0.342969 0.018750 0.045313
0 0.854688 0.335156 0.018750 0.035938
0 0.864844 0.279688 0.017188 0.037500
0 0.853906 0.260156 0.014063 0.029688
0 0.889844 0.257812 0.014063 0.031250
0 0.903906 0.282031 0.014063 0.032813
0 0.879688 0.339844 0.015625 0.045313
0 0.902344 0.327344 0.017188 0.039062
0 0.867188 0.411719 0.028125 0.060938
0 0.921875 0.459375 0.034375 0.071875
0 0.934375 0.376563 0.021875 0.050000
0 0.922656 0.323438 0.017188 0.037500
0 0.943750 0.310156 0.015625 0.039062
0 0.949219 0.290625 0.014063 0.025000
