0 0.153906 0.431250 0.020313 0.037500
0 0.036719 0.740625 0.067187 0.128125
0 0.025000 0.653906 0.043750 0.073438
0 0.067969 0.680469 0.051563 0.076563
0 0.062500 0.617188 0.034375 0.053125
0 0.053125 0.567188 0.031250 0.053125
0 0.017188 0.554688 0.021875 0.043750
0 0.146875 0.653906 0.031250 0.057813
0 0.170313 0.705469 0.046875 0.076563
0 0.239844 0.871875 0.126562 0.143750
0 0.300000 0.788281 0.065625 0.123438
0 0.276562 0.684375 0.056250 0.087500
0 0.207031 0.646094 0.042188 0.057813
0 0.196875 0.539062 0.031250 0.037500
0 0.232031 0.556250 0.023438 0.040625
0 0.250000 0.529687 0.025000 0.040625
0 0.289844 0.556250 0.023438 0.040625
0 0.297656 0.522656 0.026563 0.039062
0 0.337500 0.526563 0.021875 0.040625
0 0.325000 0.590625 0.028125 0.037500
0 0.350781 0.565625 0.023438 0.037500
0 0.359375 0.548438 0.025000 0.034375
0 0.380469 0.529687 0.020313 0.037500
0 0.392969 0.560937 0.029688 0.046875
0 0.347656 0.622656 0.035938 0.045313
0 0.403125 0.743750 0.078125 0.131250
0 0.475781 0.803125 0.089063 0.165625
0 0.700000 0.753125 0.084375 0.134375
0 0.835938 0.916406 0.156250 0.167188
0 0.925000 0.667969 0.062500 0.092188
0 0.893750 0.603125 0.037500 0.053125
0 0.921094 0.580469 0.039062 0.057813
0 0.953906 0.568750 0.032813 0.050000
0 0.859375 0.572656 0.031250 0.048438
0 0.807813 0.620313 0.043750 0.075000
0 0.768750 0.584375 0.031250 0.050000
0 0.733594 0.633594 0.051563 0.079688
0 0.721875 0.585938 0.025000 0.040625
0 0.683594 0.602344 0.039062 0.048438
0 0.625781 0.596875 0.042188 0.065625
0 0.564063 0.618750 0.040625 0.065625
0 0.528125 0.587500 0.025000 0.037500
0 0.510938 0.625000 0.037500 0.053125
0 0.493750 0.564063 0.025000 0.037500
0 0.449219 0.628906 0.029688 0.057813
0 0.421094 0.619531 0.029688 0.051563
0 0.449219 0.565625 0.023438 0.037500
0 0.429688 0.546875 0.018750 0.028125
0 0.415625 0.522656 0.015625 0.026563
0 0.446875 0.522656 0.015625 0.026563
0 0.467969 0.534375 0.017188 0.031250
0 0.489063 0.522656 0.018750 0.029688
0 0.504688 0.528125 0.018750 0.034375
0 0.532813 0.553125 0.018750 0.031250
0 0.535156 0.527344 0.020313 0.029688
0 0.553906 0.514844 0.020313 0.026563
0 0.576562 0.513281 0.018750 0.039062
0 0.594531 0.532031 0.023438 0.042188
0 0.615625 0.509375 0.018750 0.031250
0 0.628125 0.500781 0.018750 0.029688
0 0.628125 0.522656 0.015625 0.023438
0 0.639063 0.540625 0.015625 0.028125
0 0.601562 0.589063 0.028125 0.050000
0 0.675781 0.535938 0.020313 0.031250
0 0.650781 0.513281 0.014063 0.026563
0 0.689063 0.517188 0.015625 0.031250
0 0.696094 0.537500 0.017188 0.028125
0 0.707813 0.506250 0.015625 0.037500
0 0.721875 0.502344 0.018750 0.029688
0 0.853906 0.519531 0.020313 0.026563
0 0.785156 0.511719 0.017188 0.026563
