0 0.047656 0.371875 0.051563 0.109375
0 0.017188 0.225781 0.028125 0.073438
0 0.042969 0.311719 0.042188 0.082813
0 0.078125 0.332031 0.034375 0.073438
0 0.089844 0.308594 0.029688 0.067187
0 0.181250 0.380469 0.053125 0.082813
0 0.221875 0.375781 0.043750 0.085938
0 0.158594 0.259375 0.039062 0.078125
0 0.214063 0.299219 0.025000 0.045313
0 0.228906 0.238281 0.029688 0.060938
0 0.263281 0.239063 0.020313 0.043750
0 0.276562 0.281250 0.021875 0.046875
0 0.271094 0.372656 0.039062 0.076563
0 0.303906 0.357031 0.026563 0.067187
0 0.299219 0.306250 0.026563 0.053125
0 0.317188 0.288281 0.025000 0.048438
0 0.296094 0.243750 0.026563 0.053125
0 0.311719 0.241406 0.017188 0.042188
0 0.332813 0.246094 0.018750 0.039062
0 0.382031 0.259375 0.020313 0.050000
0 0.435938 0.228125 0.050000 0.100000
0 0.485938 0.252344 0.053125 0.104688
0 0.531250 0.246094 0.031250 0.070312
0 0.574219 0.243750 0.029688 0.062500
0 0.606250 0.251563 0.034375 0.062500
0 0.651563 0.235938 0.034375 0.081250
0 0.700000 0.255469 0.040625 0.079688
0 0.726562 0.228125 0.059375 0.121875
0 0.799219 0.196094 0.048438 0.095313
0 0.764063 0.240625 0.034375 0.068750
0 0.579688 0.485156 0.053125 0.095313
0 0.629688 0.492188 0.043750 0.068750
0 0.660938 0.465625 0.053125 0.103125
