0 0.061719 0.398438 0.035938 0.075000
0 0.260156 0.285156 0.020313 0.035938
0 0.289062 0.271094 0.018750 0.039062
0 0.308594 0.256250 0.020313 0.043750
0 0.321094 0.220313 0.017188 0.037500
0 0.345313 0.216406 0.018750 0.039062
0 0.347656 0.278125 0.023438 0.053125
0 0.401563 0.300000 0.028125 0.053125
0 0.382812 0.219531 0.018750 0.039062
0 0.389844 0.200781 0.017188 0.035938
0 0.415625 0.225000 0.018750 0.037500
0 0.442969 0.222656 0.023438 0.039062
0 0.489844 0.226562 0.023438 0.046875
0 0.415625 0.168750 0.015625 0.028125
0 0.434375 0.194531 0.015625 0.029688
0 0.462500 0.210938 0.018750 0.034375
0 0.448438 0.157031 0.015625 0.035938
0 0.487500 0.192188 0.015625 0.031250
0 0.483594 0.176563 0.017188 0.028125
0 0.475000 0.146875 0.012500 0.028125
0 0.488281 0.134375 0.014063 0.028125
0 0.508594 0.164844 0.017188 0.029688
0 0.539844 0.201563 0.017188 0.040625
0 0.539062 0.160156 0.018750 0.035938
0 0.522656 0.139063 0.014063 0.034375
0 0.532031 0.128125 0.014063 0.028125
0 0.552344 0.146875 0.014063 0.028125
0 0.571875 0.164062 0.015625 0.034375
0 0.583594 0.150781 0.017188 0.029688
0 0.562500 0.114844 0.012500 0.026563
0 0.595313 0.119531 0.012500 0.026563
0 0.601562 0.102344 0.012500 0.026563
0 0.619531 0.122656 0.014063 0.029688
0 0.631250 0.152344 0.015625 0.035938
0 0.617188 0.107031 0.012500 0.029688
0 0.642188 0.100000 0.015625 0.034375
0 0.639063 0.126562 0.012500 0.028125
0 0.677344 0.112500 0.014063 0.031250
0 0.696094 0.098438 0.014063 0.034375
0 0.538281 0.307031 0.029688 0.067187
0 0.494531 0.292187 0.029688 0.059375
0 0.564063 0.252344 0.021875 0.051563
0 0.604688 0.325781 0.031250 0.060938
0 0.603906 0.261719 0.023438 0.051563
0 0.612500 0.210938 0.025000 0.043750
0 0.649219 0.176563 0.020313 0.043750
0 0.675000 0.203906 0.025000 0.051563
0 0.664062 0.257812 0.025000 0.053125
0 0.677344 0.335938 0.035938 0.068750
0 0.681250 0.152344 0.018750 0.042188
0 0.694531 0.181250 0.020313 0.043750
0 0.710938 0.142187 0.018750 0.037500
0 0.732813 0.125000 0.015625 0.037500
0 0.739844 0.179688 0.020313 0.043750
0 0.698438 0.228125 0.021875 0.050000
0 0.721094 0.283594 0.029688 0.051563
0 0.749219 0.228906 0.023438 0.051563
0 0.788281 0.276562 0.026563 0.062500
0 0.739844 0.153125 0.017188 0.034375
0 0.746094 0.128906 0.014063 0.029688
0 0.750781 0.109375 0.017188 0.028125
0 0.764063 0.160938 0.015625 0.037500
0 0.799219 0.174219 0.020313 0.045313
0 0.783594 0.132031 0.014063 0.029688
0 0.821875 0.228125 0.021875 0.053125
0 0.783594 0.113281 0.010938 0.020313
0 0.800781 0.139063 0.014063 0.028125
0 0.810938 0.127344 0.012500 0.026563
0 0.820312 0.167969 0.015625 0.035938
0 0.833594 0.128125 0.017188 0.031250
0 0.851562 0.195312 0.018750 0.046875
0 0.875781 0.219531 0.020313 0.051563
0 0.874219 0.174219 0.017188 0.032813
0 0.859375 0.160156 0.012500 0.035938
0 0.866406 0.128906 0.014063 0.029688
0 0.903125 0.131250 0.012500 0.031250
0 0.892969 0.199219 0.014063 0.042188
0 0.927344 0.289062 0.026563 0.056250
0 0.931250 0.201563 0.015625 0.046875
0 0.925781 0.181250 0.014063 0.028125
0 0.932031 0.154688 0.014063 0.034375
0 0.896875 0.173438 0.018750 0.034375
