0 0.233594 0.344531 0.060938 0.089063
0 0.178125 0.307813 0.050000 0.068750
0 0.296875 0.345313 0.050000 0.065625
0 0.303125 0.298438 0.034375 0.050000
0 0.359375 0.339844 0.046875 0.057813
0 0.369531 0.413281 0.073438 0.095313
0 0.448438 0.332031 0.050000 0.060938
0 0.400000 0.352344 0.037500 0.051563
0 0.377344 0.308594 0.035938 0.042188
0 0.414062 0.216406 0.031250 0.042188
0 0.477344 0.310938 0.026563 0.043750
0 0.496875 0.382031 0.050000 0.076563
0 0.528125 0.442188 0.090625 0.128125
0 0.686719 0.457031 0.085938 0.110938
0 0.617188 0.371094 0.053125 0.079688
0 0.546875 0.328125 0.046875 0.062500
0 0.523438 0.275000 0.034375 0.043750
0 0.581250 0.302344 0.028125 0.057813
0 0.642188 0.310156 0.031250 0.051563
0 0.669531 0.317969 0.035938 0.057813
0 0.700000 0.357031 0.056250 0.076563
0 0.768750 0.381250 0.062500 0.093750
0 0.802344 0.322656 0.042188 0.057813
0 0.860156 0.369531 0.057813 0.085938
0 0.942969 0.340625 0.048438 0.075000
0 0.946875 0.546094 0.106250 0.170313
