0 0.241406 0.409375 0.064063 0.140625
0 0.329688 0.496094 0.065625 0.139063
0 0.264844 0.157813 0.017188 0.031250
0 0.331250 0.236719 0.028125 0.057813
0 0.414062 0.267969 0.025000 0.051563
0 0.407813 0.207813 0.018750 0.037500
0 0.446094 0.200000 0.017188 0.034375
0 0.468750 0.228906 0.018750 0.045313
0 0.593750 0.247656 0.025000 0.051563
0 0.630469 0.243750 0.029688 0.068750
0 0.605469 0.122656 0.014063 0.026563
0 0.610156 0.107031 0.010938 0.023438
0 0.636719 0.118750 0.010938 0.028125
0 0.661719 0.117188 0.014063 0.028125
