0 0.299219 0.169531 0.020313 0.039062
0 0.339063 0.200000 0.015625 0.037500
0 0.535938 0.185156 0.021875 0.042188
0 0.612500 0.207031 0.018750 0.042188
0 0.625781 0.214844 0.020313 0.042188
0 0.639063 0.229688 0.031250 0.056250
0 0.672656 0.209375 0.017188 0.043750
0 0.679688 0.178906 0.018750 0.039062
0 0.711719 0.192188 0.017188 0.040625
0 0.682813 0.243750 0.028125 0.050000
0 0.717969 0.307813 0.029688 0.056250
0 0.817188 0.233594 0.021875 0.048438
0 0.847656 0.227344 0.026563 0.054688
0 0.874219 0.257031 0.023438 0.057813
0 0.892188 0.321875 0.034375 0.087500
