0 0.200000 0.435156 0.053125 0.104688
0 0.259375 0.267969 0.018750 0.035938
0 0.286719 0.254688 0.020313 0.034375
0 0.314844 0.259375 0.020313 0.034375
0 0.325781 0.271875 0.020313 0.037500
0 0.347656 0.276562 0.026563 0.043750
0 0.373438 0.274219 0.021875 0.039062
0 0.406250 0.283594 0.025000 0.045313
0 0.309375 0.229688 0.018750 0.031250
0 0.333594 0.229688 0.020313 0.034375
0 0.380469 0.201563 0.023438 0.040625
0 0.428906 0.253125 0.020313 0.040625
0 0.467188 0.228906 0.021875 0.048438
0 0.421875 0.217969 0.018750 0.035938
0 0.427344 0.192188 0.017188 0.034375
0 0.408594 0.175000 0.014063 0.028125
0 0.453906 0.159375 0.017188 0.037500
0 0.475000 0.156250 0.015625 0.034375
0 0.510156 0.182813 0.017188 0.031250
0 0.482031 0.206250 0.017188 0.046875
0 0.547656 0.189844 0.020313 0.039062
0 0.506250 0.128125 0.015625 0.028125
0 0.515625 0.134375 0.012500 0.025000
0 0.554688 0.149219 0.018750 0.035938
0 0.531250 0.153125 0.015625 0.031250
0 0.597656 0.162500 0.017188 0.031250
0 0.583594 0.131250 0.014063 0.021875
0 0.602344 0.103125 0.017188 0.028125
0 0.615625 0.124219 0.012500 0.023438
0 0.609375 0.151563 0.012500 0.031250
0 0.628906 0.141406 0.014063 0.023438
0 0.648438 0.112500 0.012500 0.028125
0 0.667188 0.124219 0.015625 0.026563
0 0.530469 0.284375 0.026563 0.050000
0 0.560937 0.307031 0.031250 0.057813
0 0.577344 0.246094 0.026563 0.045313
0 0.628906 0.212500 0.023438 0.043750
0 0.650781 0.178125 0.020313 0.040625
0 0.662500 0.229688 0.021875 0.046875
0 0.634375 0.257031 0.025000 0.045313
0 0.656250 0.271875 0.025000 0.043750
0 0.671875 0.333594 0.034375 0.082813
0 0.711719 0.287500 0.032813 0.062500
0 0.712500 0.233594 0.028125 0.057813
0 0.685938 0.167969 0.018750 0.039062
0 0.717969 0.190625 0.020313 0.043750
0 0.735156 0.160938 0.017188 0.040625
0 0.750000 0.152344 0.015625 0.035938
0 0.766406 0.180469 0.020313 0.039062
0 0.745313 0.199219 0.018750 0.035938
0 0.750781 0.246094 0.023438 0.048438
0 0.784375 0.293750 0.028125 0.056250
0 0.790625 0.348438 0.046875 0.087500
0 0.863281 0.297656 0.026563 0.057813
0 0.828906 0.234375 0.023438 0.053125
0 0.789062 0.190625 0.021875 0.043750
0 0.771875 0.125000 0.015625 0.031250
0 0.791406 0.150000 0.017188 0.037500
0 0.803125 0.131250 0.018750 0.034375
0 0.810938 0.171875 0.018750 0.040625
0 0.828906 0.170313 0.017188 0.037500
0 0.839063 0.142187 0.012500 0.037500
0 0.854688 0.181250 0.015625 0.040625
0 0.846875 0.216406 0.015625 0.035938
0 0.876563 0.240625 0.021875 0.056250
0 0.888281 0.221875 0.014063 0.037500
0 0.895313 0.192969 0.012500 0.029688
0 0.916406 0.272656 0.020313 0.051563
0 0.885156 0.152344 0.017188 0.042188
