0 0.167188 0.267969 0.018750 0.045313
0 0.191406 0.240625 0.020313 0.034375
0 0.298438 0.228906 0.012500 0.032813
0 0.313281 0.228125 0.017188 0.037500
0 0.364844 0.203125 0.014063 0.037500
0 0.376563 0.217188 0.012500 0.034375
0 0.386719 0.210156 0.017188 0.029688
0 0.401563 0.235938 0.018750 0.046875
0 0.439844 0.238281 0.017188 0.048438
0 0.478906 0.232031 0.023438 0.057813
0 0.454688 0.166406 0.018750 0.029688
0 0.486719 0.212500 0.023438 0.050000
0 0.461719 0.135938 0.014063 0.034375
0 0.493750 0.121875 0.015625 0.034375
0 0.472656 0.128125 0.010938 0.021875
0 0.512500 0.142969 0.009375 0.026563
0 0.525781 0.139844 0.010938 0.026563
0 0.526563 0.171094 0.015625 0.026563
0 0.553125 0.183594 0.015625 0.035938
0 0.550781 0.142187 0.010938 0.025000
0 0.550000 0.094531 0.012500 0.026563
0 0.572656 0.130469 0.014063 0.032813
0 0.586719 0.116406 0.010938 0.029688
0 0.612500 0.127344 0.012500 0.023438
0 0.590625 0.167188 0.012500 0.028125
0 0.610938 0.110156 0.012500 0.023438
0 0.631250 0.130469 0.012500 0.032813
0 0.629688 0.105469 0.009375 0.023438
0 0.644531 0.103906 0.017188 0.039062
0 0.662500 0.125781 0.012500 0.032813
0 0.696875 0.104688 0.015625 0.037500
0 0.510938 0.217188 0.018750 0.034375
0 0.628125 0.217969 0.021875 0.045313
0 0.617969 0.282813 0.023438 0.050000
0 0.678125 0.362500 0.028125 0.068750
0 0.703906 0.207031 0.017188 0.042188
0 0.718750 0.242188 0.025000 0.050000
0 0.730469 0.307813 0.023438 0.053125
0 0.775781 0.233594 0.020313 0.039062
0 0.752344 0.213281 0.020313 0.039062
0 0.737500 0.151563 0.015625 0.031250
0 0.767188 0.152344 0.012500 0.032813
0 0.789062 0.141406 0.012500 0.029688
0 0.810938 0.160938 0.015625 0.034375
0 0.803906 0.228125 0.014063 0.037500
0 0.816406 0.271094 0.020313 0.042188
0 0.780469 0.414062 0.029688 0.056250
0 0.816406 0.396875 0.026563 0.059375
0 0.834375 0.435938 0.025000 0.071875
0 0.834375 0.337500 0.021875 0.056250
0 0.868750 0.285156 0.018750 0.048438
0 0.883594 0.242969 0.017188 0.042188
0 0.921094 0.310938 0.020313 0.046875
0 0.942188 0.232813 0.015625 0.037500
0 0.419531 0.165625 0.014063 0.025000
