0 0.084375 0.446875 0.059375 0.090625
0 0.122656 0.360156 0.039062 0.054688
0 0.008594 0.271875 0.014063 0.040625
0 0.176563 0.386719 0.040625 0.089063
0 0.172656 0.317969 0.032813 0.051563
0 0.167969 0.274219 0.032813 0.045313
0 0.210156 0.283594 0.026563 0.042188
0 0.233594 0.408594 0.057813 0.107813
0 0.278125 0.379688 0.040625 0.075000
0 0.248438 0.335156 0.028125 0.048438
0 0.289844 0.322656 0.032813 0.048438
0 0.285156 0.275000 0.029688 0.050000
0 0.335156 0.317969 0.029688 0.057813
0 0.355469 0.328906 0.032813 0.060938
0 0.381250 0.328906 0.034375 0.054688
0 0.367188 0.272656 0.025000 0.045313
0 0.401563 0.211719 0.028125 0.045313
0 0.366406 0.414062 0.042188 0.084375
0 0.393750 0.391406 0.034375 0.067187
0 0.452344 0.390625 0.042188 0.071875
0 0.489063 0.414062 0.050000 0.090625
0 0.494531 0.335156 0.029688 0.057813
0 0.463281 0.313281 0.029688 0.057813
0 0.435938 0.314063 0.031250 0.059375
0 0.453125 0.228125 0.028125 0.053125
0 0.486719 0.224219 0.023438 0.045313
0 0.514062 0.235156 0.021875 0.048438
0 0.533594 0.319531 0.029688 0.054688
0 0.522656 0.287500 0.029688 0.053125
0 0.567969 0.234375 0.023438 0.040625
0 0.589844 0.307813 0.029688 0.053125
0 0.556250 0.353906 0.028125 0.064063
0 0.584375 0.389063 0.034375 0.075000
0 0.636719 0.421875 0.051563 0.090625
0 0.609375 0.249219 0.028125 0.045313
0 0.590625 0.209375 0.021875 0.040625
0 0.639063 0.192188 0.028125 0.050000
0 0.659375 0.245313 0.028125 0.053125
0 0.630469 0.318750 0.026563 0.062500
0 0.656250 0.334375 0.028125 0.059375
0 0.700781 0.375000 0.039062 0.078125
0 0.748438 0.441406 0.050000 0.089063
0 0.783594 0.382812 0.035938 0.062500
0 0.757031 0.324219 0.039062 0.070312
0 0.861719 0.442969 0.060938 0.098438
