1 0.475781 0.221094 0.042188 0.095313
1 0.578125 0.796875 0.046875 0.096875
1 0.482031 0.778125 0.035938 0.087500
1 0.628906 0.655469 0.026563 0.070312
1 0.600000 0.662500 0.025000 0.062500
1 0.664062 0.658594 0.015625 0.070312
1 0.762500 0.642969 0.012500 0.035938
1 0.832031 0.574219 0.032813 0.079688
1 0.985938 0.610938 0.028125 0.084375
1 0.110156 0.564063 0.042188 0.096875
1 0.397656 0.796875 0.039062 0.103125
1 0.357031 0.890625 0.039062 0.084375
0 0.213281 0.481250 0.048438 0.115625
0 0.328906 0.634375 0.010938 0.031250
