0 0.063281 0.222656 0.042188 0.051563
0 0.302344 0.195312 0.054688 0.062500
0 0.404688 0.192969 0.046875 0.067187
0 0.062500 0.708594 0.084375 0.089063
0 0.039844 0.825781 0.076563 0.132812
0 0.079688 0.935938 0.100000 0.118750
0 0.250781 0.784375 0.095313 0.115625
0 0.247656 0.648438 0.070312 0.084375
0 0.233594 0.579688 0.064063 0.075000
0 0.229688 0.507031 0.050000 0.057813
0 0.117188 0.539062 0.053125 0.078125
0 0.152344 0.508594 0.048438 0.067187
0 0.286719 0.480469 0.045313 0.064063
0 0.332031 0.579688 0.067187 0.084375
0 0.385938 0.473438 0.046875 0.068750
0 0.452344 0.621094 0.057813 0.073438
0 0.451563 0.556250 0.046875 0.068750
0 0.412500 0.709375 0.071875 0.100000
0 0.618750 0.794531 0.090625 0.142187
0 0.611719 0.678125 0.073438 0.087500
0 0.597656 0.591406 0.054688 0.082813
0 0.513281 0.501563 0.035938 0.071875
0 0.568750 0.387500 0.059375 0.056250
0 0.642188 0.406250 0.046875 0.062500
0 0.650781 0.552344 0.042188 0.067187
0 0.802344 0.592969 0.067187 0.079688
0 0.723438 0.415625 0.050000 0.059375
0 0.855469 0.408594 0.051563 0.076563
0 0.676563 0.528125 0.043750 0.071875
0 0.921094 0.659375 0.064063 0.084375
0 0.817188 0.678125 0.081250 0.112500
0 0.953906 0.449219 0.064063 0.082813
0 0.967969 0.181250 0.064063 0.093750
0 0.960938 0.910156 0.078125 0.160938
