0 0.271094 0.260156 0.020313 0.032813
0 0.282813 0.263281 0.018750 0.039062
0 0.312500 0.264063 0.018750 0.040625
0 0.328906 0.278906 0.017188 0.039062
0 0.350000 0.304688 0.021875 0.037500
0 0.351562 0.236719 0.018750 0.035938
0 0.385156 0.214844 0.017188 0.035938
0 0.399219 0.211719 0.017188 0.029688
0 0.406250 0.299219 0.025000 0.045313
0 0.420313 0.236719 0.021875 0.035938
0 0.484375 0.225781 0.025000 0.042188
0 0.469531 0.181250 0.020313 0.037500
0 0.517969 0.166406 0.017188 0.026563
0 0.538281 0.185938 0.020313 0.037500
0 0.525781 0.214063 0.020313 0.034375
0 0.570312 0.192969 0.021875 0.032813
0 0.568750 0.162500 0.018750 0.028125
0 0.594531 0.172656 0.020313 0.039062
0 0.610156 0.124219 0.017188 0.026563
0 0.582031 0.227344 0.020313 0.039062
0 0.508594 0.306250 0.023438 0.050000
0 0.559375 0.314844 0.031250 0.057813
0 0.598438 0.271094 0.028125 0.057813
0 0.625781 0.220313 0.023438 0.043750
0 0.650000 0.196094 0.021875 0.042188
0 0.667969 0.349219 0.032813 0.070312
0 0.658594 0.272656 0.029688 0.051563
0 0.682031 0.217188 0.023438 0.050000
0 0.696094 0.185156 0.020313 0.039062
0 0.732031 0.204688 0.020313 0.037500
0 0.739063 0.182031 0.018750 0.035938
0 0.728125 0.257031 0.025000 0.048438
0 0.759375 0.235938 0.021875 0.043750
0 0.767969 0.190625 0.017188 0.034375
0 0.789844 0.202344 0.017188 0.039062
0 0.778125 0.144531 0.015625 0.032813
0 0.807031 0.147656 0.017188 0.032813
0 0.825000 0.176563 0.018750 0.034375
0 0.831250 0.232031 0.018750 0.035938
0 0.817188 0.252344 0.028125 0.057813
0 0.787500 0.305469 0.025000 0.054688
0 0.769531 0.364063 0.032813 0.059375
0 0.860938 0.296875 0.028125 0.056250
0 0.873438 0.267188 0.025000 0.046875
0 0.911719 0.292969 0.026563 0.054688
0 0.895313 0.214844 0.018750 0.042188
0 0.851562 0.204688 0.015625 0.040625
0 0.863281 0.163281 0.014063 0.029688
