0 0.017188 0.366406 0.031250 0.070312
0 0.078125 0.440625 0.078125 0.115625
0 0.117188 0.450781 0.046875 0.098438
0 0.108594 0.367188 0.060938 0.087500
0 0.192188 0.399219 0.046875 0.089063
0 0.099219 0.551563 0.092188 0.146875
0 0.077344 0.841406 0.145313 0.264063
0 0.267188 0.489844 0.068750 0.104688
0 0.299219 0.550000 0.089063 0.156250
0 0.346875 0.410156 0.053125 0.092188
0 0.367188 0.373438 0.043750 0.075000
0 0.488281 0.331250 0.035938 0.075000
0 0.545312 0.359375 0.043750 0.084375
0 0.588281 0.345313 0.039062 0.075000
0 0.677344 0.370313 0.054688 0.103125
0 0.526563 0.677344 0.109375 0.176563
0 0.733594 0.626563 0.104688 0.156250
0 0.842188 0.427344 0.065625 0.110938
0 0.895313 0.430469 0.084375 0.154688
