0 0.122656 0.581250 0.082813 0.118750
0 0.271094 0.545312 0.073438 0.112500
0 0.421094 0.554688 0.067187 0.128125
0 0.619531 0.551563 0.064063 0.118750
0 0.713281 0.559375 0.073438 0.118750
0 0.897656 0.385156 0.070312 0.104688
0 0.766406 0.304688 0.060938 0.090625
0 0.675781 0.410938 0.057813 0.109375
0 0.539062 0.391406 0.071875 0.129688
0 0.433594 0.352344 0.070312 0.117188
0 0.267188 0.359375 0.084375 0.115625
0 0.148438 0.188281 0.075000 0.129688
0 0.222656 0.187500 0.051563 0.093750
0 0.271875 0.157813 0.046875 0.090625
0 0.335156 0.122656 0.051563 0.104688
0 0.428906 0.133594 0.054688 0.089063
0 0.542188 0.126562 0.053125 0.103125
0 0.591406 0.135156 0.054688 0.092188
0 0.654688 0.146875 0.056250 0.081250
0 0.757031 0.128906 0.051563 0.089063
0 0.856250 0.156250 0.053125 0.093750
