0 0.104688 0.687500 0.109375 0.146875
0 0.114844 0.885156 0.164062 0.207813
0 0.050781 0.610156 0.085938 0.151563
0 0.057031 0.472656 0.073438 0.126562
0 0.030469 0.448438 0.057813 0.128125
0 0.071875 0.322656 0.053125 0.076563
0 0.082031 0.278906 0.048438 0.070312
0 0.242969 0.307813 0.067187 0.090625
0 0.325781 0.586719 0.092188 0.173438
0 0.404688 0.394531 0.059375 0.132812
0 0.387500 0.307031 0.046875 0.070312
0 0.512500 0.483594 0.075000 0.123438
0 0.485156 0.659375 0.110938 0.178125
0 0.551563 0.835156 0.153125 0.276562
0 0.582031 0.321875 0.057813 0.103125
0 0.618750 0.254688 0.046875 0.087500
0 0.684375 0.274219 0.050000 0.107813
0 0.710156 0.242188 0.039062 0.081250
0 0.759375 0.264844 0.040625 0.089063
0 0.795313 0.206250 0.037500 0.081250
0 0.831250 0.175781 0.040625 0.092188
0 0.797656 0.332031 0.057813 0.110938
0 0.723438 0.442969 0.087500 0.154688
0 0.660938 0.572656 0.078125 0.145313
0 0.755469 0.709375 0.098438 0.168750
0 0.885938 0.569531 0.090625 0.179688
0 0.933594 0.474219 0.082813 0.129688
0 0.867188 0.371875 0.084375 0.134375
0 0.961719 0.332813 0.067187 0.103125
0 0.975781 0.185156 0.039062 0.073438
