0 0.119531 0.296875 0.020313 0.037500
0 0.229688 0.189063 0.018750 0.031250
0 0.164062 0.237500 0.012500 0.028125
0 0.362500 0.178125 0.015625 0.034375
0 0.393750 0.257812 0.021875 0.034375
0 0.415625 0.154688 0.012500 0.028125
0 0.455469 0.220313 0.017188 0.040625
0 0.482813 0.314844 0.025000 0.051563
0 0.534375 0.320312 0.025000 0.053125
0 0.603906 0.251563 0.020313 0.043750
0 0.618750 0.095313 0.015625 0.037500
0 0.581250 0.117969 0.012500 0.026563
0 0.530469 0.135156 0.010938 0.029688
0 0.560937 0.125000 0.015625 0.031250
0 0.671875 0.182813 0.025000 0.053125
0 0.663281 0.303906 0.026563 0.060938
0 0.775781 0.260937 0.023438 0.056250
0 0.800000 0.297656 0.021875 0.051563
0 0.892188 0.139844 0.018750 0.042188
0 0.918750 0.148438 0.009375 0.025000
0 0.898438 0.286719 0.021875 0.051563
