0 0.022656 0.414844 0.035938 0.042188
0 0.137500 0.580469 0.075000 0.104688
0 0.192969 0.510156 0.070312 0.076563
0 0.288281 0.472656 0.051563 0.060938
0 0.321094 0.442969 0.032813 0.042188
0 0.355469 0.436719 0.029688 0.039062
0 0.349219 0.408594 0.023438 0.032813
0 0.579688 0.417969 0.028125 0.045313
0 0.614063 0.446875 0.040625 0.056250
0 0.638281 0.485156 0.045313 0.057813
0 0.639844 0.544531 0.070312 0.070312
0 0.769531 0.578125 0.089063 0.096875
0 0.812500 0.706250 0.109375 0.150000
0 0.789844 0.450781 0.032813 0.051563
0 0.755469 0.433594 0.029688 0.045313
0 0.729688 0.417188 0.025000 0.037500
0 0.883594 0.458594 0.048438 0.057813
0 0.868750 0.407813 0.034375 0.043750
0 0.906250 0.425000 0.021875 0.031250
0 0.967969 0.437500 0.035938 0.046875
