0 0.072656 0.687500 0.126562 0.225000
0 0.039844 0.479688 0.067187 0.153125
0 0.158594 0.371875 0.039062 0.071875
0 0.229688 0.400000 0.050000 0.071875
0 0.285938 0.415625 0.046875 0.078125
0 0.268750 0.382031 0.031250 0.051563
0 0.332031 0.407813 0.039062 0.071875
0 0.346875 0.385156 0.031250 0.060938
0 0.391406 0.471094 0.054688 0.092188
0 0.423438 0.446875 0.037500 0.071875
0 0.429688 0.401563 0.043750 0.062500
0 0.510156 0.442969 0.054688 0.085938
0 0.568750 0.542188 0.078125 0.140625
0 0.508594 0.404688 0.045313 0.068750
0 0.570312 0.395313 0.034375 0.046875
0 0.650000 0.440625 0.046875 0.081250
0 0.620313 0.410938 0.037500 0.062500
0 0.650000 0.396875 0.037500 0.059375
0 0.715625 0.387500 0.037500 0.065625
0 0.695312 0.374219 0.025000 0.039062
0 0.757031 0.426563 0.054688 0.090625
0 0.735156 0.520313 0.076563 0.112500
0 0.854688 0.629688 0.103125 0.190625
0 0.856250 0.500000 0.078125 0.093750
0 0.801563 0.394531 0.031250 0.057813
0 0.872656 0.427344 0.045313 0.064063
0 0.932031 0.403906 0.045313 0.060938
0 0.964063 0.494531 0.075000 0.148438
