0 0.621875 0.357031 0.028125 0.054688
0 0.646094 0.573438 0.051563 0.087500
0 0.666406 0.628125 0.064063 0.103125
0 0.717969 0.560156 0.039062 0.067187
0 0.762500 0.593750 0.050000 0.081250
0 0.801563 0.786719 0.093750 0.145313
0 0.832031 0.643750 0.057813 0.093750
0 0.816406 0.549219 0.042188 0.070312
0 0.335938 0.559375 0.040625 0.065625
0 0.305469 0.600000 0.042188 0.087500
0 0.278906 0.621094 0.051563 0.101562
0 0.200000 0.564063 0.053125 0.084375
0 0.248438 0.542969 0.046875 0.085938
0 0.107813 0.639063 0.065625 0.096875
0 0.047656 0.587500 0.064063 0.075000
0 0.132812 0.538281 0.043750 0.076563
0 0.911719 0.592969 0.051563 0.085938
0 0.914062 0.536719 0.040625 0.067187
0 0.967969 0.742188 0.067187 0.128125
0 0.980469 0.648438 0.042188 0.075000
0 0.983594 0.575000 0.035938 0.081250
