0 0.272656 0.224219 0.020313 0.035938
0 0.340625 0.234375 0.018750 0.037500
0 0.364844 0.269531 0.026563 0.035938
0 0.410156 0.275000 0.017188 0.037500
0 0.428906 0.217188 0.014063 0.031250
0 0.450000 0.217969 0.012500 0.035938
0 0.483594 0.224219 0.023438 0.029688
0 0.390625 0.225000 0.015625 0.028125
0 0.369531 0.196094 0.017188 0.039062
0 0.403125 0.165625 0.015625 0.034375
0 0.426563 0.171875 0.015625 0.031250
0 0.483594 0.160938 0.020313 0.028125
0 0.473438 0.135156 0.015625 0.032813
0 0.517188 0.181250 0.015625 0.037500
0 0.535938 0.200781 0.015625 0.039062
0 0.575781 0.277344 0.026563 0.051563
0 0.582813 0.239063 0.021875 0.028125
0 0.629688 0.203125 0.018750 0.031250
0 0.682031 0.260937 0.026563 0.040625
0 0.677344 0.220313 0.017188 0.031250
0 0.722656 0.242188 0.014063 0.037500
0 0.712500 0.187500 0.015625 0.031250
0 0.686719 0.120313 0.014063 0.028125
0 0.715625 0.109375 0.015625 0.037500
0 0.672656 0.108594 0.014063 0.026563
0 0.583594 0.118750 0.010938 0.031250
0 0.519531 0.129688 0.017188 0.028125
0 0.739063 0.262500 0.018750 0.046875
0 0.765625 0.293750 0.025000 0.062500
0 0.821875 0.298438 0.028125 0.056250
0 0.905469 0.342188 0.023438 0.059375
0 0.867969 0.269531 0.017188 0.045313
0 0.843750 0.235938 0.018750 0.037500
0 0.791406 0.224219 0.023438 0.035938
0 0.742188 0.202344 0.015625 0.029688
0 0.761719 0.174219 0.010938 0.023438
0 0.797656 0.160156 0.010938 0.026563
0 0.786719 0.141406 0.010938 0.026563
0 0.817188 0.142969 0.009375 0.032813
0 0.845313 0.156250 0.015625 0.031250
0 0.909375 0.208594 0.015625 0.029688
0 0.893750 0.152344 0.012500 0.026563
0 0.916406 0.157031 0.010938 0.029688
0 0.935938 0.233594 0.012500 0.032813
0 0.935938 0.307031 0.018750 0.039062
0 0.914062 0.260937 0.015625 0.040625
0 0.583594 0.175781 0.010938 0.029688
0 0.616406 0.171094 0.014063 0.029688
0 0.726562 0.150000 0.015625 0.031250
0 0.615625 0.296875 0.037500 0.062500
0 0.607031 0.121094 0.010938 0.020313
0 0.608594 0.100781 0.014063 0.017188
0 0.625781 0.119531 0.010938 0.020313
0 0.655469 0.115625 0.010938 0.021875
0 0.860156 0.156250 0.010938 0.031250
0 0.848438 0.205469 0.018750 0.029688
0 0.957031 0.215625 0.017188 0.028125
0 0.864844 0.181250 0.014063 0.034375
0 0.956250 0.180469 0.015625 0.035938
0 0.657813 0.142187 0.015625 0.037500
0 0.632031 0.136719 0.014063 0.029688
0 0.532813 0.144531 0.018750 0.029688
0 0.470313 0.200781 0.015625 0.032813
0 0.428906 0.149219 0.014063 0.026563
0 0.498438 0.128125 0.015625 0.018750
0 0.499219 0.148438 0.014063 0.028125
0 0.385938 0.191406 0.015625 0.042188
