0 0.103125 0.210938 0.096875 0.181250
0 0.196094 0.303906 0.045313 0.098438
0 0.284375 0.242188 0.031250 0.065625
0 0.306250 0.317188 0.043750 0.078125
0 0.326563 0.392188 0.043750 0.109375
0 0.446094 0.332031 0.029688 0.076563
0 0.382031 0.232031 0.032813 0.067187
0 0.470313 0.408594 0.056250 0.110938
0 0.479688 0.213281 0.031250 0.064063
0 0.479688 0.146094 0.031250 0.070312
0 0.574219 0.155469 0.026563 0.070312
0 0.581250 0.232813 0.037500 0.071875
0 0.573438 0.310938 0.037500 0.075000
0 0.577344 0.485938 0.064063 0.131250
0 0.690625 0.323438 0.040625 0.096875
0 0.692188 0.228906 0.034375 0.070312
0 0.679688 0.142187 0.028125 0.059375
0 0.593750 0.082031 0.028125 0.054688
0 0.684375 0.070312 0.025000 0.059375
0 0.757812 0.122656 0.031250 0.073438
0 0.803125 0.207813 0.040625 0.090625
0 0.815625 0.337500 0.050000 0.096875
0 0.781250 0.467188 0.059375 0.109375
0 0.931250 0.595313 0.115625 0.190625
0 0.978125 0.325000 0.046875 0.115625
0 0.925000 0.243750 0.043750 0.087500
0 0.896094 0.148438 0.032813 0.078125
0 0.865625 0.049219 0.031250 0.054688
0 0.989063 0.117188 0.025000 0.059375
0 0.982813 0.041406 0.037500 0.076563
