0 0.044531 0.667969 0.070312 0.107813
0 0.033594 0.593750 0.045313 0.062500
0 0.027344 0.550781 0.042188 0.048438
0 0.139844 0.532031 0.042188 0.051563
0 0.202344 0.610938 0.067187 0.090625
0 0.241406 0.724219 0.057813 0.104688
0 0.296875 0.855469 0.128125 0.189063
0 0.306250 0.536719 0.037500 0.057813
0 0.365625 0.555469 0.034375 0.054688
0 0.392188 0.582031 0.050000 0.067187
0 0.400781 0.530469 0.032813 0.045313
0 0.490625 0.534375 0.031250 0.037500
0 0.514062 0.566406 0.037500 0.051563
0 0.491406 0.628125 0.064063 0.071875
0 0.598438 0.654688 0.059375 0.090625
0 0.614844 0.603906 0.054688 0.076563
0 0.634375 0.538281 0.037500 0.060938
0 0.694531 0.577344 0.042188 0.067187
0 0.684375 0.527344 0.028125 0.032813
0 0.794531 0.588281 0.064063 0.098438
0 0.733594 0.614844 0.045313 0.076563
0 0.739063 0.725781 0.106250 0.132812
0 0.891406 0.582031 0.045313 0.064063
0 0.935938 0.616406 0.053125 0.060938
0 0.892969 0.529687 0.026563 0.037500
0 0.928906 0.553125 0.039062 0.050000
0 0.942969 0.521875 0.029688 0.043750
0 0.642188 0.437500 0.025000 0.034375
