0 0.116406 0.506250 0.045313 0.115625
0 0.724219 0.123438 0.014063 0.031250
0 0.688281 0.114063 0.014063 0.028125
0 0.638281 0.102344 0.014063 0.026563
0 0.745313 0.135938 0.018750 0.028125
0 0.759375 0.132031 0.012500 0.023438
0 0.315625 0.236719 0.015625 0.042188
0 0.328906 0.202344 0.017188 0.039062
0 0.358594 0.202344 0.014063 0.035938
0 0.426563 0.157031 0.015625 0.026563
0 0.471094 0.140625 0.014063 0.031250
0 0.499219 0.127344 0.010938 0.026563
0 0.425781 0.200781 0.017188 0.032813
0 0.450781 0.219531 0.020313 0.039062
0 0.530469 0.128906 0.014063 0.035938
0 0.583594 0.121094 0.014063 0.032813
0 0.607813 0.125781 0.015625 0.026563
0 0.619531 0.114063 0.020313 0.028125
0 0.781250 0.146875 0.015625 0.037500
0 0.539062 0.160156 0.012500 0.023438
0 0.510156 0.151563 0.014063 0.034375
0 0.491406 0.146875 0.020313 0.037500
0 0.503906 0.215625 0.014063 0.037500
0 0.561719 0.185938 0.017188 0.034375
0 0.561719 0.164062 0.020313 0.046875
0 0.544531 0.138281 0.014063 0.026563
0 0.592969 0.167188 0.014063 0.028125
0 0.632031 0.154688 0.014063 0.028125
0 0.658594 0.142187 0.014063 0.028125
0 0.664844 0.117969 0.014063 0.029688
0 0.533594 0.275000 0.032813 0.056250
0 0.586719 0.284375 0.023438 0.053125
0 0.589844 0.251563 0.023438 0.046875
0 0.635938 0.298438 0.031250 0.068750
0 0.638281 0.258594 0.032813 0.054688
0 0.642188 0.221094 0.021875 0.048438
0 0.664844 0.197656 0.023438 0.042188
0 0.671875 0.243750 0.021875 0.043750
0 0.711719 0.171875 0.020313 0.031250
0 0.704688 0.212500 0.021875 0.037500
0 0.723438 0.236719 0.018750 0.039062
0 0.679688 0.296875 0.025000 0.043750
0 0.678125 0.345313 0.034375 0.043750
0 0.759375 0.335938 0.031250 0.062500
0 0.753125 0.173438 0.015625 0.031250
0 0.816406 0.172656 0.017188 0.042188
0 0.849219 0.153906 0.017188 0.035938
0 0.835156 0.175781 0.020313 0.039062
0 0.789062 0.217969 0.025000 0.048438
0 0.798438 0.278125 0.028125 0.043750
0 0.839063 0.360156 0.031250 0.057813
0 0.846094 0.219531 0.020313 0.045313
0 0.821094 0.264063 0.026563 0.046875
0 0.884375 0.155469 0.015625 0.032813
0 0.870313 0.185938 0.021875 0.031250
0 0.892969 0.212500 0.017188 0.037500
0 0.920313 0.162500 0.012500 0.034375
0 0.919531 0.185938 0.017188 0.040625
0 0.945312 0.172656 0.012500 0.035938
0 0.936719 0.249219 0.020313 0.039062
0 0.927344 0.284375 0.017188 0.043750
0 0.922656 0.324219 0.026563 0.045313
0 0.872656 0.295313 0.023438 0.053125
0 0.884375 0.250000 0.021875 0.056250
0 0.903906 0.200000 0.017188 0.034375
0 0.856250 0.200000 0.021875 0.053125
0 0.772656 0.190625 0.026563 0.050000
0 0.764844 0.150781 0.020313 0.039062
0 0.692969 0.139844 0.023438 0.045313
0 0.492188 0.181250 0.015625 0.037500
0 0.439844 0.189844 0.014063 0.035938
0 0.471094 0.154688 0.017188 0.028125
0 0.946094 0.222656 0.014063 0.035938
