0 0.204688 0.110938 0.012500 0.031250
0 0.358594 0.085156 0.014063 0.035938
0 0.225000 0.130469 0.015625 0.032813
0 0.159375 0.150000 0.012500 0.037500
0 0.051563 0.209375 0.015625 0.043750
0 0.123438 0.210156 0.015625 0.042188
0 0.258594 0.124219 0.017188 0.042188
0 0.388281 0.089063 0.010938 0.028125
0 0.404688 0.084375 0.009375 0.028125
0 0.491406 0.078906 0.007812 0.026563
0 0.535938 0.077344 0.009375 0.023438
0 0.188281 0.193750 0.023438 0.043750
0 0.178125 0.265625 0.018750 0.046875
0 0.061719 0.400781 0.020313 0.064063
0 0.075000 0.480469 0.025000 0.064063
0 0.128906 0.585156 0.032813 0.079688
0 0.207813 0.439063 0.025000 0.056250
0 0.210156 0.339063 0.023438 0.068750
0 0.246875 0.275781 0.015625 0.045313
0 0.290625 0.203125 0.018750 0.053125
0 0.292969 0.164844 0.017188 0.035938
0 0.309375 0.230469 0.018750 0.032813
0 0.354688 0.222656 0.012500 0.045313
0 0.374219 0.164844 0.010938 0.035938
0 0.414844 0.162500 0.017188 0.040625
0 0.460938 0.128125 0.012500 0.034375
0 0.544531 0.466406 0.029688 0.070312
0 0.473438 0.214844 0.015625 0.051563
0 0.482031 0.264063 0.020313 0.046875
0 0.538281 0.300000 0.017188 0.050000
0 0.505469 0.175000 0.010938 0.031250
0 0.478125 0.116406 0.012500 0.026563
0 0.506250 0.100000 0.012500 0.021875
0 0.595313 0.125000 0.012500 0.034375
0 0.567969 0.198438 0.017188 0.037500
0 0.608594 0.232813 0.014063 0.043750
0 0.672656 0.325781 0.017188 0.048438
0 0.706250 0.267188 0.018750 0.040625
0 0.646875 0.150000 0.009375 0.028125
0 0.616406 0.109375 0.014063 0.028125
0 0.764063 0.204688 0.015625 0.037500
0 0.804688 0.225000 0.012500 0.040625
0 0.847656 0.267188 0.014063 0.040625
0 0.862500 0.301563 0.012500 0.043750
0 0.917188 0.364063 0.018750 0.043750
0 0.696094 0.207813 0.017188 0.043750
0 0.718750 0.212500 0.012500 0.031250
0 0.778906 0.367188 0.023438 0.050000
0 0.042188 0.236719 0.015625 0.054688
0 0.465625 0.157813 0.015625 0.031250
