0 0.024219 0.457031 0.042188 0.167188
0 0.047656 0.367969 0.048438 0.126562
0 0.050781 0.280469 0.035938 0.089063
0 0.102344 0.280469 0.039062 0.101562
0 0.108594 0.474219 0.057813 0.145313
0 0.214844 0.534375 0.070312 0.168750
0 0.271094 0.367969 0.042188 0.129688
0 0.225000 0.248438 0.031250 0.081250
0 0.285156 0.254688 0.023438 0.084375
0 0.307031 0.294531 0.032813 0.101562
0 0.310156 0.224219 0.029688 0.076563
0 0.337500 0.285156 0.031250 0.101562
0 0.350781 0.228125 0.017188 0.065625
0 0.369531 0.236719 0.020313 0.057813
0 0.377344 0.288281 0.029688 0.085938
0 0.433594 0.216406 0.020313 0.060938
0 0.317969 0.528125 0.054688 0.162500
0 0.419531 0.367969 0.042188 0.110938
0 0.486719 0.366406 0.035938 0.092188
0 0.509375 0.243750 0.018750 0.053125
0 0.496875 0.239844 0.012500 0.045313
0 0.483594 0.202344 0.020313 0.054688
0 0.542188 0.189063 0.015625 0.053125
0 0.525781 0.228906 0.017188 0.054688
0 0.564844 0.335156 0.026563 0.079688
0 0.564844 0.219531 0.014063 0.054688
0 0.611719 0.322656 0.026563 0.076563
0 0.597656 0.285938 0.017188 0.053125
0 0.608594 0.196094 0.014063 0.051563
0 0.629688 0.216406 0.018750 0.057813
0 0.675000 0.222656 0.018750 0.051563
0 0.680469 0.339844 0.032813 0.085938
0 0.644531 0.415625 0.039062 0.118750
0 0.656250 0.357813 0.028125 0.071875
0 0.560937 0.503906 0.050000 0.157813
0 0.745313 0.346094 0.025000 0.092188
0 0.725781 0.291406 0.020313 0.064063
0 0.725000 0.250000 0.015625 0.050000
0 0.718750 0.227344 0.015625 0.045313
0 0.699219 0.239063 0.017188 0.059375
0 0.867969 0.126562 0.051563 0.156250
0 0.957813 0.254688 0.018750 0.053125
0 0.042188 0.797656 0.078125 0.329688
