0 0.137500 0.561719 0.046875 0.092188
0 0.234375 0.342969 0.015625 0.035938
0 0.264063 0.350781 0.021875 0.039062
0 0.282031 0.381250 0.020313 0.040625
0 0.289062 0.311719 0.018750 0.035938
0 0.331250 0.378906 0.021875 0.048438
0 0.355469 0.325781 0.017188 0.032813
0 0.355469 0.300000 0.017188 0.028125
0 0.388281 0.345313 0.020313 0.037500
0 0.410938 0.339063 0.021875 0.040625
0 0.408594 0.303906 0.017188 0.032813
0 0.396875 0.260156 0.015625 0.035938
0 0.427344 0.265625 0.014063 0.025000
0 0.438281 0.276562 0.017188 0.031250
0 0.438281 0.313281 0.020313 0.039062
0 0.448438 0.342188 0.025000 0.040625
0 0.473438 0.312500 0.015625 0.037500
0 0.503125 0.331250 0.025000 0.040625
0 0.523438 0.281250 0.015625 0.037500
0 0.500781 0.271094 0.017188 0.039062
0 0.478906 0.270313 0.017188 0.034375
0 0.467969 0.245313 0.020313 0.031250
0 0.521875 0.250000 0.018750 0.034375
0 0.543750 0.252344 0.015625 0.035938
0 0.556250 0.288281 0.015625 0.035938
0 0.575781 0.256250 0.014063 0.031250
0 0.569531 0.221875 0.010938 0.025000
0 0.585156 0.239844 0.014063 0.032813
0 0.600781 0.260156 0.017188 0.035938
0 0.603125 0.229688 0.012500 0.028125
0 0.609375 0.210938 0.012500 0.025000
0 0.628906 0.219531 0.017188 0.029688
0 0.642188 0.228125 0.015625 0.034375
0 0.644531 0.250781 0.010938 0.029688
0 0.671875 0.232813 0.015625 0.025000
0 0.671875 0.210156 0.015625 0.029688
0 0.688281 0.235156 0.014063 0.035938
0 0.541406 0.357031 0.029688 0.048438
0 0.493750 0.392188 0.034375 0.056250
0 0.544531 0.412500 0.026563 0.059375
0 0.587500 0.451563 0.034375 0.062500
0 0.603906 0.382812 0.029688 0.059375
0 0.600781 0.337500 0.026563 0.046875
0 0.645313 0.307031 0.025000 0.054688
0 0.648438 0.357031 0.021875 0.042188
0 0.664844 0.389063 0.026563 0.065625
0 0.638281 0.478906 0.035938 0.073438
0 0.700781 0.549219 0.042188 0.067187
0 0.688281 0.368750 0.026563 0.059375
0 0.671094 0.283594 0.023438 0.042188
0 0.697656 0.304688 0.020313 0.040625
0 0.709375 0.306250 0.018750 0.040625
0 0.708594 0.253125 0.014063 0.037500
0 0.737500 0.254688 0.018750 0.037500
0 0.750000 0.233594 0.012500 0.029688
0 0.769531 0.280469 0.017188 0.035938
0 0.781250 0.246875 0.015625 0.025000
0 0.782031 0.273438 0.014063 0.034375
0 0.817188 0.307813 0.018750 0.034375
0 0.817188 0.274219 0.015625 0.032813
0 0.810938 0.246875 0.015625 0.031250
0 0.810156 0.360938 0.023438 0.053125
0 0.728906 0.406250 0.026563 0.053125
0 0.792969 0.439063 0.032813 0.068750
0 0.832031 0.512500 0.035938 0.068750
0 0.846875 0.441406 0.028125 0.064063
0 0.860156 0.377344 0.020313 0.051563
0 0.922656 0.473438 0.032813 0.056250
0 0.913281 0.396094 0.023438 0.045313
0 0.932813 0.359375 0.018750 0.040625
0 0.926563 0.316406 0.018750 0.039062
0 0.940625 0.275000 0.015625 0.028125
0 0.913281 0.304688 0.017188 0.040625
0 0.890625 0.329688 0.018750 0.040625
0 0.869531 0.341406 0.020313 0.045313
0 0.845313 0.317188 0.021875 0.040625
0 0.857031 0.278906 0.017188 0.035938
0 0.844531 0.261719 0.017188 0.035938
0 0.876563 0.260156 0.015625 0.039062
0 0.896094 0.275000 0.014063 0.037500
