0 0.300000 0.184375 0.015625 0.031250
0 0.412500 0.208594 0.012500 0.029688
0 0.447656 0.230469 0.017188 0.035938
0 0.444531 0.182031 0.014063 0.032813
0 0.462500 0.134375 0.009375 0.025000
0 0.481250 0.170313 0.015625 0.031250
0 0.459375 0.200781 0.012500 0.029688
0 0.548438 0.166406 0.012500 0.026563
0 0.560156 0.190625 0.017188 0.031250
0 0.632812 0.120313 0.012500 0.031250
0 0.626563 0.260156 0.018750 0.039062
0 0.628125 0.214063 0.015625 0.040625
0 0.671094 0.219531 0.017188 0.039062
0 0.675781 0.175781 0.014063 0.032813
0 0.639063 0.336719 0.031250 0.051563
0 0.675781 0.290625 0.020313 0.043750
0 0.732031 0.229688 0.023438 0.040625
0 0.825000 0.258594 0.018750 0.035938
0 0.857813 0.257031 0.018750 0.054688
0 0.825000 0.387500 0.043750 0.118750
0 0.933594 0.240625 0.014063 0.043750
