1 0.197656 0.402344 0.329688 0.589063
1 0.711719 0.732813 0.270313 0.456250
1 0.465625 0.612500 0.021875 0.037500
1 0.292187 0.628125 0.021875 0.037500
1 0.459375 0.567188 0.015625 0.034375
1 0.465625 0.504688 0.015625 0.031250
1 0.546875 0.601562 0.018750 0.034375
1 0.590625 0.526563 0.015625 0.031250
1 0.590625 0.595313 0.015625 0.034375
1 0.644531 0.490625 0.017188 0.034375
1 0.912500 0.650000 0.021875 0.050000
1 0.540625 0.546875 0.018750 0.034375
0 0.579688 0.645313 0.021875 0.040625
0 0.525781 0.625000 0.020313 0.031250
0 0.831250 0.403125 0.015625 0.034375
0 0.874219 0.376563 0.017188 0.031250
0 0.851562 0.398438 0.015625 0.031250
0 0.887500 0.637500 0.025000 0.037500
0 0.866406 0.595313 0.020313 0.034375
0 0.556250 0.637500 0.018750 0.031250
0 0.502344 0.723438 0.085938 0.146875
0 0.441406 0.838281 0.170313 0.214063
0 0.874219 0.785156 0.135938 0.245313
0 0.401563 0.606250 0.015625 0.031250
0 0.428125 0.593750 0.015625 0.031250
0 0.456250 0.590625 0.018750 0.031250
0 0.334375 0.514062 0.015625 0.031250
0 0.551563 0.492188 0.012500 0.025000
