0 0.731250 0.198438 0.053125 0.068750
0 0.775000 0.267969 0.075000 0.120313
0 0.890625 0.413281 0.093750 0.104688
0 0.946875 0.516406 0.090625 0.132812
0 0.625781 0.600000 0.135938 0.218750
0 0.631250 0.774219 0.146875 0.185938
0 0.588281 0.398438 0.067187 0.075000
0 0.539062 0.326563 0.053125 0.068750
0 0.581250 0.270313 0.046875 0.068750
0 0.610156 0.234375 0.039062 0.062500
0 0.467969 0.239844 0.042188 0.051563
0 0.378125 0.396094 0.068750 0.098438
0 0.439063 0.336719 0.084375 0.089063
0 0.322656 0.555469 0.092188 0.114063
0 0.148438 0.730469 0.146875 0.157813
0 0.141406 0.517969 0.104688 0.110938
0 0.181250 0.416406 0.075000 0.085938
0 0.239063 0.323438 0.062500 0.081250
0 0.248438 0.274219 0.043750 0.042188
0 0.293750 0.239063 0.050000 0.065625
0 0.214844 0.235156 0.045313 0.060938
0 0.157031 0.268750 0.057813 0.078125
0 0.033594 0.331250 0.057813 0.084375
