0 0.272656 0.432813 0.104688 0.178125
0 0.421094 0.428125 0.089063 0.137500
0 0.541406 0.356250 0.048438 0.078125
0 0.647656 0.530469 0.139063 0.214063
0 0.715625 0.408594 0.084375 0.154688
0 0.734375 0.335938 0.046875 0.075000
0 0.769531 0.369531 0.051563 0.092188
0 0.817969 0.341406 0.048438 0.082813
0 0.850781 0.307031 0.039062 0.057813
0 0.832813 0.285156 0.028125 0.042188
0 0.900000 0.295313 0.021875 0.046875
0 0.924219 0.321875 0.039062 0.059375
0 0.942188 0.288281 0.031250 0.048438
0 0.986719 0.296094 0.029688 0.054688
