0 0.029688 0.445312 0.056250 0.056250
0 0.100781 0.453906 0.079688 0.085938
0 0.164844 0.467969 0.076563 0.057813
0 0.202344 0.435938 0.045313 0.031250
0 0.182813 0.414062 0.034375 0.034375
0 0.300000 0.425000 0.046875 0.034375
0 0.337500 0.384375 0.031250 0.028125
0 0.371094 0.446875 0.051563 0.050000
0 0.406250 0.397656 0.034375 0.029688
0 0.529687 0.437500 0.062500 0.053125
0 0.487500 0.392969 0.040625 0.032813
0 0.632031 0.446875 0.051563 0.037500
0 0.581250 0.464063 0.046875 0.040625
0 0.440625 0.466406 0.053125 0.051563
0 0.582813 0.390625 0.034375 0.031250
0 0.440625 0.603125 0.109375 0.103125
0 0.769531 0.693750 0.148438 0.112500
0 0.961719 0.602344 0.079688 0.082813
0 0.804688 0.542188 0.096875 0.087500
0 0.700781 0.503906 0.073438 0.064063
0 0.800781 0.410156 0.048438 0.035938
0 0.900000 0.445312 0.046875 0.046875
0 0.837500 0.496094 0.050000 0.045313
0 0.877344 0.510156 0.070312 0.064063
0 0.945312 0.457031 0.028125 0.032813
