0 0.068750 0.643750 0.096875 0.153125
0 0.064063 0.479688 0.056250 0.084375
0 0.019531 0.451563 0.035938 0.081250
0 0.122656 0.432813 0.045313 0.062500
0 0.190625 0.453125 0.043750 0.068750
0 0.179688 0.541406 0.071875 0.110938
0 0.331250 0.500000 0.053125 0.084375
0 0.231250 0.413281 0.034375 0.054688
0 0.289844 0.418750 0.035938 0.053125
0 0.298438 0.380469 0.034375 0.048438
0 0.362500 0.407031 0.034375 0.054688
0 0.404688 0.375781 0.028125 0.045313
0 0.426563 0.396094 0.028125 0.048438
0 0.462500 0.374219 0.021875 0.035938
0 0.555469 0.288281 0.032813 0.064063
0 0.569531 0.423438 0.039062 0.062500
0 0.478906 0.426563 0.045313 0.056250
0 0.405469 0.468750 0.048438 0.068750
0 0.320312 0.597656 0.081250 0.110938
0 0.286719 0.792969 0.129688 0.182813
0 0.509375 0.621875 0.078125 0.140625
0 0.492188 0.501563 0.056250 0.093750
0 0.533594 0.474219 0.039062 0.085938
0 0.536719 0.408594 0.029688 0.057813
0 0.652344 0.493750 0.045313 0.071875
0 0.591406 0.555469 0.060938 0.104688
0 0.754688 0.666406 0.106250 0.135938
0 0.640625 0.915625 0.156250 0.159375
0 0.754688 0.563281 0.062500 0.107813
0 0.802344 0.534375 0.045313 0.087500
0 0.820312 0.462500 0.046875 0.075000
0 0.814844 0.430469 0.039062 0.045313
0 0.827344 0.407031 0.032813 0.042188
0 0.682813 0.441406 0.034375 0.051563
0 0.659375 0.402344 0.028125 0.051563
0 0.715625 0.420313 0.031250 0.050000
0 0.740625 0.411719 0.028125 0.045313
0 0.737500 0.250781 0.031250 0.048438
