0 0.269531 0.257031 0.014063 0.026563
0 0.282031 0.248438 0.017188 0.028125
0 0.301563 0.246094 0.018750 0.035938
0 0.361719 0.242188 0.023438 0.043750
0 0.396094 0.264844 0.014063 0.032813
0 0.398438 0.213281 0.012500 0.029688
0 0.365625 0.194531 0.015625 0.026563
0 0.390625 0.187500 0.009375 0.021875
0 0.404688 0.195312 0.012500 0.025000
0 0.442188 0.221875 0.018750 0.034375
0 0.421094 0.164062 0.010938 0.025000
0 0.450000 0.181250 0.012500 0.031250
0 0.468750 0.157031 0.012500 0.020313
0 0.469531 0.136719 0.007812 0.017188
0 0.481250 0.174219 0.015625 0.026563
0 0.522656 0.203906 0.017188 0.032813
0 0.490625 0.191406 0.015625 0.032813
0 0.529687 0.164062 0.015625 0.025000
0 0.503906 0.127344 0.010938 0.020313
0 0.500781 0.154688 0.010938 0.018750
0 0.540625 0.116406 0.012500 0.020313
0 0.560937 0.111719 0.009375 0.017188
0 0.544531 0.168750 0.010938 0.021875
0 0.582813 0.164844 0.012500 0.026563
0 0.571094 0.143750 0.010938 0.025000
0 0.583594 0.113281 0.010938 0.020313
0 0.595313 0.098438 0.009375 0.018750
0 0.617969 0.124219 0.010938 0.029688
0 0.621094 0.096875 0.010938 0.018750
0 0.589063 0.139063 0.009375 0.021875
0 0.607813 0.150781 0.012500 0.023438
0 0.657031 0.128125 0.010938 0.018750
0 0.647656 0.116406 0.007812 0.020313
0 0.646875 0.096094 0.009375 0.020313
0 0.673438 0.101562 0.012500 0.028125
0 0.703125 0.100000 0.012500 0.028125
0 0.679688 0.142969 0.012500 0.020313
0 0.665625 0.160938 0.015625 0.028125
0 0.615625 0.205469 0.015625 0.032813
0 0.562500 0.251563 0.015625 0.034375
0 0.497656 0.297656 0.023438 0.045313
0 0.529687 0.321875 0.031250 0.043750
0 0.607813 0.313281 0.028125 0.054688
0 0.612500 0.255469 0.021875 0.035938
0 0.665625 0.206250 0.018750 0.037500
0 0.685938 0.312500 0.021875 0.056250
0 0.708594 0.253906 0.023438 0.042188
0 0.692188 0.223438 0.015625 0.034375
0 0.706250 0.173438 0.015625 0.034375
0 0.733594 0.182031 0.014063 0.035938
0 0.753125 0.214063 0.018750 0.040625
0 0.764844 0.283594 0.026563 0.042188
0 0.756250 0.334375 0.040625 0.062500
0 0.792969 0.390625 0.029688 0.059375
0 0.898438 0.362500 0.031250 0.059375
0 0.839844 0.310938 0.023438 0.050000
0 0.810156 0.241406 0.020313 0.039062
0 0.783594 0.200781 0.014063 0.032813
0 0.782813 0.158594 0.015625 0.035938
0 0.828125 0.150781 0.012500 0.026563
0 0.833594 0.208594 0.017188 0.039062
0 0.870313 0.263281 0.015625 0.045313
0 0.876563 0.210156 0.015625 0.032813
0 0.878906 0.176563 0.014063 0.031250
0 0.859375 0.142187 0.015625 0.025000
0 0.845313 0.124219 0.009375 0.029688
0 0.872656 0.119531 0.010938 0.020313
0 0.830469 0.129688 0.014063 0.018750
0 0.887500 0.148438 0.012500 0.021875
0 0.907031 0.142187 0.010938 0.028125
0 0.926563 0.146094 0.009375 0.026563
0 0.960156 0.098438 0.010938 0.028125
0 0.931250 0.200781 0.012500 0.032813
0 0.924219 0.239844 0.014063 0.035938
0 0.914844 0.286719 0.023438 0.054688
