0 0.951563 0.223438 0.012500 0.037500
0 0.985156 0.248438 0.010938 0.040625
0 0.978125 0.276562 0.012500 0.037500
0 0.973438 0.310156 0.012500 0.039062
0 0.980469 0.339063 0.014063 0.046875
0 0.951563 0.356250 0.018750 0.046875
0 0.957813 0.397656 0.025000 0.064063
0 0.871094 0.491406 0.029688 0.073438
0 0.882812 0.399219 0.021875 0.064063
0 0.925000 0.302344 0.015625 0.048438
0 0.935938 0.250781 0.015625 0.042188
0 0.909375 0.215625 0.012500 0.040625
0 0.903125 0.237500 0.015625 0.046875
0 0.892969 0.267188 0.020313 0.043750
0 0.872656 0.220313 0.014063 0.034375
0 0.882812 0.223438 0.009375 0.034375
0 0.859375 0.329688 0.018750 0.046875
0 0.819531 0.277344 0.017188 0.048438
0 0.822656 0.199219 0.017188 0.039062
0 0.815625 0.232031 0.015625 0.045313
0 0.812500 0.185938 0.015625 0.028125
0 0.795313 0.246875 0.015625 0.043750
0 0.785938 0.163281 0.012500 0.035938
0 0.780469 0.196875 0.017188 0.043750
0 0.760156 0.183594 0.014063 0.039062
0 0.748438 0.222656 0.015625 0.045313
0 0.768750 0.264063 0.015625 0.043750
0 0.742188 0.194531 0.015625 0.042188
0 0.696875 0.131250 0.012500 0.034375
0 0.719531 0.146875 0.014063 0.040625
0 0.721094 0.203125 0.014063 0.040625
0 0.720313 0.249219 0.018750 0.054688
0 0.687500 0.153906 0.015625 0.039062
0 0.637500 0.121094 0.012500 0.035938
0 0.650781 0.133594 0.010938 0.032813
0 0.656250 0.178125 0.012500 0.034375
0 0.661719 0.233594 0.020313 0.051563
0 0.623438 0.151563 0.018750 0.031250
0 0.602344 0.127344 0.014063 0.029688
0 0.613281 0.171094 0.014063 0.032813
0 0.618750 0.184375 0.015625 0.037500
0 0.578906 0.133594 0.014063 0.035938
0 0.559375 0.130469 0.012500 0.032813
0 0.559375 0.155469 0.015625 0.035938
0 0.531250 0.146094 0.015625 0.039062
0 0.585156 0.185938 0.014063 0.037500
0 0.500781 0.146094 0.014063 0.032813
0 0.464063 0.156250 0.012500 0.034375
0 0.471094 0.160938 0.010938 0.037500
0 0.480469 0.164844 0.014063 0.035938
0 0.503125 0.192188 0.015625 0.037500
0 0.532813 0.214063 0.015625 0.043750
0 0.490625 0.230469 0.015625 0.048438
0 0.421094 0.162500 0.010938 0.028125
0 0.433594 0.186719 0.014063 0.039062
0 0.396875 0.178125 0.015625 0.031250
0 0.371875 0.187500 0.015625 0.031250
0 0.324219 0.197656 0.017188 0.029688
0 0.341406 0.213281 0.017188 0.042188
0 0.359375 0.208594 0.018750 0.039062
0 0.407031 0.221094 0.017188 0.042188
0 0.371875 0.256250 0.018750 0.043750
0 0.263281 0.240625 0.014063 0.040625
0 0.439844 0.285156 0.020313 0.054688
0 0.118750 0.517188 0.046875 0.100000
0 0.624219 0.275000 0.026563 0.059375
0 0.562500 0.315625 0.028125 0.053125
0 0.607813 0.354688 0.021875 0.056250
0 0.663281 0.372656 0.026563 0.054688
0 0.731250 0.373438 0.025000 0.062500
0 0.793750 0.413281 0.028125 0.082813
0 0.318750 0.225000 0.015625 0.034375
