0 0.204688 0.413281 0.037500 0.070312
0 0.285938 0.259375 0.012500 0.021875
0 0.297656 0.249219 0.014063 0.026563
0 0.311719 0.222656 0.014063 0.023438
0 0.329688 0.225781 0.015625 0.026563
0 0.333594 0.272656 0.017188 0.032813
0 0.317969 0.269531 0.014063 0.023438
0 0.373438 0.264063 0.015625 0.037500
0 0.417188 0.265625 0.018750 0.034375
0 0.383594 0.207031 0.014063 0.026563
0 0.407813 0.175000 0.009375 0.028125
0 0.417188 0.182813 0.012500 0.025000
0 0.426563 0.162500 0.012500 0.028125
0 0.438281 0.236719 0.017188 0.035938
0 0.412500 0.233594 0.021875 0.029688
0 0.427344 0.208594 0.017188 0.026563
0 0.481250 0.222656 0.018750 0.039062
0 0.481250 0.186719 0.018750 0.032813
0 0.461719 0.167969 0.010938 0.023438
0 0.449219 0.157813 0.014063 0.025000
0 0.467969 0.151563 0.010938 0.021875
0 0.507812 0.186719 0.015625 0.032813
0 0.531250 0.198438 0.015625 0.034375
0 0.542188 0.157813 0.015625 0.034375
0 0.525000 0.146875 0.012500 0.021875
0 0.495313 0.136719 0.012500 0.026563
0 0.513281 0.142969 0.010938 0.026563
0 0.565625 0.171094 0.015625 0.029688
0 0.557031 0.142969 0.010938 0.026563
0 0.592187 0.150000 0.012500 0.028125
0 0.582031 0.117188 0.014063 0.025000
0 0.598438 0.103125 0.009375 0.021875
0 0.607031 0.128906 0.010938 0.023438
0 0.623438 0.149219 0.015625 0.029688
0 0.621875 0.133594 0.012500 0.023438
0 0.643750 0.119531 0.012500 0.023438
0 0.663281 0.121875 0.014063 0.028125
0 0.496094 0.296875 0.023438 0.043750
0 0.541406 0.299219 0.023438 0.045313
0 0.555469 0.257031 0.020313 0.039062
0 0.604688 0.217969 0.015625 0.039062
0 0.625000 0.235938 0.018750 0.046875
0 0.655469 0.257812 0.020313 0.040625
0 0.657031 0.315625 0.029688 0.059375
0 0.646094 0.175000 0.017188 0.034375
0 0.665625 0.205469 0.021875 0.035938
0 0.690625 0.190625 0.015625 0.031250
0 0.685938 0.150781 0.015625 0.029688
0 0.719531 0.153906 0.014063 0.026563
0 0.729688 0.210156 0.015625 0.029688
0 0.699219 0.228125 0.017188 0.031250
0 0.716406 0.260156 0.023438 0.048438
0 0.758594 0.370313 0.029688 0.056250
0 0.791406 0.305469 0.023438 0.051563
0 0.753906 0.224219 0.017188 0.026563
0 0.758594 0.180469 0.014063 0.026563
0 0.753125 0.148438 0.012500 0.028125
0 0.785156 0.197656 0.017188 0.032813
0 0.789844 0.157031 0.010938 0.026563
0 0.795313 0.134375 0.012500 0.025000
0 0.816406 0.158594 0.014063 0.029688
0 0.800000 0.182031 0.012500 0.026563
0 0.825000 0.235938 0.015625 0.043750
0 0.862500 0.298438 0.025000 0.050000
0 0.900000 0.277344 0.021875 0.045313
0 0.857813 0.232813 0.015625 0.034375
0 0.878125 0.232031 0.015625 0.032813
0 0.872656 0.196094 0.014063 0.032813
0 0.838281 0.212500 0.017188 0.040625
0 0.864844 0.151563 0.017188 0.031250
0 0.839063 0.180469 0.012500 0.029688
