0 0.117188 0.339844 0.034375 0.073438
0 0.311719 0.236719 0.020313 0.039062
0 0.317188 0.207031 0.018750 0.039062
0 0.349219 0.212500 0.020313 0.034375
0 0.409375 0.210156 0.025000 0.042188
0 0.415625 0.163281 0.015625 0.039062
0 0.427344 0.175000 0.017188 0.037500
0 0.444531 0.207813 0.020313 0.050000
0 0.453125 0.184375 0.015625 0.031250
0 0.451563 0.150781 0.015625 0.029688
0 0.464063 0.139063 0.012500 0.028125
0 0.490625 0.175000 0.015625 0.037500
0 0.500000 0.216406 0.021875 0.051563
0 0.504688 0.278906 0.031250 0.060938
0 0.508594 0.144531 0.014063 0.026563
0 0.507031 0.122656 0.010938 0.023438
0 0.527344 0.123438 0.014063 0.031250
0 0.535938 0.144531 0.015625 0.029688
0 0.526563 0.155469 0.015625 0.035938
0 0.562500 0.189844 0.025000 0.042188
0 0.564063 0.153125 0.015625 0.037500
0 0.553125 0.124219 0.015625 0.039062
0 0.589063 0.112500 0.015625 0.034375
0 0.592187 0.175000 0.018750 0.043750
0 0.606250 0.148438 0.015625 0.040625
0 0.631250 0.146875 0.012500 0.031250
0 0.632812 0.117969 0.012500 0.026563
0 0.639063 0.095313 0.012500 0.034375
0 0.616406 0.103906 0.010938 0.026563
0 0.620313 0.140625 0.012500 0.031250
0 0.660156 0.128125 0.017188 0.031250
0 0.666406 0.116406 0.014063 0.029688
0 0.642969 0.125000 0.010938 0.031250
0 0.682813 0.120313 0.012500 0.034375
0 0.693750 0.118750 0.015625 0.031250
0 0.712500 0.124219 0.012500 0.029688
0 0.725781 0.148438 0.014063 0.034375
0 0.712500 0.159375 0.015625 0.034375
0 0.707031 0.206250 0.020313 0.040625
0 0.673438 0.217188 0.021875 0.043750
0 0.663281 0.181250 0.020313 0.040625
0 0.633594 0.207031 0.026563 0.045313
0 0.641406 0.251563 0.023438 0.050000
0 0.619531 0.297656 0.029688 0.070312
0 0.585938 0.275000 0.028125 0.065625
0 0.595313 0.238281 0.025000 0.045313
0 0.682813 0.267188 0.025000 0.050000
0 0.680469 0.328906 0.035938 0.079688
0 0.742188 0.410938 0.040625 0.078125
0 0.837500 0.362500 0.040625 0.059375
0 0.840625 0.306250 0.028125 0.059375
0 0.817188 0.285156 0.028125 0.064063
0 0.821875 0.250781 0.025000 0.045313
0 0.731250 0.227344 0.025000 0.045313
0 0.746875 0.173438 0.018750 0.037500
0 0.760938 0.128906 0.015625 0.032813
0 0.769531 0.142187 0.017188 0.040625
0 0.789062 0.139844 0.015625 0.032813
0 0.779688 0.186719 0.018750 0.039062
0 0.798438 0.171094 0.015625 0.035938
0 0.806250 0.200781 0.018750 0.042188
0 0.819531 0.191406 0.023438 0.045313
0 0.833594 0.168750 0.017188 0.040625
0 0.850781 0.182031 0.014063 0.035938
0 0.851562 0.156250 0.015625 0.037500
0 0.867969 0.176563 0.017188 0.037500
0 0.857813 0.214063 0.018750 0.040625
0 0.891406 0.232813 0.020313 0.053125
0 0.898438 0.195312 0.018750 0.043750
0 0.880469 0.160938 0.014063 0.040625
0 0.892969 0.160156 0.014063 0.032813
0 0.917969 0.166406 0.017188 0.039062
0 0.949219 0.176563 0.014063 0.037500
0 0.953906 0.214063 0.014063 0.034375
0 0.938281 0.236719 0.017188 0.039062
0 0.934375 0.256250 0.018750 0.040625
0 0.928125 0.292969 0.021875 0.051563
0 0.914844 0.317969 0.026563 0.060938
0 0.882031 0.309375 0.026563 0.050000
