0 0.121094 0.504688 0.042188 0.100000
0 0.273438 0.236719 0.015625 0.039062
0 0.315625 0.220313 0.018750 0.040625
0 0.330469 0.197656 0.020313 0.042188
0 0.350000 0.221094 0.021875 0.048438
0 0.373438 0.198438 0.018750 0.043750
0 0.385156 0.188281 0.017188 0.035938
0 0.426563 0.168750 0.015625 0.034375
0 0.413281 0.222656 0.017188 0.035938
0 0.387500 0.241406 0.021875 0.039062
0 0.449219 0.278125 0.023438 0.053125
0 0.444531 0.187500 0.017188 0.037500
0 0.469531 0.160156 0.017188 0.029688
0 0.485938 0.150000 0.015625 0.034375
0 0.489844 0.161719 0.017188 0.035938
0 0.509375 0.145313 0.012500 0.028125
0 0.491406 0.224219 0.017188 0.042188
0 0.540625 0.208594 0.015625 0.029688
0 0.544531 0.153906 0.017188 0.032813
0 0.568750 0.128906 0.015625 0.032813
0 0.569531 0.150781 0.017188 0.029688
0 0.590625 0.141406 0.018750 0.032813
0 0.607813 0.121875 0.015625 0.031250
0 0.642969 0.122656 0.014063 0.029688
0 0.654688 0.128906 0.012500 0.029688
0 0.628125 0.145313 0.015625 0.021875
0 0.618750 0.171875 0.012500 0.031250
0 0.626563 0.185156 0.015625 0.035938
0 0.589063 0.189063 0.015625 0.034375
0 0.664062 0.172656 0.015625 0.032813
0 0.696875 0.130469 0.015625 0.029688
0 0.692969 0.150781 0.014063 0.029688
0 0.724219 0.149219 0.014063 0.032813
0 0.791406 0.161719 0.017188 0.029688
0 0.767969 0.180469 0.014063 0.032813
0 0.748438 0.195312 0.015625 0.040625
0 0.722656 0.200000 0.014063 0.028125
0 0.664062 0.240625 0.015625 0.040625
0 0.626563 0.273438 0.025000 0.053125
0 0.571875 0.334375 0.021875 0.053125
0 0.617969 0.344531 0.023438 0.048438
0 0.723438 0.242188 0.018750 0.046875
0 0.773438 0.265625 0.018750 0.040625
0 0.783594 0.213281 0.017188 0.035938
0 0.814063 0.180469 0.015625 0.032813
0 0.835156 0.206250 0.017188 0.034375
0 0.807031 0.239844 0.020313 0.035938
0 0.821875 0.278125 0.018750 0.050000
0 0.753125 0.214063 0.015625 0.034375
0 0.879688 0.211719 0.015625 0.029688
0 0.871094 0.221875 0.014063 0.031250
0 0.918750 0.210156 0.015625 0.029688
0 0.912500 0.231250 0.015625 0.031250
0 0.897656 0.253906 0.020313 0.039062
0 0.949219 0.217969 0.014063 0.026563
0 0.985156 0.239063 0.010938 0.025000
0 0.928125 0.312500 0.015625 0.050000
0 0.949219 0.348438 0.020313 0.059375
0 0.981250 0.285938 0.015625 0.053125
0 0.982813 0.335938 0.018750 0.040625
0 0.955469 0.420313 0.020313 0.065625
0 0.899219 0.389844 0.020313 0.067187
0 0.868750 0.334375 0.018750 0.043750
0 0.810938 0.410938 0.025000 0.078125
0 0.867188 0.478125 0.031250 0.071875
0 0.748438 0.385156 0.025000 0.064063
0 0.666406 0.368750 0.023438 0.056250
