0 0.107031 0.575781 0.045313 0.085938
0 0.192969 0.355469 0.020313 0.042188
0 0.227344 0.373438 0.020313 0.050000
0 0.271094 0.370313 0.023438 0.050000
0 0.293750 0.407031 0.025000 0.045313
0 0.258594 0.323438 0.020313 0.037500
0 0.294531 0.340625 0.023438 0.043750
0 0.323438 0.353906 0.025000 0.042188
0 0.329688 0.307031 0.018750 0.035938
0 0.364844 0.346875 0.020313 0.043750
0 0.392188 0.346094 0.018750 0.035938
0 0.371875 0.269531 0.018750 0.039062
0 0.387500 0.283594 0.015625 0.029688
0 0.385938 0.311719 0.018750 0.035938
0 0.412500 0.257812 0.012500 0.031250
0 0.428125 0.264063 0.018750 0.034375
0 0.420313 0.316406 0.018750 0.035938
0 0.453125 0.325781 0.021875 0.042188
0 0.446875 0.281250 0.018750 0.037500
0 0.449219 0.250781 0.014063 0.029688
0 0.453906 0.238281 0.014063 0.029688
0 0.508594 0.279688 0.017188 0.034375
0 0.494531 0.274219 0.014063 0.032813
0 0.491406 0.332031 0.020313 0.039062
0 0.508594 0.248438 0.014063 0.031250
0 0.546875 0.278125 0.021875 0.040625
0 0.544531 0.245313 0.017188 0.031250
0 0.560156 0.217188 0.014063 0.025000
0 0.573438 0.217188 0.018750 0.031250
0 0.568750 0.250000 0.018750 0.037500
0 0.596094 0.253125 0.017188 0.031250
0 0.600781 0.227344 0.014063 0.032813
0 0.610156 0.207031 0.014063 0.032813
0 0.627344 0.215625 0.014063 0.034375
0 0.639844 0.223438 0.017188 0.034375
0 0.646875 0.256250 0.015625 0.037500
0 0.671094 0.209375 0.010938 0.028125
0 0.681250 0.229688 0.015625 0.034375
0 0.687500 0.217188 0.015625 0.031250
0 0.595313 0.346094 0.025000 0.051563
0 0.588281 0.405469 0.029688 0.060938
0 0.531250 0.435938 0.031250 0.065625
0 0.522656 0.395313 0.026563 0.050000
0 0.458594 0.423438 0.032813 0.081250
0 0.434375 0.363281 0.025000 0.042188
0 0.576562 0.484375 0.037500 0.078125
0 0.638281 0.503906 0.045313 0.085938
0 0.707813 0.553906 0.043750 0.082813
0 0.675781 0.376563 0.029688 0.062500
0 0.700000 0.372656 0.025000 0.057813
0 0.643750 0.362500 0.025000 0.053125
0 0.638281 0.314063 0.020313 0.046875
0 0.674219 0.282031 0.023438 0.042188
0 0.712500 0.263281 0.018750 0.032813
0 0.720313 0.304688 0.018750 0.046875
0 0.686719 0.325000 0.023438 0.046875
0 0.753125 0.255469 0.021875 0.045313
0 0.777344 0.258594 0.017188 0.032813
0 0.784375 0.286719 0.015625 0.048438
0 0.730469 0.428906 0.029688 0.067187
0 0.790625 0.454688 0.031250 0.068750
0 0.839844 0.533594 0.035938 0.079688
0 0.871094 0.483594 0.032813 0.073438
0 0.942969 0.508594 0.035938 0.079688
0 0.860938 0.408594 0.031250 0.064063
0 0.828906 0.372656 0.026563 0.051563
0 0.842969 0.353125 0.023438 0.050000
0 0.822656 0.295313 0.023438 0.040625
0 0.794531 0.270313 0.014063 0.031250
0 0.797656 0.235156 0.017188 0.035938
0 0.828125 0.245313 0.018750 0.037500
0 0.839063 0.271875 0.018750 0.043750
0 0.861719 0.256250 0.017188 0.034375
0 0.869531 0.283594 0.017188 0.035938
0 0.880469 0.268750 0.017188 0.034375
0 0.903906 0.261719 0.014063 0.039062
0 0.874219 0.336719 0.023438 0.045313
0 0.895313 0.346094 0.018750 0.048438
0 0.912500 0.346875 0.018750 0.050000
0 0.921094 0.281250 0.017188 0.050000
0 0.963281 0.361719 0.020313 0.051563
0 0.966406 0.314844 0.017188 0.035938
0 0.967188 0.289062 0.015625 0.034375
