0 0.182813 0.457031 0.050000 0.085938
0 0.284375 0.224219 0.015625 0.032813
0 0.307031 0.229688 0.017188 0.034375
0 0.328125 0.221875 0.015625 0.037500
0 0.349219 0.219531 0.020313 0.032813
0 0.337500 0.191406 0.015625 0.029688
0 0.354688 0.256250 0.018750 0.040625
0 0.409375 0.248438 0.015625 0.040625
0 0.420313 0.257031 0.021875 0.042188
0 0.378125 0.204688 0.015625 0.037500
0 0.403125 0.211719 0.015625 0.035938
0 0.420313 0.208594 0.018750 0.042188
0 0.443750 0.216406 0.021875 0.045313
0 0.391406 0.167969 0.014063 0.026563
0 0.409375 0.167969 0.012500 0.032813
0 0.421094 0.185156 0.014063 0.026563
0 0.422656 0.159375 0.014063 0.028125
0 0.439063 0.164844 0.009375 0.023438
0 0.451563 0.181250 0.012500 0.031250
0 0.467969 0.159375 0.014063 0.031250
0 0.479688 0.139844 0.012500 0.026563
0 0.489844 0.157813 0.014063 0.034375
0 0.501563 0.182031 0.012500 0.032813
0 0.500000 0.126562 0.012500 0.025000
0 0.510156 0.148438 0.010938 0.025000
0 0.524219 0.179688 0.014063 0.031250
0 0.539062 0.210938 0.015625 0.046875
0 0.537500 0.150000 0.012500 0.031250
0 0.518750 0.121875 0.012500 0.025000
0 0.548438 0.134375 0.012500 0.025000
0 0.567188 0.161719 0.015625 0.035938
0 0.591406 0.156250 0.020313 0.040625
0 0.598438 0.124219 0.012500 0.020313
0 0.619531 0.111719 0.010938 0.026563
0 0.628125 0.125781 0.015625 0.029688
0 0.634375 0.174219 0.012500 0.029688
0 0.569531 0.141406 0.010938 0.023438
0 0.575000 0.247656 0.021875 0.057813
0 0.660938 0.121875 0.012500 0.031250
0 0.674219 0.135156 0.014063 0.029688
0 0.673438 0.118750 0.012500 0.018750
0 0.706250 0.117969 0.015625 0.032813
0 0.664062 0.190625 0.018750 0.034375
0 0.617188 0.213281 0.018750 0.035938
0 0.619531 0.254688 0.023438 0.050000
0 0.648438 0.239063 0.018750 0.040625
0 0.689844 0.284375 0.020313 0.040625
0 0.707031 0.329688 0.029688 0.075000
0 0.719531 0.184375 0.020313 0.040625
0 0.702344 0.180469 0.014063 0.039062
0 0.735938 0.150781 0.012500 0.032813
0 0.766406 0.135156 0.010938 0.032813
0 0.771094 0.129688 0.010938 0.028125
0 0.792188 0.140625 0.012500 0.031250
0 0.796094 0.167969 0.017188 0.026563
0 0.802344 0.142187 0.007812 0.025000
0 0.830469 0.172656 0.014063 0.029688
0 0.842969 0.193750 0.017188 0.037500
0 0.843750 0.161719 0.012500 0.026563
0 0.797656 0.214844 0.020313 0.045313
0 0.764063 0.244531 0.021875 0.048438
0 0.735938 0.242188 0.018750 0.043750
0 0.739844 0.210938 0.017188 0.028125
0 0.736719 0.183594 0.014063 0.026563
0 0.789062 0.300000 0.021875 0.062500
0 0.760156 0.381250 0.029688 0.071875
0 0.828125 0.263281 0.021875 0.045313
0 0.842969 0.237500 0.020313 0.040625
0 0.875000 0.189063 0.015625 0.034375
0 0.890625 0.235938 0.015625 0.040625
0 0.867969 0.233594 0.014063 0.026563
0 0.907813 0.324219 0.025000 0.060938
0 0.937500 0.275000 0.018750 0.043750
0 0.914844 0.227344 0.017188 0.039062
0 0.905469 0.194531 0.010938 0.032813
0 0.907813 0.171094 0.015625 0.026563
0 0.924219 0.161719 0.010938 0.032813
0 0.942969 0.211719 0.017188 0.039062
0 0.950781 0.180469 0.010938 0.029688
