0 0.414844 0.219531 0.017188 0.032813
0 0.451563 0.244531 0.021875 0.035938
0 0.465625 0.178125 0.015625 0.034375
0 0.488281 0.185938 0.014063 0.028125
0 0.558594 0.182813 0.017188 0.028125
0 0.567969 0.192969 0.017188 0.032813
0 0.643750 0.138281 0.015625 0.035938
0 0.626563 0.146875 0.015625 0.028125
0 0.477344 0.107813 0.017188 0.025000
0 0.683594 0.185156 0.020313 0.035938
0 0.686719 0.230469 0.023438 0.045313
0 0.732031 0.235156 0.023438 0.045313
0 0.639844 0.233594 0.020313 0.035938
0 0.691406 0.290625 0.020313 0.043750
0 0.628125 0.288281 0.018750 0.039062
0 0.643750 0.334375 0.031250 0.056250
0 0.949219 0.251563 0.023438 0.043750
