0 0.200000 0.449219 0.037500 0.076563
0 0.237500 0.208594 0.021875 0.039062
0 0.471875 0.143750 0.012500 0.025000
0 0.504688 0.137500 0.012500 0.021875
0 0.492969 0.167188 0.017188 0.031250
0 0.506250 0.191406 0.018750 0.029688
0 0.705469 0.175781 0.017188 0.032813
0 0.727344 0.181250 0.014063 0.028125
0 0.743750 0.180469 0.015625 0.029688
0 0.792188 0.181250 0.015625 0.031250
0 0.843750 0.183594 0.015625 0.029688
0 0.903906 0.124219 0.014063 0.032813
0 0.940625 0.163281 0.009375 0.023438
0 0.944531 0.186719 0.014063 0.023438
0 0.940625 0.233594 0.015625 0.032813
0 0.881250 0.285938 0.018750 0.050000
