0 0.034375 0.604688 0.056250 0.075000
0 0.084375 0.570312 0.050000 0.075000
0 0.122656 0.612500 0.057813 0.084375
0 0.153906 0.591406 0.039062 0.064063
0 0.216406 0.573438 0.035938 0.050000
0 0.250781 0.589844 0.045313 0.067187
0 0.223438 0.633594 0.059375 0.085938
0 0.288281 0.589844 0.035938 0.051563
0 0.314844 0.575000 0.029688 0.043750
0 0.317188 0.557813 0.028125 0.040625
0 0.360938 0.571875 0.037500 0.068750
0 0.387500 0.575000 0.034375 0.053125
0 0.376563 0.621875 0.046875 0.065625
0 0.299219 0.708594 0.120313 0.170313
0 0.487500 0.715625 0.115625 0.215625
0 0.434375 0.588281 0.050000 0.070312
0 0.482813 0.601562 0.034375 0.053125
0 0.515625 0.615625 0.040625 0.075000
0 0.547656 0.592187 0.032813 0.062500
0 0.589063 0.563281 0.034375 0.051563
0 0.614844 0.618750 0.054688 0.093750
0 0.674219 0.684375 0.089063 0.137500
0 0.674219 0.582813 0.054688 0.084375
0 0.669531 0.482813 0.029688 0.065625
0 0.720313 0.582813 0.037500 0.059375
0 0.769531 0.625781 0.048438 0.070312
0 0.841406 0.713281 0.129688 0.207813
0 0.943750 0.639844 0.096875 0.142187
0 0.815625 0.590625 0.043750 0.056250
0 0.785938 0.580469 0.040625 0.064063
