0 0.130469 0.446875 0.048438 0.093750
0 0.184375 0.459375 0.065625 0.090625
0 0.257031 0.545312 0.076563 0.128125
0 0.317969 0.591406 0.114063 0.145313
0 0.106250 0.449219 0.043750 0.089063
0 0.287500 0.314844 0.043750 0.076563
0 0.458594 0.425000 0.048438 0.081250
0 0.557031 0.478125 0.048438 0.090625
0 0.588281 0.441406 0.039062 0.076563
0 0.618750 0.475000 0.050000 0.081250
0 0.667188 0.521094 0.065625 0.101562
0 0.689844 0.478125 0.054688 0.078125
0 0.828906 0.506250 0.064063 0.109375
0 0.877344 0.460156 0.042188 0.073438
0 0.917969 0.460156 0.045313 0.076563
0 0.941406 0.505469 0.048438 0.079688
0 0.918750 0.565625 0.090625 0.134375
