0 0.097656 0.587500 0.117188 0.156250
0 0.225000 0.378906 0.050000 0.076563
0 0.321094 0.377344 0.045313 0.079688
0 0.314063 0.320312 0.034375 0.040625
0 0.369531 0.288281 0.032813 0.060938
0 0.388281 0.312500 0.042188 0.084375
0 0.417188 0.368750 0.050000 0.100000
0 0.488281 0.332813 0.048438 0.087500
0 0.448438 0.303906 0.034375 0.073438
0 0.412500 0.261719 0.037500 0.076563
0 0.481250 0.269531 0.031250 0.060938
0 0.525781 0.291406 0.032813 0.076563
0 0.572656 0.271875 0.032813 0.071875
0 0.563281 0.389844 0.054688 0.098438
0 0.602344 0.340625 0.032813 0.081250
0 0.629688 0.308594 0.031250 0.079688
0 0.651563 0.300000 0.031250 0.065625
0 0.661719 0.243750 0.039062 0.078125
0 0.725000 0.387500 0.050000 0.109375
0 0.756250 0.345313 0.034375 0.084375
0 0.758594 0.293750 0.032813 0.065625
