0 0.137500 0.389063 0.053125 0.084375
0 0.188281 0.466406 0.057813 0.110938
0 0.302344 0.489844 0.070312 0.117188
0 0.307813 0.160938 0.031250 0.056250
0 0.419531 0.791406 0.054688 0.095313
0 0.473438 0.815625 0.043750 0.087500
0 0.575000 0.821875 0.046875 0.090625
0 0.628906 0.798438 0.045313 0.084375
0 0.714063 0.717188 0.034375 0.068750
0 0.691406 0.811719 0.035938 0.073438
0 0.762500 0.736719 0.031250 0.070312
0 0.789062 0.708594 0.034375 0.064063
0 0.826563 0.687500 0.031250 0.068750
0 0.840625 0.639063 0.037500 0.065625
0 0.832031 0.588281 0.029688 0.045313
0 0.839844 0.550000 0.023438 0.046875
0 0.833594 0.519531 0.023438 0.042188
0 0.817188 0.465625 0.021875 0.046875
0 0.750000 0.398438 0.018750 0.043750
0 0.736719 0.382812 0.014063 0.040625
0 0.883594 0.748438 0.045313 0.090625
