0 0.846094 0.317188 0.095313 0.131250
0 0.640625 0.539062 0.031250 0.068750
0 0.589844 0.529687 0.032813 0.062500
0 0.542969 0.539844 0.026563 0.057813
0 0.509375 0.536719 0.040625 0.067187
0 0.526563 0.511719 0.025000 0.051563
0 0.481250 0.524219 0.021875 0.042188
0 0.450000 0.530469 0.043750 0.064063
0 0.427344 0.509375 0.023438 0.046875
0 0.405469 0.526563 0.026563 0.046875
0 0.366406 0.535156 0.039062 0.064063
0 0.376563 0.506250 0.025000 0.043750
0 0.322656 0.541406 0.035938 0.051563
0 0.321875 0.512500 0.025000 0.050000
0 0.283594 0.549219 0.039062 0.067187
0 0.283594 0.518750 0.032813 0.053125
0 0.236719 0.516406 0.026563 0.042188
0 0.200781 0.531250 0.035938 0.046875
0 0.198438 0.503125 0.021875 0.034375
0 0.080469 0.574219 0.064063 0.107813
0 0.088281 0.523438 0.029688 0.050000
0 0.124219 0.522656 0.035938 0.057813
0 0.142187 0.514062 0.028125 0.053125
0 0.077344 0.503125 0.023438 0.040625
0 0.049219 0.510156 0.032813 0.054688
0 0.021094 0.551563 0.039062 0.125000
