0 0.214063 0.379688 0.075000 0.090625
0 0.274219 0.771875 0.189063 0.237500
0 0.298438 0.635938 0.071875 0.093750
0 0.354688 0.634375 0.053125 0.090625
0 0.082813 0.617969 0.053125 0.070312
0 0.186719 0.706250 0.098438 0.128125
0 0.612500 0.480469 0.046875 0.070312
0 0.569531 0.671094 0.073438 0.104688
0 0.678125 0.669531 0.100000 0.126562
0 0.753125 0.583594 0.059375 0.076563
0 0.740625 0.527344 0.053125 0.064063
0 0.807031 0.410938 0.045313 0.059375
0 0.854688 0.453906 0.056250 0.064063
0 0.964063 0.467969 0.059375 0.073438
0 0.973438 0.546875 0.050000 0.090625
0 0.918750 0.634375 0.071875 0.103125
