0 0.172656 0.461719 0.045313 0.082813
0 0.236719 0.339063 0.017188 0.031250
0 0.270313 0.341406 0.021875 0.039062
0 0.293750 0.310156 0.018750 0.035938
0 0.301563 0.363281 0.018750 0.042188
0 0.349219 0.363281 0.023438 0.039062
0 0.368750 0.325781 0.015625 0.032813
0 0.367188 0.291406 0.018750 0.032813
0 0.407031 0.255469 0.017188 0.026563
0 0.418750 0.268750 0.015625 0.028125
0 0.436719 0.257812 0.014063 0.021875
0 0.447656 0.264063 0.010938 0.028125
0 0.419531 0.298438 0.014063 0.028125
0 0.395313 0.336719 0.018750 0.032813
0 0.418750 0.331250 0.021875 0.034375
0 0.448438 0.303906 0.018750 0.029688
0 0.454688 0.335938 0.021875 0.037500
0 0.485156 0.300781 0.017188 0.029688
0 0.482813 0.260937 0.015625 0.028125
0 0.475000 0.241406 0.012500 0.023438
0 0.482813 0.237500 0.015625 0.021875
0 0.508594 0.263281 0.017188 0.029688
0 0.520313 0.256250 0.015625 0.025000
0 0.533594 0.237500 0.017188 0.025000
0 0.552344 0.253125 0.017188 0.034375
0 0.530469 0.274219 0.014063 0.029688
0 0.516406 0.311719 0.020313 0.032813
0 0.581250 0.215625 0.012500 0.021875
0 0.584375 0.234375 0.012500 0.021875
0 0.590625 0.273438 0.015625 0.031250
0 0.622656 0.222656 0.010938 0.026563
0 0.629688 0.201563 0.009375 0.021875
0 0.620313 0.250000 0.012500 0.025000
0 0.645313 0.217188 0.009375 0.021875
0 0.652344 0.242188 0.010938 0.021875
0 0.688281 0.210938 0.010938 0.021875
0 0.692969 0.229688 0.010938 0.021875
0 0.705469 0.220313 0.014063 0.025000
0 0.687500 0.275000 0.015625 0.028125
0 0.723438 0.250781 0.015625 0.032813
0 0.753906 0.246875 0.010938 0.031250
0 0.763281 0.221875 0.014063 0.028125
0 0.785156 0.250000 0.010938 0.021875
0 0.803125 0.232813 0.012500 0.028125
0 0.803906 0.264844 0.014063 0.039062
0 0.832813 0.245313 0.012500 0.031250
0 0.864063 0.255469 0.012500 0.023438
0 0.883594 0.264063 0.010938 0.031250
0 0.896094 0.255469 0.014063 0.026563
0 0.922656 0.283594 0.017188 0.035938
0 0.963281 0.281250 0.014063 0.031250
0 0.958594 0.310938 0.017188 0.034375
0 0.953125 0.351562 0.015625 0.034375
0 0.942188 0.392188 0.021875 0.046875
0 0.934375 0.464063 0.028125 0.050000
0 0.865625 0.434375 0.025000 0.056250
0 0.879688 0.406250 0.025000 0.040625
0 0.890625 0.340625 0.018750 0.040625
0 0.913281 0.318750 0.017188 0.031250
0 0.875000 0.302344 0.018750 0.032813
0 0.833594 0.303906 0.017188 0.042188
0 0.617969 0.325781 0.020313 0.032813
0 0.665625 0.350000 0.018750 0.037500
0 0.650781 0.306250 0.020313 0.034375
0 0.698438 0.325000 0.021875 0.037500
0 0.712500 0.349219 0.021875 0.042188
0 0.832031 0.361719 0.020313 0.045313
0 0.813281 0.406250 0.029688 0.050000
0 0.761719 0.404688 0.029688 0.062500
0 0.684375 0.371875 0.025000 0.043750
0 0.628125 0.424219 0.034375 0.054688
0 0.669531 0.460156 0.035938 0.067187
0 0.727344 0.507812 0.039062 0.075000
0 0.828906 0.488281 0.035938 0.051563
0 0.597656 0.421094 0.029688 0.039062
0 0.562500 0.400000 0.028125 0.040625
0 0.520313 0.381250 0.031250 0.056250
0 0.740625 0.281250 0.015625 0.031250
0 0.767969 0.266406 0.017188 0.026563
0 0.785156 0.279688 0.017188 0.028125
