0 0.081250 0.535938 0.062500 0.103125
0 0.125000 0.206250 0.056250 0.093750
0 0.435938 0.264844 0.050000 0.095313
0 0.474219 0.517188 0.064063 0.118750
0 0.407813 0.822656 0.106250 0.160938
0 0.185938 0.850000 0.125000 0.196875
0 0.035938 0.739844 0.068750 0.126562
0 0.035156 0.663281 0.064063 0.114063
0 0.695312 0.146875 0.065625 0.128125
0 0.571094 0.793750 0.101562 0.146875
0 0.862500 0.157813 0.056250 0.093750
0 0.925781 0.486719 0.085938 0.142187
0 0.960938 0.693750 0.081250 0.203125
0 0.897656 0.859375 0.145313 0.209375
