0 0.346094 0.236719 0.017188 0.039062
0 0.372656 0.271094 0.023438 0.039062
0 0.415625 0.158594 0.015625 0.029688
0 0.457813 0.221094 0.021875 0.045313
0 0.484375 0.310156 0.028125 0.054688
0 0.539062 0.319531 0.031250 0.057813
0 0.585156 0.384375 0.032813 0.059375
0 0.632031 0.244531 0.023438 0.054688
0 0.675781 0.206250 0.020313 0.046875
0 0.553906 0.124219 0.017188 0.032813
0 0.568750 0.128125 0.012500 0.031250
0 0.587500 0.114844 0.012500 0.029688
0 0.768750 0.280469 0.028125 0.064063
0 0.834375 0.306250 0.028125 0.071875
0 0.898438 0.144531 0.012500 0.026563
0 0.925781 0.154688 0.010938 0.031250
