0 0.045313 0.221094 0.012500 0.035938
0 0.119531 0.203906 0.017188 0.035938
0 0.154688 0.148438 0.012500 0.034375
0 0.159375 0.177344 0.012500 0.032813
0 0.182813 0.194531 0.015625 0.035938
0 0.175000 0.260156 0.018750 0.045313
0 0.053906 0.404688 0.020313 0.068750
0 0.075000 0.475781 0.021875 0.064063
0 0.132031 0.587500 0.029688 0.071875
0 0.205469 0.471875 0.023438 0.056250
0 0.209375 0.335156 0.021875 0.054688
0 0.241406 0.286719 0.020313 0.051563
0 0.209375 0.119531 0.015625 0.032813
0 0.253906 0.121094 0.014063 0.029688
0 0.296094 0.147656 0.014063 0.039062
0 0.288281 0.192188 0.014063 0.043750
0 0.307813 0.223438 0.015625 0.040625
0 0.354688 0.217969 0.015625 0.042188
0 0.360156 0.082031 0.010938 0.029688
0 0.389844 0.092969 0.014063 0.029688
0 0.378125 0.171875 0.015625 0.037500
0 0.428906 0.075781 0.010938 0.032813
0 0.422656 0.172656 0.014063 0.029688
0 0.464844 0.132031 0.014063 0.032813
0 0.480469 0.122656 0.017188 0.029688
0 0.464844 0.164844 0.014063 0.029688
0 0.475000 0.210938 0.015625 0.043750
0 0.507031 0.168750 0.014063 0.037500
0 0.554688 0.157031 0.015625 0.039062
0 0.504688 0.097656 0.009375 0.023438
0 0.481250 0.074219 0.012500 0.026563
0 0.539844 0.075781 0.010938 0.029688
0 0.456250 0.268750 0.018750 0.050000
0 0.547656 0.292969 0.017188 0.054688
0 0.531250 0.453125 0.021875 0.071875
0 0.571875 0.194531 0.015625 0.039062
0 0.611719 0.232031 0.014063 0.042188
0 0.682813 0.335156 0.018750 0.048438
0 0.702344 0.258594 0.017188 0.039062
0 0.573438 0.095313 0.012500 0.028125
0 0.585156 0.121094 0.010938 0.032813
0 0.620313 0.111719 0.012500 0.029688
0 0.653906 0.149219 0.014063 0.029688
0 0.705469 0.200781 0.014063 0.035938
0 0.728906 0.216406 0.017188 0.032813
0 0.775781 0.202344 0.014063 0.032813
0 0.812500 0.221094 0.015625 0.035938
0 0.854688 0.267969 0.015625 0.039062
0 0.870313 0.291406 0.015625 0.039062
0 0.925781 0.357813 0.017188 0.050000
0 0.784375 0.358594 0.021875 0.048438
