0 0.178906 0.220313 0.048438 0.065625
0 0.246875 0.301563 0.037500 0.046875
0 0.225000 0.289844 0.025000 0.045313
0 0.307031 0.303906 0.045313 0.064063
0 0.342188 0.288281 0.025000 0.032813
0 0.386719 0.275000 0.023438 0.037500
0 0.378906 0.308594 0.035938 0.060938
0 0.459375 0.318750 0.059375 0.087500
0 0.412500 0.286719 0.025000 0.045313
0 0.537500 0.292187 0.021875 0.040625
0 0.549219 0.325000 0.026563 0.046875
0 0.640625 0.321094 0.031250 0.045313
0 0.627344 0.292187 0.020313 0.040625
0 0.698438 0.362500 0.068750 0.112500
0 0.723438 0.290625 0.031250 0.053125
0 0.790625 0.347656 0.056250 0.082813
