0 0.287500 0.237500 0.015625 0.034375
0 0.296094 0.210938 0.014063 0.028125
0 0.312500 0.225000 0.015625 0.034375
0 0.330469 0.186719 0.017188 0.035938
0 0.347656 0.190625 0.014063 0.034375
0 0.355469 0.219531 0.017188 0.042188
0 0.367969 0.211719 0.014063 0.029688
0 0.380469 0.229688 0.017188 0.037500
0 0.407813 0.239063 0.015625 0.037500
0 0.398438 0.207813 0.015625 0.037500
0 0.395313 0.161719 0.012500 0.026563
0 0.409375 0.169531 0.012500 0.026563
0 0.420313 0.187500 0.015625 0.037500
0 0.444531 0.241406 0.023438 0.039062
0 0.439063 0.200781 0.015625 0.029688
0 0.463281 0.206250 0.020313 0.037500
0 0.450000 0.190625 0.015625 0.034375
0 0.438281 0.166406 0.014063 0.029688
0 0.425781 0.155469 0.014063 0.020313
0 0.482031 0.149219 0.014063 0.026563
0 0.496875 0.182813 0.015625 0.031250
0 0.521875 0.179688 0.015625 0.031250
0 0.511719 0.150781 0.010938 0.026563
0 0.497656 0.126562 0.010938 0.025000
0 0.516406 0.131250 0.010938 0.015625
0 0.535156 0.160938 0.014063 0.031250
0 0.550781 0.142187 0.014063 0.031250
0 0.558594 0.187500 0.014063 0.037500
0 0.562500 0.164062 0.012500 0.028125
0 0.577344 0.138281 0.014063 0.029688
0 0.592187 0.124219 0.009375 0.026563
0 0.599219 0.133594 0.014063 0.020313
0 0.592969 0.154688 0.014063 0.034375
0 0.603906 0.167969 0.017188 0.035938
0 0.622656 0.137500 0.014063 0.031250
0 0.636719 0.122656 0.010938 0.026563
0 0.652344 0.118750 0.010938 0.025000
0 0.641406 0.154688 0.014063 0.031250
0 0.652344 0.144531 0.010938 0.032813
0 0.662500 0.133594 0.009375 0.020313
0 0.677344 0.133594 0.014063 0.026563
0 0.685156 0.117969 0.014063 0.026563
0 0.707031 0.113281 0.014063 0.026563
0 0.589844 0.234375 0.023438 0.050000
0 0.616406 0.221094 0.023438 0.045313
0 0.635156 0.248438 0.026563 0.056250
0 0.653906 0.217969 0.020313 0.042188
0 0.658594 0.180469 0.017188 0.039062
0 0.687500 0.253906 0.018750 0.051563
0 0.694531 0.317188 0.032813 0.071875
0 0.431250 0.388281 0.050000 0.092188
0 0.760938 0.347656 0.034375 0.064063
0 0.731250 0.234375 0.018750 0.043750
0 0.712500 0.186719 0.018750 0.045313
0 0.699219 0.179688 0.014063 0.037500
0 0.727344 0.173438 0.017188 0.034375
0 0.734375 0.148438 0.018750 0.034375
0 0.750781 0.133594 0.014063 0.029688
0 0.780469 0.132031 0.014063 0.029688
0 0.784375 0.154688 0.012500 0.031250
0 0.793750 0.168750 0.012500 0.031250
0 0.800000 0.203125 0.015625 0.040625
0 0.793750 0.292969 0.028125 0.057813
0 0.762500 0.244531 0.025000 0.054688
0 0.749219 0.194531 0.020313 0.042188
0 0.817188 0.250781 0.021875 0.048438
0 0.836719 0.217188 0.014063 0.040625
0 0.850781 0.217188 0.014063 0.034375
0 0.817188 0.203906 0.015625 0.032813
0 0.830469 0.174219 0.014063 0.035938
0 0.839844 0.164844 0.014063 0.035938
0 0.821875 0.130469 0.015625 0.035938
0 0.806250 0.136719 0.012500 0.029688
0 0.853125 0.153906 0.012500 0.029688
0 0.864063 0.182031 0.015625 0.032813
0 0.871875 0.169531 0.012500 0.035938
0 0.889844 0.217969 0.014063 0.039062
0 0.878125 0.237500 0.018750 0.046875
0 0.931250 0.252344 0.018750 0.039062
0 0.918750 0.229688 0.015625 0.037500
0 0.895313 0.189844 0.012500 0.035938
0 0.906250 0.178125 0.012500 0.031250
0 0.908594 0.155469 0.014063 0.032813
0 0.935938 0.207813 0.015625 0.037500
0 0.944531 0.192188 0.014063 0.031250
