0 0.061719 0.385156 0.032813 0.070312
0 0.314063 0.230469 0.018750 0.035938
0 0.571094 0.125781 0.014063 0.029688
0 0.779688 0.126562 0.018750 0.043750
0 0.832813 0.130469 0.018750 0.035938
0 0.371094 0.193750 0.020313 0.040625
0 0.333594 0.225000 0.017188 0.034375
0 0.389063 0.197656 0.018750 0.026563
0 0.426563 0.180469 0.018750 0.035938
0 0.357813 0.241406 0.028125 0.051563
0 0.389844 0.260156 0.023438 0.048438
0 0.435938 0.230469 0.021875 0.048438
0 0.446094 0.187500 0.020313 0.040625
0 0.472656 0.232031 0.020313 0.045313
0 0.508594 0.310938 0.023438 0.040625
0 0.511719 0.185938 0.020313 0.037500
0 0.532813 0.150000 0.018750 0.037500
0 0.556250 0.167188 0.025000 0.050000
0 0.565625 0.214844 0.021875 0.042188
0 0.590625 0.167188 0.028125 0.046875
0 0.595313 0.126562 0.015625 0.040625
0 0.617969 0.142187 0.023438 0.040625
0 0.627344 0.207031 0.020313 0.045313
0 0.558594 0.313281 0.023438 0.054688
0 0.605469 0.334375 0.029688 0.062500
0 0.607031 0.254688 0.026563 0.059375
0 0.676563 0.260156 0.025000 0.042188
0 0.655469 0.196875 0.020313 0.040625
0 0.675000 0.221875 0.021875 0.043750
0 0.710938 0.212500 0.025000 0.053125
0 0.736719 0.156250 0.023438 0.053125
0 0.714844 0.153125 0.020313 0.043750
0 0.725781 0.275000 0.026563 0.056250
0 0.772656 0.268750 0.042188 0.062500
0 0.771094 0.221094 0.026563 0.045313
0 0.789062 0.199219 0.031250 0.051563
0 0.813281 0.150781 0.020313 0.042188
0 0.861719 0.167969 0.017188 0.035938
0 0.835156 0.217969 0.017188 0.042188
0 0.889844 0.196875 0.020313 0.043750
0 0.864063 0.250781 0.025000 0.051563
0 0.845313 0.313281 0.025000 0.076563
0 0.896094 0.378125 0.032813 0.078125
0 0.927344 0.235938 0.023438 0.050000
0 0.700000 0.161719 0.015625 0.035938
0 0.584375 0.142187 0.021875 0.034375
0 0.775000 0.164062 0.021875 0.046875
0 0.790625 0.155469 0.018750 0.048438
0 0.403125 0.217969 0.018750 0.035938
0 0.532031 0.210938 0.020313 0.046875
0 0.742969 0.204688 0.023438 0.050000
0 0.898438 0.172656 0.012500 0.032813
0 0.921094 0.265625 0.020313 0.053125
0 0.850781 0.175000 0.020313 0.040625
