0 0.084375 0.801563 0.115625 0.200000
0 0.053906 0.686719 0.079688 0.129688
0 0.185156 0.771094 0.079688 0.123438
0 0.221094 0.649219 0.070312 0.110938
0 0.298438 0.825000 0.153125 0.265625
0 0.377344 0.752344 0.095313 0.176563
0 0.392969 0.678125 0.079688 0.131250
0 0.513281 0.468750 0.064063 0.121875
0 0.472656 0.732813 0.073438 0.150000
0 0.550000 0.808594 0.100000 0.204688
0 0.557031 0.685156 0.098438 0.145313
0 0.645313 0.685156 0.062500 0.117188
0 0.686719 0.705469 0.079688 0.129688
0 0.690625 0.813281 0.156250 0.189063
0 0.703125 0.917969 0.146875 0.164062
0 0.871875 0.911719 0.193750 0.176563
0 0.842188 0.778906 0.128125 0.192188
0 0.857813 0.672656 0.065625 0.114063
0 0.814844 0.660938 0.054688 0.106250
0 0.900000 0.753906 0.084375 0.173438
