0 0.024219 0.425781 0.042188 0.070312
0 0.118750 0.428125 0.065625 0.093750
0 0.158594 0.472656 0.039062 0.067187
0 0.225000 0.451563 0.071875 0.109375
0 0.304688 0.458594 0.050000 0.082813
0 0.341406 0.464063 0.029688 0.056250
0 0.374219 0.452344 0.042188 0.064063
0 0.388281 0.482031 0.042188 0.067187
0 0.439063 0.453906 0.028125 0.045313
0 0.489063 0.430469 0.059375 0.098438
0 0.550781 0.465625 0.042188 0.071875
0 0.634375 0.434375 0.050000 0.071875
0 0.749219 0.428125 0.057813 0.096875
0 0.782031 0.453906 0.039062 0.073438
0 0.833594 0.443750 0.057813 0.075000
0 0.898438 0.442188 0.043750 0.081250
0 0.942969 0.384375 0.104688 0.175000
