0 0.196875 0.345313 0.043750 0.075000
0 0.415625 0.242188 0.018750 0.037500
0 0.379688 0.248438 0.018750 0.031250
0 0.336719 0.235156 0.014063 0.029688
0 0.333594 0.213281 0.017188 0.020313
0 0.307031 0.210938 0.014063 0.031250
0 0.347656 0.177344 0.007812 0.017188
0 0.355469 0.192969 0.014063 0.029688
0 0.376563 0.198438 0.012500 0.031250
0 0.389844 0.196875 0.014063 0.037500
0 0.416406 0.194531 0.017188 0.039062
0 0.445312 0.218750 0.018750 0.034375
0 0.500000 0.282813 0.021875 0.053125
0 0.480469 0.228906 0.014063 0.042188
0 0.411719 0.144531 0.007812 0.017188
0 0.417969 0.160938 0.014063 0.028125
0 0.437500 0.176563 0.012500 0.025000
0 0.445312 0.160938 0.012500 0.028125
0 0.473438 0.183594 0.012500 0.026563
0 0.463281 0.141406 0.010938 0.020313
0 0.476562 0.141406 0.009375 0.026563
0 0.490625 0.132812 0.009375 0.021875
0 0.492969 0.157813 0.010938 0.021875
0 0.498438 0.191406 0.012500 0.032813
0 0.522656 0.160156 0.010938 0.032813
0 0.509375 0.141406 0.009375 0.023438
0 0.507812 0.121094 0.009375 0.017188
0 0.528906 0.125781 0.010938 0.026563
0 0.556250 0.177344 0.012500 0.035938
0 0.557031 0.154688 0.010938 0.018750
0 0.559375 0.124219 0.012500 0.023438
0 0.588281 0.169531 0.014063 0.035938
0 0.586719 0.118750 0.010938 0.025000
0 0.578125 0.110156 0.009375 0.023438
0 0.603906 0.114844 0.007812 0.026563
0 0.610156 0.119531 0.010938 0.026563
0 0.621094 0.162500 0.010938 0.028125
0 0.631250 0.122656 0.009375 0.023438
0 0.667188 0.103125 0.009375 0.025000
0 0.680469 0.130469 0.010938 0.029688
0 0.684375 0.117969 0.009375 0.023438
0 0.693750 0.102344 0.009375 0.023438
0 0.728906 0.108594 0.010938 0.023438
0 0.654688 0.130469 0.012500 0.020313
0 0.553906 0.307813 0.026563 0.053125
0 0.603125 0.311719 0.021875 0.060938
0 0.590625 0.242969 0.021875 0.045313
0 0.628906 0.232031 0.020313 0.048438
0 0.680469 0.261719 0.020313 0.054688
0 0.678906 0.341406 0.029688 0.064063
0 0.749219 0.387500 0.032813 0.075000
0 0.737500 0.286719 0.015625 0.045313
0 0.774219 0.292187 0.023438 0.062500
0 0.771094 0.239844 0.020313 0.045313
0 0.725000 0.222656 0.021875 0.042188
0 0.689844 0.184375 0.014063 0.028125
0 0.709375 0.182813 0.015625 0.034375
0 0.761719 0.191406 0.017188 0.035938
0 0.761719 0.156250 0.014063 0.028125
0 0.753906 0.130469 0.014063 0.029688
0 0.787500 0.140625 0.012500 0.028125
0 0.800781 0.156250 0.010938 0.034375
0 0.804688 0.216406 0.015625 0.026563
0 0.813281 0.253125 0.017188 0.046875
0 0.822656 0.396094 0.029688 0.064063
0 0.832031 0.350000 0.020313 0.040625
0 0.875781 0.274219 0.017188 0.048438
0 0.881250 0.224219 0.015625 0.045313
0 0.941406 0.217188 0.014063 0.040625
0 0.939844 0.290625 0.017188 0.053125
0 0.919531 0.350000 0.020313 0.062500
0 0.906250 0.432031 0.028125 0.064063
