0 0.015625 0.236719 0.025000 0.039062
0 0.010938 0.189844 0.015625 0.020313
0 0.025000 0.203906 0.015625 0.020313
0 0.038281 0.216406 0.020313 0.023438
0 0.061719 0.254688 0.029688 0.056250
0 0.083594 0.221875 0.023438 0.037500
0 0.047656 0.194531 0.017188 0.026563
0 0.030469 0.175000 0.017188 0.025000
0 0.078125 0.188281 0.015625 0.023438
0 0.102344 0.197656 0.020313 0.023438
0 0.089844 0.171875 0.017188 0.018750
0 0.113281 0.225000 0.026563 0.034375
0 0.114844 0.279688 0.045313 0.059375
0 0.159375 0.271875 0.040625 0.068750
0 0.180469 0.280469 0.029688 0.057813
0 0.197656 0.272656 0.035938 0.064063
0 0.224219 0.293750 0.048438 0.078125
0 0.297656 0.289844 0.054688 0.082813
0 0.352344 0.315625 0.057813 0.100000
0 0.457813 0.325000 0.075000 0.115625
0 0.510156 0.253906 0.045313 0.073438
0 0.478906 0.216406 0.035938 0.057813
0 0.438281 0.211719 0.026563 0.057813
0 0.391406 0.225781 0.042188 0.064063
0 0.372656 0.233594 0.039062 0.060938
0 0.332813 0.214063 0.028125 0.053125
0 0.301563 0.214063 0.025000 0.037500
0 0.272656 0.231250 0.035938 0.056250
0 0.292969 0.185156 0.020313 0.029688
0 0.321875 0.175000 0.021875 0.025000
0 0.273438 0.182031 0.015625 0.023438
0 0.260156 0.179688 0.017188 0.031250
0 0.234375 0.192188 0.021875 0.025000
0 0.228906 0.174219 0.020313 0.023438
0 0.210938 0.192188 0.021875 0.034375
0 0.201563 0.221094 0.021875 0.032813
0 0.144531 0.215625 0.020313 0.040625
0 0.175781 0.220313 0.020313 0.031250
0 0.182031 0.204688 0.023438 0.028125
0 0.180469 0.172656 0.020313 0.029688
0 0.161719 0.195312 0.020313 0.028125
0 0.124219 0.207031 0.020313 0.032813
0 0.124219 0.185938 0.020313 0.028125
0 0.129688 0.169531 0.021875 0.023438
0 0.240625 0.133594 0.021875 0.032813
0 0.264063 0.110938 0.021875 0.028125
0 0.308594 0.128906 0.023438 0.032813
0 0.358594 0.167969 0.017188 0.029688
0 0.368750 0.158594 0.018750 0.032813
0 0.358594 0.130469 0.017188 0.026563
0 0.372656 0.124219 0.020313 0.032813
0 0.400000 0.111719 0.021875 0.035938
0 0.417188 0.126562 0.018750 0.028125
0 0.439844 0.128125 0.020313 0.031250
0 0.472656 0.104688 0.020313 0.034375
0 0.625781 0.411719 0.082813 0.129688
0 0.763281 0.376563 0.092188 0.143750
0 0.842969 0.382031 0.079688 0.179688
0 0.919531 0.391406 0.157813 0.254688
0 0.829688 0.285156 0.059375 0.098438
0 0.751563 0.264844 0.056250 0.092188
0 0.646875 0.257812 0.053125 0.078125
0 0.570312 0.262500 0.050000 0.078125
0 0.581250 0.192188 0.040625 0.059375
0 0.550781 0.211719 0.035938 0.048438
0 0.528125 0.200781 0.021875 0.042188
0 0.503125 0.175000 0.021875 0.037500
0 0.517188 0.167969 0.018750 0.032813
0 0.499219 0.123438 0.014063 0.025000
0 0.529687 0.124219 0.015625 0.032813
0 0.549219 0.107813 0.017188 0.028125
0 0.552344 0.162500 0.023438 0.037500
0 0.538281 0.167969 0.020313 0.029688
0 0.575000 0.113281 0.021875 0.042188
0 0.590625 0.096094 0.015625 0.023438
0 0.589063 0.049219 0.015625 0.023438
0 0.612500 0.106250 0.021875 0.037500
0 0.599219 0.128125 0.017188 0.025000
0 0.628125 0.176563 0.037500 0.053125
0 0.652344 0.211719 0.042188 0.057813
0 0.696094 0.209375 0.045313 0.071875
0 0.676563 0.164844 0.034375 0.051563
0 0.635938 0.109375 0.021875 0.043750
0 0.686719 0.093750 0.023438 0.037500
0 0.660938 0.059375 0.015625 0.028125
0 0.729688 0.091406 0.025000 0.042188
0 0.692188 0.057031 0.015625 0.020313
0 0.705469 0.049219 0.014063 0.023438
0 0.731250 0.043750 0.015625 0.028125
0 0.704688 0.143750 0.028125 0.053125
0 0.728125 0.170313 0.028125 0.050000
0 0.773438 0.174219 0.040625 0.067187
0 0.792188 0.216406 0.040625 0.070312
0 0.869531 0.214063 0.032813 0.065625
0 0.906250 0.185938 0.050000 0.096875
0 0.850781 0.153125 0.042188 0.065625
0 0.825781 0.156250 0.026563 0.050000
0 0.814844 0.098438 0.032813 0.053125
0 0.786719 0.080469 0.023438 0.042188
0 0.774219 0.107031 0.017188 0.029688
0 0.746094 0.064063 0.017188 0.031250
0 0.767969 0.040625 0.017188 0.031250
0 0.849219 0.082031 0.014063 0.023438
0 0.863281 0.107031 0.020313 0.035938
0 0.886719 0.082031 0.026563 0.048438
0 0.866406 0.082813 0.014063 0.025000
0 0.925781 0.137500 0.029688 0.040625
0 0.949219 0.146094 0.026563 0.051563
0 0.988281 0.153906 0.023438 0.045313
0 0.989844 0.100000 0.020313 0.043750
0 0.962500 0.073438 0.018750 0.037500
0 0.951563 0.107031 0.021875 0.035938
0 0.942188 0.078125 0.018750 0.028125
0 0.928125 0.082031 0.012500 0.023438
0 0.921875 0.107031 0.021875 0.029688
0 0.908594 0.071094 0.017188 0.029688
