0 0.081250 0.739063 0.103125 0.121875
0 0.048438 0.644531 0.059375 0.073438
0 0.217969 0.601562 0.070312 0.109375
0 0.280469 0.757031 0.101562 0.173438
0 0.310938 0.673438 0.071875 0.137500
0 0.406250 0.639063 0.068750 0.109375
0 0.377344 0.910938 0.132812 0.178125
0 0.532031 0.691406 0.073438 0.145313
0 0.667969 0.389063 0.057813 0.100000
0 0.740625 0.623438 0.062500 0.106250
0 0.743750 0.776563 0.106250 0.165625
0 0.767188 0.901563 0.128125 0.196875
0 0.910938 0.645313 0.071875 0.121875
0 0.942188 0.676563 0.075000 0.137500
