0 0.022656 0.551563 0.035938 0.059375
0 0.058594 0.542969 0.035938 0.060938
0 0.133594 0.549219 0.051563 0.079688
0 0.162500 0.526563 0.037500 0.059375
0 0.188281 0.533594 0.048438 0.073438
0 0.212500 0.507812 0.028125 0.053125
0 0.240625 0.512500 0.040625 0.068750
0 0.271875 0.505469 0.028125 0.054688
0 0.307813 0.522656 0.046875 0.073438
0 0.320312 0.491406 0.034375 0.064063
0 0.363281 0.487500 0.035938 0.053125
0 0.398438 0.487500 0.031250 0.053125
0 0.382031 0.600000 0.076563 0.131250
0 0.441406 0.505469 0.054688 0.095313
0 0.547656 0.528906 0.051563 0.089063
0 0.482031 0.473438 0.029688 0.040625
0 0.517188 0.458594 0.021875 0.045313
0 0.560937 0.480469 0.034375 0.060938
0 0.641406 0.585938 0.076563 0.153125
0 0.698438 0.506250 0.053125 0.100000
0 0.671875 0.500781 0.031250 0.060938
0 0.653906 0.457031 0.029688 0.048438
0 0.612500 0.462500 0.028125 0.059375
0 0.597656 0.455469 0.020313 0.045313
0 0.583594 0.446094 0.014063 0.029688
0 0.542969 0.453906 0.017188 0.029688
0 0.683594 0.446094 0.023438 0.042188
0 0.729688 0.464063 0.021875 0.043750
0 0.715625 0.432031 0.021875 0.042188
0 0.738281 0.439844 0.020313 0.039062
0 0.739063 0.421875 0.018750 0.034375
0 0.796094 0.475781 0.048438 0.067187
0 0.821875 0.447656 0.031250 0.060938
0 0.852344 0.439844 0.029688 0.060938
0 0.900781 0.497656 0.051563 0.095313
0 0.917969 0.453906 0.035938 0.064063
0 0.902344 0.402344 0.020313 0.039062
