0 0.214063 0.457031 0.050000 0.098438
0 0.247656 0.432031 0.045313 0.089063
0 0.309375 0.280469 0.021875 0.042188
0 0.360938 0.260937 0.018750 0.037500
0 0.431250 0.267969 0.025000 0.051563
0 0.417188 0.224219 0.018750 0.039062
0 0.441406 0.220313 0.017188 0.037500
0 0.442969 0.179688 0.017188 0.037500
0 0.466406 0.188281 0.020313 0.045313
0 0.442969 0.142969 0.014063 0.032813
0 0.464844 0.150000 0.014063 0.031250
0 0.521875 0.136719 0.015625 0.035938
0 0.549219 0.147656 0.017188 0.035938
0 0.571094 0.154688 0.017188 0.034375
0 0.528906 0.199219 0.020313 0.045313
0 0.473438 0.324219 0.025000 0.054688
0 0.645313 0.256250 0.028125 0.059375
0 0.719531 0.275781 0.029688 0.060938
0 0.771875 0.280469 0.031250 0.057813
0 0.675781 0.147656 0.020313 0.039062
0 0.705469 0.146875 0.017188 0.031250
0 0.725781 0.155469 0.017188 0.042188
0 0.739063 0.139844 0.021875 0.042188
0 0.757812 0.160156 0.015625 0.039062
0 0.790625 0.182031 0.018750 0.045313
0 0.800781 0.120313 0.014063 0.028125
0 0.871875 0.212500 0.025000 0.050000
