0 0.667188 0.242188 0.021875 0.043750
0 0.501563 0.322656 0.028125 0.051563
0 0.539844 0.321875 0.026563 0.046875
0 0.519531 0.290625 0.023438 0.034375
0 0.542969 0.282031 0.017188 0.035938
0 0.315625 0.352344 0.050000 0.085938
0 0.228906 0.367188 0.067187 0.112500
0 0.080469 0.416406 0.114063 0.170313
0 0.101562 0.324219 0.062500 0.089063
0 0.018750 0.312500 0.034375 0.106250
0 0.025000 0.250781 0.037500 0.060938
0 0.064063 0.244531 0.028125 0.048438
0 0.039844 0.234375 0.023438 0.050000
0 0.071094 0.218750 0.020313 0.034375
0 0.104688 0.272656 0.034375 0.057813
0 0.142187 0.274219 0.028125 0.054688
0 0.153906 0.242969 0.020313 0.042188
0 0.130469 0.247656 0.020313 0.042188
0 0.111719 0.242188 0.023438 0.034375
0 0.174219 0.244531 0.017188 0.039062
0 0.196094 0.249219 0.023438 0.045313
0 0.227344 0.265625 0.026563 0.043750
0 0.263281 0.303906 0.029688 0.051563
0 0.283594 0.278125 0.020313 0.034375
0 0.308594 0.274219 0.020313 0.035938
0 0.322656 0.296875 0.023438 0.037500
0 0.340625 0.310156 0.018750 0.054688
0 0.354688 0.285938 0.021875 0.043750
0 0.367969 0.260156 0.014063 0.029688
0 0.382812 0.262500 0.012500 0.028125
0 0.396094 0.268750 0.017188 0.034375
0 0.382031 0.296094 0.017188 0.029688
0 0.413281 0.294531 0.023438 0.042188
0 0.425781 0.326563 0.017188 0.037500
0 0.428906 0.275000 0.010938 0.031250
0 0.443750 0.278906 0.012500 0.032813
0 0.455469 0.285156 0.017188 0.035938
0 0.465625 0.279688 0.015625 0.031250
0 0.481250 0.271094 0.012500 0.026563
0 0.490625 0.288281 0.012500 0.023438
0 0.503125 0.285156 0.015625 0.039062
0 0.336719 0.256250 0.017188 0.034375
0 0.318750 0.246094 0.015625 0.035938
0 0.286719 0.242188 0.017188 0.015625
0 0.272656 0.242188 0.017188 0.025000
0 0.257031 0.243750 0.023438 0.031250
0 0.239063 0.240625 0.015625 0.025000
