0 0.145313 0.360156 0.078125 0.120313
0 0.406250 0.520313 0.025000 0.040625
0 0.432813 0.525781 0.021875 0.039062
0 0.446875 0.533594 0.025000 0.051563
0 0.480469 0.528125 0.029688 0.050000
0 0.531250 0.529687 0.021875 0.037500
0 0.545312 0.532031 0.021875 0.048438
0 0.562500 0.524219 0.028125 0.057813
0 0.590625 0.558594 0.034375 0.057813
0 0.648438 0.539062 0.046875 0.071875
0 0.685938 0.567188 0.040625 0.075000
0 0.741406 0.584375 0.051563 0.071875
0 0.796875 0.584375 0.050000 0.071875
0 0.785156 0.539844 0.042188 0.057813
0 0.732813 0.539844 0.034375 0.045313
0 0.713281 0.510938 0.020313 0.031250
0 0.730469 0.500000 0.017188 0.034375
0 0.776563 0.496094 0.025000 0.039062
0 0.816406 0.498438 0.017188 0.037500
0 0.803906 0.503906 0.020313 0.039062
0 0.853906 0.542969 0.032813 0.042188
0 0.853906 0.507031 0.023438 0.039062
0 0.865625 0.600781 0.050000 0.082813
0 0.905469 0.546094 0.035938 0.064063
0 0.969531 0.592187 0.057813 0.093750
0 0.943750 0.579688 0.040625 0.071875
0 0.946875 0.516406 0.025000 0.048438
0 0.965625 0.497656 0.021875 0.042188
0 0.942188 0.488281 0.028125 0.039062
0 0.923438 0.476562 0.015625 0.043750
0 0.876563 0.503906 0.018750 0.029688
0 0.992188 0.493750 0.015625 0.034375
