0 0.891406 0.153906 0.010938 0.026563
0 0.854688 0.148438 0.015625 0.034375
0 0.846094 0.180469 0.014063 0.039062
0 0.860156 0.228906 0.017188 0.051563
0 0.889063 0.192188 0.015625 0.040625
0 0.923438 0.235156 0.015625 0.048438
0 0.931250 0.260937 0.018750 0.059375
0 0.839063 0.308594 0.021875 0.064063
0 0.828906 0.207813 0.017188 0.046875
0 0.770313 0.287500 0.025000 0.053125
0 0.764063 0.221875 0.018750 0.050000
0 0.768750 0.199219 0.018750 0.048438
0 0.792188 0.141406 0.012500 0.032813
0 0.805469 0.160156 0.014063 0.032813
0 0.808594 0.125000 0.010938 0.028125
0 0.828906 0.151563 0.014063 0.028125
0 0.772656 0.130469 0.010938 0.029688
0 0.754688 0.167969 0.012500 0.029688
0 0.735156 0.194531 0.017188 0.035938
0 0.725000 0.157813 0.015625 0.031250
0 0.733594 0.110938 0.010938 0.028125
0 0.719531 0.131250 0.014063 0.034375
0 0.710938 0.175781 0.015625 0.042188
0 0.704688 0.213281 0.018750 0.045313
0 0.709375 0.275000 0.025000 0.059375
0 0.667969 0.256250 0.023438 0.046875
0 0.667188 0.198438 0.018750 0.040625
0 0.655469 0.168750 0.014063 0.040625
0 0.688281 0.143750 0.017188 0.037500
0 0.682031 0.114844 0.014063 0.029688
0 0.645313 0.119531 0.012500 0.029688
0 0.633594 0.132812 0.014063 0.031250
0 0.615625 0.120313 0.012500 0.034375
0 0.618750 0.139063 0.012500 0.031250
0 0.630469 0.198438 0.017188 0.053125
0 0.639063 0.294531 0.025000 0.057813
0 0.612500 0.250000 0.018750 0.056250
0 0.555469 0.244531 0.020313 0.051563
0 0.567969 0.278906 0.023438 0.057813
0 0.564063 0.121094 0.012500 0.026563
0 0.592187 0.121875 0.009375 0.028125
0 0.557031 0.147656 0.010938 0.032813
0 0.567969 0.164844 0.014063 0.035938
0 0.579688 0.151563 0.018750 0.037500
0 0.542188 0.184375 0.015625 0.043750
0 0.508594 0.167969 0.014063 0.029688
0 0.496875 0.150781 0.012500 0.029688
0 0.464063 0.138281 0.009375 0.026563
0 0.444531 0.173438 0.014063 0.028125
0 0.492969 0.189844 0.017188 0.035938
0 0.472656 0.228906 0.020313 0.048438
0 0.439844 0.234375 0.020313 0.050000
0 0.455469 0.196875 0.010938 0.034375
0 0.410156 0.186719 0.014063 0.029688
0 0.402344 0.210938 0.014063 0.034375
0 0.383594 0.187500 0.014063 0.028125
0 0.357031 0.220313 0.017188 0.037500
0 0.333594 0.219531 0.014063 0.029688
0 0.317969 0.230469 0.014063 0.029688
0 0.283594 0.238281 0.014063 0.035938
0 0.293750 0.265625 0.018750 0.043750
0 0.347656 0.248438 0.017188 0.040625
0 0.369531 0.250000 0.020313 0.043750
0 0.391406 0.282031 0.020313 0.045313
0 0.484375 0.297656 0.025000 0.054688
0 0.482031 0.187500 0.014063 0.040625
0 0.186719 0.514844 0.054688 0.114063
