0 0.980469 0.300000 0.029688 0.071875
0 0.976562 0.226562 0.025000 0.062500
0 0.856250 0.299219 0.028125 0.067187
0 0.848438 0.253125 0.018750 0.031250
0 0.856250 0.211719 0.015625 0.032813
0 0.827344 0.222656 0.020313 0.042188
0 0.803125 0.242188 0.018750 0.050000
0 0.722656 0.268750 0.020313 0.043750
0 0.625781 0.109375 0.017188 0.034375
0 0.578906 0.117188 0.017188 0.031250
0 0.616406 0.152344 0.020313 0.026563
0 0.675000 0.192188 0.021875 0.034375
0 0.432813 0.223438 0.015625 0.034375
0 0.471094 0.224219 0.020313 0.035938
