0 0.064063 0.805469 0.090625 0.154688
0 0.050781 0.689063 0.067187 0.103125
0 0.119531 0.649219 0.051563 0.070312
0 0.094531 0.635156 0.035938 0.067187
0 0.203125 0.696094 0.081250 0.132812
0 0.217188 0.643750 0.046875 0.081250
0 0.233594 0.629688 0.048438 0.075000
0 0.287500 0.624219 0.043750 0.067187
0 0.316406 0.685156 0.067187 0.082813
0 0.307031 0.639844 0.048438 0.070312
0 0.336719 0.602344 0.035938 0.064063
0 0.374219 0.625000 0.048438 0.071875
0 0.427344 0.666406 0.048438 0.085938
0 0.421875 0.600000 0.043750 0.078125
0 0.357031 0.465625 0.029688 0.056250
0 0.309375 0.879688 0.284375 0.243750
0 0.550781 0.842969 0.182813 0.317188
0 0.554688 0.628125 0.056250 0.096875
0 0.645313 0.867188 0.090625 0.165625
0 0.730469 0.796094 0.085938 0.135938
0 0.709375 0.689063 0.081250 0.121875
0 0.749219 0.648438 0.067187 0.100000
0 0.782813 0.606250 0.040625 0.065625
0 0.916406 0.844531 0.110938 0.201563
0 0.905469 0.710938 0.092188 0.146875
0 0.868750 0.626563 0.053125 0.106250
0 0.885156 0.597656 0.067187 0.089063
0 0.975781 0.664062 0.051563 0.103125
0 0.970313 0.781250 0.062500 0.134375
