0 0.040625 0.878906 0.078125 0.135938
0 0.029688 0.701563 0.053125 0.128125
0 0.047656 0.644531 0.035938 0.051563
0 0.061719 0.614844 0.032813 0.048438
0 0.043750 0.562500 0.034375 0.053125
0 0.100781 0.574219 0.029688 0.039062
0 0.107813 0.545312 0.031250 0.034375
0 0.122656 0.603125 0.026563 0.046875
0 0.154688 0.679688 0.053125 0.093750
0 0.167969 0.630469 0.035938 0.060938
0 0.145313 0.634375 0.034375 0.059375
0 0.200000 0.557813 0.028125 0.043750
0 0.199219 0.540625 0.020313 0.034375
0 0.218750 0.577344 0.028125 0.045313
0 0.240625 0.618750 0.031250 0.053125
0 0.254688 0.637500 0.037500 0.056250
0 0.256250 0.699219 0.068750 0.110938
0 0.289062 0.635938 0.050000 0.068750
0 0.342188 0.805469 0.087500 0.164062
0 0.423438 0.886719 0.115625 0.173438
0 0.427344 0.692969 0.079688 0.117188
0 0.327344 0.517969 0.026563 0.045313
0 0.264844 0.394531 0.023438 0.035938
0 0.364063 0.537500 0.025000 0.040625
0 0.377344 0.557813 0.026563 0.037500
0 0.421094 0.531250 0.020313 0.031250
0 0.433594 0.538281 0.020313 0.035938
0 0.442969 0.571094 0.026563 0.048438
0 0.530469 0.610156 0.035938 0.054688
0 0.520313 0.586719 0.031250 0.051563
0 0.485938 0.517969 0.028125 0.032813
0 0.491406 0.490625 0.026563 0.043750
0 0.520313 0.524219 0.025000 0.045313
0 0.539844 0.486719 0.026563 0.051563
0 0.542969 0.514844 0.020313 0.029688
0 0.582813 0.524219 0.025000 0.045313
0 0.595313 0.504688 0.021875 0.040625
0 0.613281 0.610938 0.045313 0.081250
0 0.596875 0.585938 0.034375 0.059375
0 0.609375 0.565625 0.031250 0.050000
0 0.578125 0.776563 0.078125 0.121875
0 0.668750 0.787500 0.109375 0.159375
0 0.637500 0.511719 0.034375 0.048438
0 0.644531 0.488281 0.029688 0.035938
0 0.666406 0.553906 0.035938 0.054688
0 0.673438 0.570312 0.031250 0.053125
0 0.703906 0.617188 0.051563 0.100000
0 0.732813 0.571094 0.040625 0.060938
0 0.703125 0.538281 0.034375 0.042188
0 0.703906 0.512500 0.029688 0.043750
0 0.696875 0.472656 0.025000 0.039062
0 0.785156 0.585156 0.051563 0.079688
0 0.752344 0.489063 0.023438 0.037500
0 0.749219 0.467188 0.020313 0.028125
0 0.780469 0.468750 0.023438 0.034375
0 0.796875 0.457813 0.018750 0.034375
0 0.839063 0.546875 0.046875 0.065625
0 0.835156 0.501563 0.026563 0.043750
0 0.842188 0.469531 0.021875 0.042188
0 0.837500 0.446094 0.018750 0.026563
0 0.861719 0.467188 0.020313 0.031250
0 0.875000 0.489063 0.021875 0.050000
0 0.896875 0.494531 0.034375 0.045313
0 0.891406 0.466406 0.023438 0.032813
0 0.909375 0.488281 0.021875 0.039062
0 0.955469 0.507812 0.035938 0.046875
0 0.963281 0.556250 0.039062 0.062500
0 0.985938 0.578125 0.031250 0.065625
0 0.913281 0.591406 0.051563 0.076563
0 0.867969 0.650781 0.076563 0.123438
0 0.969531 0.484375 0.023438 0.034375
0 0.975781 0.461719 0.023438 0.035938
