0 0.175781 0.539062 0.098438 0.159375
0 0.118750 0.432813 0.046875 0.062500
0 0.166406 0.430469 0.045313 0.067187
0 0.194531 0.422656 0.039062 0.067187
0 0.396094 0.417188 0.042188 0.062500
0 0.537500 0.434375 0.031250 0.056250
0 0.600781 0.503906 0.082813 0.129688
0 0.657813 0.427344 0.050000 0.076563
0 0.567188 0.321875 0.031250 0.043750
0 0.739063 0.405469 0.040625 0.057813
0 0.800000 0.448438 0.053125 0.075000
0 0.856250 0.397656 0.034375 0.045313
0 0.910938 0.448438 0.050000 0.078125
0 0.917188 0.407813 0.028125 0.040625
0 0.985156 0.417969 0.029688 0.042188
0 0.969531 0.414062 0.023438 0.046875
0 0.739063 0.532031 0.103125 0.148438
0 0.657031 0.857813 0.182813 0.275000
