0 0.052344 0.526563 0.051563 0.065625
0 0.141406 0.514844 0.039062 0.057813
0 0.188281 0.506250 0.039062 0.053125
0 0.218750 0.510156 0.031250 0.045313
0 0.243750 0.519531 0.025000 0.042188
0 0.262500 0.525781 0.031250 0.057813
0 0.282031 0.545312 0.042188 0.062500
0 0.302344 0.507031 0.029688 0.039062
0 0.340625 0.513281 0.028125 0.045313
0 0.342969 0.578906 0.057813 0.082813
0 0.379688 0.532031 0.031250 0.048438
0 0.353125 0.722656 0.118750 0.142187
0 0.423438 0.543750 0.037500 0.046875
0 0.432031 0.515625 0.032813 0.040625
0 0.419531 0.636719 0.070312 0.092188
0 0.489844 0.662500 0.070312 0.121875
0 0.539062 0.572656 0.043750 0.057813
0 0.529687 0.536719 0.037500 0.051563
0 0.524219 0.503906 0.032813 0.045313
0 0.476562 0.558594 0.037500 0.057813
0 0.482031 0.522656 0.029688 0.039062
0 0.478125 0.496094 0.025000 0.029688
0 0.568750 0.512500 0.021875 0.031250
0 0.552344 0.500000 0.026563 0.040625
0 0.575781 0.550781 0.029688 0.057813
0 0.596875 0.596094 0.050000 0.073438
0 0.610156 0.544531 0.035938 0.045313
0 0.644531 0.562500 0.045313 0.075000
0 0.640625 0.517969 0.028125 0.039062
0 0.621875 0.501563 0.031250 0.040625
0 0.664844 0.555469 0.026563 0.054688
0 0.711719 0.519531 0.029688 0.051563
0 0.705469 0.576562 0.048438 0.062500
0 0.715625 0.641406 0.062500 0.085938
0 0.575781 0.707031 0.092188 0.120313
0 0.828906 0.771094 0.126562 0.167188
0 0.763281 0.542969 0.032813 0.045313
0 0.742969 0.570312 0.039062 0.053125
0 0.843750 0.584375 0.034375 0.046875
0 0.838281 0.559375 0.029688 0.037500
0 0.837500 0.526563 0.031250 0.043750
0 0.913281 0.553906 0.026563 0.039062
0 0.912500 0.606250 0.034375 0.056250
0 0.942969 0.647656 0.045313 0.073438
0 0.954688 0.750000 0.062500 0.115625
0 0.934375 0.575000 0.034375 0.050000
