0 0.142187 0.735938 0.128125 0.153125
0 0.120313 0.681250 0.118750 0.143750
0 0.053125 0.653906 0.087500 0.126562
0 0.042188 0.560937 0.056250 0.068750
0 0.036719 0.500000 0.026563 0.050000
0 0.072656 0.509375 0.026563 0.046875
0 0.100000 0.521094 0.031250 0.051563
0 0.129688 0.537500 0.034375 0.050000
0 0.176563 0.512500 0.031250 0.037500
0 0.204688 0.518750 0.021875 0.040625
0 0.216406 0.546875 0.039062 0.043750
0 0.226562 0.611719 0.078125 0.114063
0 0.335938 0.791406 0.143750 0.204688
0 0.502344 0.877344 0.154688 0.235938
0 0.603906 0.704688 0.120313 0.171875
0 0.501563 0.662500 0.115625 0.143750
0 0.429688 0.681250 0.075000 0.106250
0 0.431250 0.607031 0.065625 0.073438
0 0.355469 0.584375 0.054688 0.075000
0 0.293750 0.537500 0.037500 0.062500
0 0.259375 0.560937 0.037500 0.053125
0 0.240625 0.532031 0.025000 0.042188
0 0.245313 0.514062 0.025000 0.034375
0 0.342188 0.516406 0.021875 0.032813
0 0.378125 0.553125 0.034375 0.050000
0 0.400000 0.535156 0.025000 0.039062
0 0.420313 0.542969 0.028125 0.048438
0 0.473438 0.556250 0.031250 0.046875
0 0.516406 0.586719 0.039062 0.042188
0 0.687500 0.674219 0.078125 0.120313
0 0.814063 0.771094 0.140625 0.207813
0 0.785938 0.630469 0.059375 0.076563
0 0.867188 0.644531 0.081250 0.123438
0 0.973438 0.655469 0.043750 0.092188
0 0.970313 0.615625 0.034375 0.053125
0 0.934375 0.575781 0.034375 0.057813
0 0.857813 0.562500 0.021875 0.040625
0 0.798438 0.586719 0.031250 0.045313
0 0.815625 0.559375 0.028125 0.046875
0 0.754688 0.560937 0.025000 0.037500
0 0.715625 0.582031 0.043750 0.060938
0 0.717969 0.539844 0.026563 0.035938
0 0.684375 0.532813 0.018750 0.037500
0 0.690625 0.557813 0.025000 0.031250
0 0.657813 0.579688 0.037500 0.046875
0 0.628125 0.613281 0.043750 0.060938
0 0.596094 0.598438 0.042188 0.059375
0 0.568750 0.557031 0.031250 0.042188
0 0.522656 0.554688 0.026563 0.037500
0 0.542188 0.545312 0.021875 0.028125
0 0.521875 0.526563 0.021875 0.034375
0 0.500000 0.532813 0.018750 0.031250
0 0.548438 0.525781 0.025000 0.026563
0 0.564844 0.525781 0.020313 0.026563
0 0.589063 0.538281 0.018750 0.029688
0 0.632812 0.546875 0.025000 0.034375
0 0.621875 0.530469 0.015625 0.032813
0 0.656250 0.539844 0.018750 0.032813
