0 0.238281 0.442188 0.060938 0.115625
0 0.345313 0.274219 0.018750 0.042188
0 0.412500 0.253906 0.021875 0.048438
0 0.435156 0.261719 0.023438 0.051563
0 0.378906 0.207813 0.017188 0.043750
0 0.426563 0.211719 0.015625 0.032813
0 0.446094 0.210938 0.017188 0.040625
0 0.475781 0.245313 0.023438 0.050000
0 0.411719 0.184375 0.017188 0.037500
0 0.420313 0.176563 0.009375 0.025000
0 0.437500 0.186719 0.015625 0.039062
0 0.459375 0.183594 0.015625 0.039062
0 0.472656 0.217969 0.017188 0.035938
0 0.478906 0.196094 0.017188 0.032813
0 0.479688 0.171875 0.015625 0.028125
0 0.476562 0.149219 0.015625 0.026563
0 0.513281 0.204688 0.020313 0.037500
0 0.546875 0.205469 0.018750 0.042188
0 0.507031 0.146094 0.014063 0.023438
0 0.507031 0.128125 0.010938 0.028125
0 0.539844 0.148438 0.014063 0.034375
0 0.550781 0.144531 0.010938 0.023438
0 0.560156 0.174219 0.014063 0.035938
0 0.582813 0.147656 0.015625 0.032813
0 0.594531 0.173438 0.014063 0.031250
0 0.584375 0.122656 0.012500 0.023438
0 0.610938 0.134375 0.012500 0.025000
0 0.621094 0.111719 0.010938 0.026563
0 0.642969 0.138281 0.014063 0.032813
0 0.668750 0.118750 0.015625 0.031250
0 0.670313 0.147656 0.015625 0.035938
0 0.692188 0.138281 0.015625 0.032813
0 0.713281 0.123438 0.014063 0.031250
0 0.572656 0.271875 0.026563 0.050000
0 0.620313 0.261719 0.025000 0.060938
0 0.535938 0.182031 0.015625 0.029688
0 0.649219 0.244531 0.020313 0.042188
0 0.633594 0.303125 0.029688 0.065625
0 0.687500 0.358594 0.031250 0.064063
0 0.731250 0.307031 0.025000 0.060938
0 0.767969 0.246875 0.020313 0.056250
0 0.806250 0.274219 0.028125 0.060938
0 0.682031 0.203906 0.020313 0.048438
0 0.707813 0.182031 0.015625 0.035938
0 0.719531 0.196875 0.017188 0.043750
0 0.735156 0.164062 0.014063 0.037500
0 0.743750 0.186719 0.015625 0.042188
0 0.759375 0.214063 0.018750 0.050000
0 0.757812 0.147656 0.012500 0.032813
0 0.766406 0.164844 0.017188 0.032813
0 0.800000 0.139844 0.012500 0.032813
0 0.802344 0.167969 0.014063 0.032813
0 0.789844 0.201563 0.014063 0.040625
0 0.805469 0.221094 0.017188 0.042188
0 0.836719 0.188281 0.014063 0.039062
0 0.849219 0.170313 0.014063 0.037500
0 0.851562 0.232813 0.015625 0.046875
0 0.871094 0.203906 0.014063 0.032813
0 0.887500 0.187500 0.012500 0.037500
0 0.900000 0.223438 0.015625 0.046875
0 0.890625 0.255469 0.018750 0.048438
0 0.902344 0.298438 0.020313 0.062500
0 0.933594 0.314063 0.020313 0.056250
0 0.864844 0.316406 0.026563 0.060938
0 0.918750 0.194531 0.015625 0.045313
0 0.950781 0.178125 0.010938 0.031250
0 0.962500 0.212500 0.015625 0.037500
0 0.942188 0.242969 0.015625 0.042188
0 0.953906 0.200000 0.010938 0.031250
