0 0.212500 0.471875 0.043750 0.078125
0 0.382812 0.236719 0.015625 0.032813
0 0.407813 0.243750 0.021875 0.043750
0 0.451563 0.253906 0.018750 0.035938
0 0.376563 0.198438 0.012500 0.031250
0 0.393750 0.207813 0.015625 0.025000
0 0.425781 0.208594 0.017188 0.029688
0 0.445312 0.200000 0.012500 0.028125
0 0.474219 0.232031 0.020313 0.042188
0 0.425000 0.156250 0.012500 0.025000
0 0.427344 0.182031 0.010938 0.023438
0 0.436719 0.154688 0.010938 0.031250
0 0.451563 0.159375 0.012500 0.025000
0 0.457813 0.170313 0.012500 0.028125
0 0.475000 0.177344 0.015625 0.032813
0 0.467188 0.145313 0.012500 0.021875
0 0.476562 0.150781 0.012500 0.023438
0 0.491406 0.139844 0.010938 0.026563
0 0.498438 0.119531 0.012500 0.020313
0 0.514844 0.168750 0.014063 0.025000
0 0.507031 0.203906 0.017188 0.029688
0 0.531250 0.200781 0.018750 0.032813
0 0.556250 0.165625 0.015625 0.031250
0 0.589063 0.170313 0.015625 0.031250
0 0.576562 0.139844 0.012500 0.032813
0 0.546094 0.132812 0.010938 0.021875
0 0.532813 0.142969 0.012500 0.020313
0 0.597656 0.151563 0.014063 0.028125
0 0.614844 0.129688 0.010938 0.025000
0 0.625000 0.121875 0.012500 0.025000
0 0.600781 0.114063 0.014063 0.028125
0 0.606250 0.091406 0.012500 0.023438
0 0.558594 0.269531 0.020313 0.045313
0 0.622656 0.320312 0.029688 0.056250
0 0.670313 0.350781 0.031250 0.060938
0 0.612500 0.257812 0.025000 0.056250
0 0.635156 0.225781 0.023438 0.051563
0 0.667969 0.209375 0.017188 0.037500
0 0.662500 0.143750 0.015625 0.037500
0 0.660938 0.113281 0.012500 0.032813
0 0.678906 0.120313 0.014063 0.028125
0 0.703125 0.117969 0.015625 0.029688
0 0.695312 0.158594 0.012500 0.029688
0 0.708594 0.189063 0.017188 0.037500
0 0.720313 0.156250 0.009375 0.028125
0 0.732813 0.174219 0.012500 0.029688
0 0.756250 0.159375 0.012500 0.031250
0 0.760938 0.139063 0.012500 0.028125
0 0.778125 0.139844 0.012500 0.029688
0 0.792188 0.163281 0.012500 0.035938
0 0.778125 0.192969 0.015625 0.032813
0 0.747656 0.201563 0.014063 0.031250
0 0.753906 0.246094 0.020313 0.045313
0 0.739063 0.282031 0.021875 0.051563
0 0.816406 0.289844 0.023438 0.051563
0 0.796094 0.216406 0.014063 0.035938
0 0.829688 0.164844 0.012500 0.032813
0 0.842188 0.159375 0.012500 0.037500
0 0.861719 0.193750 0.014063 0.028125
0 0.846094 0.222656 0.017188 0.032813
0 0.842188 0.314844 0.021875 0.051563
0 0.876563 0.288281 0.015625 0.051563
0 0.931250 0.310938 0.018750 0.046875
0 0.890625 0.257812 0.012500 0.031250
0 0.892969 0.232031 0.014063 0.032813
0 0.896875 0.199219 0.012500 0.035938
0 0.875781 0.179688 0.014063 0.028125
0 0.942188 0.238281 0.015625 0.032813
0 0.946094 0.203906 0.014063 0.029688
0 0.932813 0.173438 0.015625 0.031250
