0 0.055469 0.851562 0.104688 0.265625
0 0.036719 0.342969 0.048438 0.076563
0 0.108594 0.354688 0.057813 0.090625
0 0.175781 0.606250 0.064063 0.106250
0 0.132812 0.321875 0.028125 0.043750
0 0.238281 0.336719 0.029688 0.035938
0 0.268750 0.372656 0.046875 0.082813
0 0.325000 0.404688 0.081250 0.125000
0 0.392188 0.341406 0.046875 0.079688
0 0.351562 0.317969 0.028125 0.042188
0 0.424219 0.344531 0.029688 0.054688
0 0.456250 0.372656 0.031250 0.048438
0 0.488281 0.317188 0.051563 0.096875
0 0.537500 0.370313 0.090625 0.150000
0 0.593750 0.361719 0.043750 0.070312
0 0.625000 0.344531 0.031250 0.051563
0 0.646875 0.335156 0.031250 0.039062
0 0.710156 0.350000 0.060938 0.093750
0 0.633594 0.314844 0.014063 0.032813
0 0.664844 0.710938 0.114063 0.203125
0 0.807813 0.296094 0.096875 0.148438
0 0.894531 0.329688 0.026563 0.050000
0 0.978125 0.385156 0.043750 0.117188
