0 0.314063 0.214063 0.018750 0.028125
0 0.367969 0.201563 0.017188 0.031250
0 0.373438 0.178125 0.015625 0.031250
0 0.416406 0.175781 0.014063 0.029688
0 0.431250 0.177344 0.015625 0.035938
0 0.451563 0.228906 0.021875 0.039062
0 0.474219 0.185156 0.014063 0.029688
0 0.441406 0.162500 0.014063 0.028125
0 0.439844 0.146094 0.010938 0.026563
0 0.460938 0.147656 0.015625 0.029688
0 0.462500 0.180469 0.015625 0.032813
0 0.494531 0.145313 0.014063 0.025000
0 0.496094 0.133594 0.010938 0.023438
0 0.525781 0.127344 0.014063 0.023438
0 0.517969 0.132031 0.014063 0.029688
0 0.535156 0.150000 0.014063 0.025000
0 0.542969 0.139844 0.010938 0.023438
0 0.519531 0.165625 0.017188 0.031250
0 0.521094 0.189844 0.017188 0.032813
0 0.555469 0.191406 0.017188 0.039062
0 0.574219 0.141406 0.010938 0.023438
0 0.591406 0.140625 0.014063 0.025000
0 0.608594 0.108594 0.010938 0.023438
0 0.592187 0.172656 0.015625 0.035938
0 0.568750 0.235938 0.021875 0.050000
0 0.624219 0.136719 0.014063 0.026563
0 0.629688 0.161719 0.015625 0.032813
0 0.616406 0.220313 0.020313 0.050000
0 0.650781 0.200781 0.017188 0.042188
0 0.660156 0.215625 0.017188 0.046875
0 0.647656 0.126562 0.010938 0.025000
0 0.657031 0.110938 0.010938 0.025000
0 0.671094 0.114063 0.010938 0.025000
0 0.664062 0.144531 0.009375 0.026563
0 0.680469 0.151563 0.010938 0.025000
0 0.703906 0.124219 0.010938 0.026563
0 0.694531 0.181250 0.014063 0.037500
0 0.709375 0.182031 0.015625 0.042188
0 0.712500 0.225781 0.021875 0.045313
0 0.721094 0.146094 0.014063 0.032813
0 0.730469 0.180469 0.014063 0.039062
0 0.754688 0.311719 0.034375 0.079688
0 0.737500 0.151563 0.012500 0.028125
0 0.757031 0.141406 0.010938 0.029688
0 0.772656 0.156250 0.014063 0.034375
0 0.765625 0.185156 0.015625 0.039062
0 0.787500 0.168750 0.015625 0.034375
0 0.796094 0.133594 0.010938 0.026563
0 0.807031 0.161719 0.014063 0.032813
0 0.825000 0.133594 0.012500 0.032813
0 0.823438 0.177344 0.012500 0.035938
0 0.798438 0.209375 0.015625 0.043750
0 0.810156 0.205469 0.014063 0.035938
0 0.850781 0.142969 0.010938 0.032813
0 0.857031 0.197656 0.014063 0.035938
0 0.878125 0.228906 0.015625 0.042188
0 0.874219 0.273438 0.017188 0.050000
0 0.883594 0.161719 0.010938 0.029688
0 0.894531 0.212500 0.014063 0.031250
0 0.908594 0.182813 0.014063 0.031250
0 0.935938 0.167969 0.012500 0.029688
0 0.933594 0.195312 0.010938 0.031250
0 0.932031 0.227344 0.017188 0.042188
