0 0.352344 0.239063 0.017188 0.034375
0 0.391406 0.267969 0.020313 0.042188
0 0.461719 0.220313 0.020313 0.040625
0 0.422656 0.160938 0.017188 0.031250
0 0.489063 0.309375 0.031250 0.059375
0 0.546094 0.327344 0.029688 0.064063
0 0.588281 0.385938 0.032813 0.056250
0 0.628125 0.245313 0.021875 0.043750
0 0.640625 0.222656 0.025000 0.051563
0 0.776563 0.289844 0.028125 0.057813
0 0.845313 0.316406 0.028125 0.067187
0 0.928906 0.157031 0.014063 0.029688
0 0.901563 0.147656 0.015625 0.026563
0 0.556250 0.126562 0.012500 0.028125
0 0.567969 0.131250 0.014063 0.028125
0 0.595313 0.115625 0.015625 0.031250
