0 0.069531 0.658594 0.123438 0.192188
0 0.035156 0.572656 0.064063 0.114063
0 0.038281 0.460938 0.070312 0.131250
0 0.017969 0.349219 0.029688 0.079688
0 0.191406 0.360156 0.051563 0.060938
0 0.181250 0.573438 0.096875 0.162500
0 0.271875 0.607031 0.103125 0.201563
0 0.294531 0.924219 0.217188 0.154688
0 0.314844 0.596875 0.085938 0.165625
0 0.388281 0.375000 0.051563 0.090625
0 0.468750 0.482813 0.087500 0.143750
0 0.427344 0.548438 0.082813 0.140625
0 0.553906 0.516406 0.060938 0.098438
0 0.631250 0.560937 0.090625 0.137500
0 0.611719 0.864063 0.176563 0.253125
0 0.699219 0.682813 0.101562 0.181250
0 0.669531 0.497656 0.067187 0.107813
0 0.775000 0.546094 0.065625 0.114063
0 0.837500 0.529687 0.065625 0.109375
0 0.934375 0.742969 0.134375 0.257812
0 0.885938 0.637500 0.087500 0.159375
0 0.959375 0.575781 0.084375 0.151563
