0 0.095313 0.441406 0.034375 0.064063
0 0.167188 0.421875 0.034375 0.065625
0 0.193750 0.453125 0.025000 0.056250
0 0.227344 0.440625 0.026563 0.056250
0 0.245313 0.453125 0.028125 0.056250
0 0.264844 0.489844 0.035938 0.054688
0 0.289062 0.444531 0.025000 0.054688
0 0.318750 0.469531 0.031250 0.057813
0 0.323438 0.435156 0.028125 0.045313
0 0.359375 0.432031 0.025000 0.048438
0 0.360156 0.474219 0.029688 0.054688
0 0.264063 0.606250 0.043750 0.078125
0 0.321875 0.582813 0.037500 0.068750
0 0.383594 0.603125 0.035938 0.062500
0 0.412500 0.555469 0.031250 0.057813
0 0.453125 0.613281 0.031250 0.060938
0 0.400000 0.471875 0.025000 0.050000
0 0.414062 0.435156 0.028125 0.051563
0 0.439063 0.436719 0.025000 0.045313
0 0.462500 0.428906 0.028125 0.054688
0 0.476562 0.431250 0.031250 0.056250
0 0.512500 0.433594 0.028125 0.048438
0 0.550000 0.420313 0.031250 0.065625
0 0.572656 0.447656 0.026563 0.045313
0 0.592187 0.428906 0.025000 0.051563
0 0.620313 0.485156 0.025000 0.042188
0 0.580469 0.595313 0.029688 0.056250
0 0.650781 0.585938 0.035938 0.065625
0 0.634375 0.458594 0.028125 0.045313
0 0.650000 0.417969 0.021875 0.048438
0 0.667969 0.459375 0.026563 0.056250
0 0.690625 0.482813 0.025000 0.056250
0 0.691406 0.427344 0.026563 0.051563
0 0.714063 0.432031 0.028125 0.045313
0 0.721875 0.469531 0.031250 0.057813
0 0.757031 0.483594 0.032813 0.057813
0 0.754688 0.447656 0.025000 0.051563
0 0.773438 0.457813 0.021875 0.046875
0 0.805469 0.434375 0.029688 0.050000
0 0.822656 0.455469 0.026563 0.051563
0 0.863281 0.446094 0.029688 0.048438
0 0.895313 0.457813 0.034375 0.059375
