0 0.120313 0.495313 0.056250 0.106250
0 0.159375 0.432813 0.043750 0.068750
0 0.224219 0.432813 0.042188 0.068750
0 0.286719 0.437500 0.039062 0.071875
0 0.319531 0.413281 0.029688 0.042188
0 0.385938 0.432813 0.043750 0.075000
0 0.484375 0.417969 0.025000 0.045313
0 0.539844 0.583594 0.107813 0.189063
0 0.529687 0.457813 0.053125 0.084375
0 0.549219 0.431250 0.039062 0.071875
0 0.573438 0.286719 0.025000 0.048438
0 0.622656 0.460938 0.042188 0.071875
0 0.650000 0.492188 0.056250 0.093750
0 0.757812 0.432813 0.043750 0.068750
0 0.796094 0.489844 0.064063 0.092188
0 0.909375 0.439844 0.056250 0.095313
