0 0.051563 0.372656 0.018750 0.042188
0 0.250000 0.258594 0.012500 0.023438
0 0.271094 0.267188 0.014063 0.021875
0 0.293750 0.260937 0.015625 0.034375
0 0.316406 0.261719 0.014063 0.039062
0 0.331250 0.270313 0.015625 0.034375
0 0.321094 0.217969 0.014063 0.026563
0 0.350000 0.231250 0.015625 0.028125
0 0.352344 0.206250 0.014063 0.021875
0 0.365625 0.196094 0.012500 0.023438
0 0.382812 0.189063 0.012500 0.031250
0 0.398438 0.198438 0.015625 0.028125
0 0.382031 0.234375 0.014063 0.031250
0 0.362500 0.274219 0.018750 0.035938
0 0.393750 0.287500 0.021875 0.040625
0 0.432813 0.234375 0.018750 0.037500
0 0.442969 0.190625 0.014063 0.028125
0 0.459375 0.201563 0.015625 0.025000
0 0.468750 0.233594 0.018750 0.032813
0 0.481250 0.193750 0.018750 0.034375
0 0.459375 0.145313 0.012500 0.018750
0 0.492188 0.170313 0.012500 0.031250
0 0.481250 0.136719 0.009375 0.020313
0 0.521875 0.207031 0.015625 0.039062
0 0.530469 0.168750 0.014063 0.028125
0 0.560156 0.175000 0.017188 0.031250
0 0.560156 0.126562 0.010938 0.025000
0 0.577344 0.144531 0.010938 0.026563
0 0.589063 0.121094 0.009375 0.023438
0 0.608594 0.119531 0.010938 0.023438
0 0.608594 0.146094 0.010938 0.023438
0 0.633594 0.142969 0.010938 0.026563
0 0.632812 0.117969 0.009375 0.017188
0 0.672656 0.119531 0.014063 0.026563
0 0.484375 0.300781 0.025000 0.048438
0 0.562500 0.290625 0.025000 0.053125
0 0.569531 0.223438 0.023438 0.056250
0 0.617969 0.242969 0.017188 0.042188
0 0.630469 0.202344 0.014063 0.029688
0 0.647656 0.215625 0.020313 0.043750
0 0.657031 0.264844 0.020313 0.045313
0 0.620313 0.321875 0.034375 0.050000
0 0.681250 0.192188 0.015625 0.028125
0 0.676563 0.155469 0.012500 0.026563
0 0.703125 0.153125 0.012500 0.025000
0 0.724219 0.185938 0.017188 0.034375
0 0.696875 0.235156 0.015625 0.032813
0 0.714844 0.291406 0.020313 0.045313
0 0.753125 0.225000 0.015625 0.046875
0 0.754688 0.171875 0.015625 0.028125
0 0.741406 0.145313 0.014063 0.031250
0 0.758594 0.135156 0.014063 0.026563
0 0.779688 0.146094 0.012500 0.029688
0 0.798438 0.131250 0.009375 0.025000
0 0.826563 0.146875 0.012500 0.031250
0 0.806250 0.182813 0.015625 0.034375
0 0.773438 0.204688 0.015625 0.040625
0 0.821875 0.218750 0.015625 0.034375
0 0.764844 0.296875 0.023438 0.046875
0 0.837500 0.310938 0.025000 0.053125
0 0.850000 0.260156 0.021875 0.045313
0 0.930469 0.268750 0.020313 0.053125
0 0.914844 0.245313 0.017188 0.053125
0 0.895313 0.196875 0.018750 0.034375
0 0.884375 0.173438 0.012500 0.021875
0 0.883594 0.153906 0.010938 0.023438
0 0.842188 0.186719 0.015625 0.032813
0 0.847656 0.164062 0.014063 0.025000
