0 0.117969 0.555469 0.039062 0.079688
0 0.221094 0.346875 0.020313 0.034375
0 0.259375 0.352344 0.018750 0.039062
0 0.278125 0.380469 0.021875 0.045313
0 0.281250 0.313281 0.018750 0.035938
0 0.332031 0.364063 0.023438 0.053125
0 0.352344 0.334375 0.020313 0.037500
0 0.350781 0.300000 0.017188 0.031250
0 0.382031 0.350781 0.023438 0.045313
0 0.414844 0.336719 0.023438 0.042188
0 0.446875 0.338281 0.021875 0.039062
0 0.406250 0.298438 0.018750 0.031250
0 0.391406 0.264063 0.017188 0.031250
0 0.428125 0.260156 0.015625 0.029688
0 0.449219 0.263281 0.017188 0.035938
0 0.471094 0.270313 0.017188 0.031250
0 0.481250 0.315625 0.021875 0.037500
0 0.510938 0.328125 0.021875 0.040625
0 0.463281 0.248438 0.014063 0.031250
0 0.471875 0.239844 0.015625 0.023438
0 0.514062 0.266406 0.018750 0.029688
0 0.528125 0.277344 0.018750 0.032813
0 0.561719 0.289844 0.023438 0.045313
0 0.539844 0.250000 0.020313 0.034375
0 0.564844 0.232031 0.017188 0.032813
0 0.580469 0.225781 0.014063 0.026563
0 0.585938 0.229688 0.012500 0.028125
0 0.596094 0.239844 0.014063 0.026563
0 0.591406 0.268750 0.017188 0.034375
0 0.614844 0.258594 0.017188 0.032813
0 0.611719 0.224219 0.017188 0.029688
0 0.617969 0.210156 0.014063 0.029688
0 0.641406 0.217188 0.014063 0.028125
0 0.653125 0.225781 0.015625 0.032813
0 0.659375 0.248438 0.015625 0.028125
0 0.689063 0.230469 0.015625 0.029688
0 0.688281 0.212500 0.014063 0.025000
0 0.700781 0.229688 0.014063 0.031250
0 0.687500 0.282031 0.018750 0.035938
0 0.650000 0.303906 0.018750 0.042188
0 0.613281 0.330469 0.026563 0.051563
0 0.546094 0.361719 0.026563 0.054688
0 0.485156 0.412500 0.032813 0.068750
0 0.555469 0.409375 0.035938 0.056250
0 0.616406 0.385938 0.026563 0.056250
0 0.608594 0.459375 0.032813 0.068750
0 0.650781 0.478125 0.039062 0.075000
0 0.669531 0.369531 0.026563 0.060938
0 0.707031 0.368750 0.023438 0.053125
0 0.700000 0.321094 0.018750 0.039062
0 0.721094 0.302344 0.017188 0.039062
0 0.722656 0.256250 0.014063 0.028125
0 0.751563 0.255469 0.018750 0.032813
0 0.763281 0.241406 0.014063 0.029688
0 0.794531 0.264844 0.014063 0.026563
0 0.803125 0.239844 0.015625 0.032813
0 0.803906 0.289062 0.017188 0.034375
0 0.834375 0.250000 0.015625 0.037500
0 0.831250 0.299219 0.018750 0.039062
0 0.838281 0.366406 0.026563 0.048438
0 0.807031 0.435156 0.026563 0.060938
0 0.738281 0.410938 0.032813 0.059375
0 0.720313 0.540625 0.040625 0.078125
0 0.841406 0.518750 0.032813 0.075000
0 0.866406 0.479688 0.029688 0.065625
0 0.885938 0.401563 0.025000 0.059375
0 0.898438 0.340625 0.018750 0.043750
0 0.870313 0.330469 0.021875 0.039062
0 0.871094 0.275000 0.014063 0.031250
0 0.866406 0.258594 0.014063 0.026563
0 0.885156 0.279688 0.014063 0.031250
0 0.907031 0.260156 0.014063 0.029688
0 0.925000 0.293750 0.015625 0.034375
0 0.914062 0.325781 0.015625 0.039062
0 0.942188 0.332031 0.015625 0.035938
0 0.941406 0.308594 0.014063 0.032813
0 0.964844 0.310938 0.014063 0.034375
0 0.968750 0.281250 0.015625 0.031250
0 0.960938 0.358594 0.018750 0.045313
0 0.950781 0.472656 0.032813 0.073438
