0 0.044531 0.294531 0.079688 0.279688
0 0.134375 0.317188 0.096875 0.328125
0 0.145313 0.141406 0.056250 0.176563
0 0.306250 0.193750 0.062500 0.225000
0 0.325000 0.148438 0.050000 0.171875
0 0.405469 0.275781 0.104688 0.389063
0 0.452344 0.149219 0.051563 0.167188
0 0.570312 0.483594 0.125000 0.379688
0 0.612500 0.208594 0.059375 0.220313
0 0.539844 0.089844 0.048438 0.160938
0 0.638281 0.077344 0.048438 0.135938
0 0.720313 0.163281 0.081250 0.276562
0 0.782813 0.071875 0.040625 0.131250
0 0.862500 0.073438 0.037500 0.143750
0 0.900000 0.101562 0.053125 0.175000
0 0.952344 0.200000 0.079688 0.243750
0 0.960156 0.048438 0.039062 0.084375
