0 0.168750 0.499219 0.034375 0.079688
0 0.264844 0.268750 0.017188 0.028125
0 0.303125 0.266406 0.018750 0.035938
0 0.321094 0.269531 0.020313 0.045313
0 0.339063 0.214844 0.012500 0.029688
0 0.363281 0.226562 0.017188 0.025000
0 0.360938 0.207813 0.015625 0.025000
0 0.356250 0.269531 0.021875 0.039062
0 0.406250 0.264063 0.018750 0.037500
0 0.439844 0.260937 0.020313 0.040625
0 0.401563 0.223438 0.015625 0.034375
0 0.382812 0.182813 0.012500 0.025000
0 0.408594 0.185938 0.014063 0.028125
0 0.425781 0.191406 0.014063 0.032813
0 0.442969 0.202344 0.014063 0.029688
0 0.454688 0.232031 0.015625 0.042188
0 0.478906 0.246875 0.017188 0.040625
0 0.487500 0.204688 0.018750 0.028125
0 0.453906 0.159375 0.014063 0.028125
0 0.478906 0.162500 0.017188 0.025000
0 0.520313 0.197656 0.015625 0.029688
0 0.537500 0.209375 0.018750 0.040625
0 0.552344 0.172656 0.014063 0.032813
0 0.534375 0.171094 0.015625 0.032813
0 0.503125 0.134375 0.012500 0.018750
0 0.591406 0.176563 0.014063 0.031250
0 0.575781 0.152344 0.014063 0.023438
0 0.592969 0.148438 0.017188 0.031250
0 0.581250 0.125000 0.012500 0.028125
0 0.595313 0.125000 0.012500 0.028125
0 0.623438 0.146875 0.015625 0.028125
0 0.612500 0.126562 0.012500 0.025000
0 0.622656 0.117969 0.014063 0.026563
0 0.649219 0.139063 0.014063 0.031250
0 0.653125 0.120313 0.012500 0.028125
0 0.679688 0.125781 0.012500 0.029688
0 0.508594 0.317969 0.029688 0.048438
0 0.554688 0.311719 0.025000 0.051563
0 0.558594 0.257812 0.020313 0.040625
0 0.605469 0.350781 0.029688 0.057813
0 0.628125 0.210156 0.018750 0.032813
0 0.637500 0.263281 0.025000 0.045313
0 0.684375 0.252344 0.025000 0.048438
0 0.662500 0.215625 0.018750 0.037500
0 0.672656 0.182031 0.014063 0.035938
0 0.713281 0.182813 0.014063 0.031250
0 0.710938 0.154688 0.015625 0.034375
0 0.735156 0.166406 0.014063 0.029688
0 0.716406 0.225000 0.017188 0.040625
0 0.732031 0.271094 0.023438 0.054688
0 0.777344 0.242969 0.020313 0.051563
0 0.745313 0.207813 0.015625 0.040625
0 0.782813 0.164062 0.012500 0.034375
0 0.779688 0.129688 0.012500 0.025000
0 0.771875 0.156250 0.012500 0.028125
0 0.767188 0.119531 0.012500 0.026563
0 0.800000 0.161719 0.012500 0.026563
0 0.819531 0.172656 0.020313 0.035938
0 0.839844 0.131250 0.014063 0.034375
0 0.861719 0.190625 0.014063 0.034375
0 0.868750 0.165625 0.012500 0.031250
0 0.846875 0.211719 0.015625 0.039062
0 0.785156 0.311719 0.026563 0.054688
0 0.862500 0.342188 0.025000 0.056250
0 0.876563 0.270313 0.025000 0.050000
0 0.932813 0.269531 0.021875 0.048438
0 0.935938 0.250000 0.021875 0.046875
0 0.909375 0.217188 0.015625 0.034375
0 0.901563 0.176563 0.012500 0.028125
0 0.917969 0.187500 0.014063 0.034375
0 0.909375 0.152344 0.012500 0.026563
