0 0.040625 0.404688 0.037500 0.075000
0 0.262500 0.289844 0.021875 0.039062
0 0.283594 0.279688 0.020313 0.043750
0 0.303906 0.263281 0.017188 0.045313
0 0.327344 0.267969 0.020313 0.042188
0 0.345313 0.286719 0.021875 0.039062
0 0.400000 0.310156 0.025000 0.051563
0 0.327344 0.225781 0.017188 0.035938
0 0.346875 0.220313 0.015625 0.040625
0 0.354688 0.246094 0.018750 0.039062
0 0.374219 0.233594 0.017188 0.035938
0 0.420313 0.226562 0.018750 0.040625
0 0.453125 0.226562 0.021875 0.040625
0 0.409375 0.181250 0.015625 0.034375
0 0.428906 0.185156 0.017188 0.035938
0 0.464844 0.199219 0.017188 0.035938
0 0.458594 0.169531 0.014063 0.023438
0 0.500000 0.238281 0.021875 0.048438
0 0.483594 0.170313 0.014063 0.031250
0 0.473438 0.150781 0.012500 0.029688
0 0.453125 0.145313 0.012500 0.028125
0 0.489063 0.140625 0.015625 0.028125
0 0.529687 0.142969 0.018750 0.032813
0 0.535156 0.177344 0.020313 0.032813
0 0.542969 0.203906 0.020313 0.039062
0 0.574219 0.167969 0.020313 0.035938
0 0.583594 0.157031 0.014063 0.029688
0 0.560156 0.146875 0.014063 0.028125
0 0.552344 0.137500 0.014063 0.028125
0 0.570312 0.119531 0.012500 0.026563
0 0.589844 0.135938 0.014063 0.025000
0 0.623438 0.146875 0.018750 0.037500
0 0.632812 0.133594 0.015625 0.026563
0 0.641406 0.107813 0.014063 0.034375
0 0.620313 0.109375 0.012500 0.031250
0 0.599219 0.107031 0.014063 0.035938
0 0.672656 0.128906 0.014063 0.035938
0 0.690625 0.106250 0.015625 0.034375
0 0.686719 0.144531 0.014063 0.032813
0 0.712500 0.141406 0.015625 0.035938
0 0.648438 0.178125 0.018750 0.043750
0 0.626563 0.196094 0.018750 0.042188
0 0.604688 0.258594 0.028125 0.051563
0 0.566406 0.240625 0.023438 0.046875
0 0.563281 0.303125 0.026563 0.056250
0 0.490625 0.307813 0.031250 0.062500
0 0.607031 0.332031 0.029688 0.060938
0 0.678125 0.346094 0.037500 0.073438
0 0.678906 0.248438 0.023438 0.050000
0 0.711719 0.295313 0.029688 0.059375
0 0.669531 0.214063 0.020313 0.050000
0 0.694531 0.223438 0.020313 0.053125
0 0.696875 0.186719 0.018750 0.042188
0 0.733594 0.158594 0.014063 0.039062
0 0.742969 0.206250 0.020313 0.050000
0 0.760938 0.235938 0.021875 0.046875
0 0.772656 0.286719 0.026563 0.054688
0 0.799219 0.178125 0.017188 0.050000
0 0.756250 0.159375 0.018750 0.043750
0 0.741406 0.132031 0.017188 0.035938
0 0.748438 0.116406 0.018750 0.035938
0 0.769531 0.137500 0.014063 0.040625
0 0.793750 0.129688 0.015625 0.040625
0 0.813281 0.142187 0.014063 0.028125
0 0.822656 0.171094 0.014063 0.029688
0 0.830469 0.135156 0.017188 0.042188
0 0.853906 0.160938 0.020313 0.043750
0 0.852344 0.197656 0.020313 0.042188
0 0.876563 0.232031 0.021875 0.048438
0 0.875781 0.200781 0.020313 0.039062
0 0.868750 0.157813 0.015625 0.034375
0 0.871875 0.130469 0.018750 0.039062
0 0.899219 0.135938 0.014063 0.034375
0 0.895313 0.173438 0.018750 0.040625
0 0.935156 0.171875 0.014063 0.034375
0 0.933594 0.282031 0.023438 0.054688
