0 0.022656 0.156250 0.042188 0.118750
0 0.056250 0.162500 0.043750 0.096875
0 0.041406 0.085938 0.026563 0.031250
0 0.014844 0.086719 0.023438 0.026563
0 0.027344 0.075000 0.017188 0.018750
0 0.035156 0.064844 0.020313 0.029688
0 0.059375 0.071094 0.021875 0.035938
0 0.090625 0.080469 0.025000 0.035938
0 0.086719 0.058594 0.020313 0.026563
0 0.132812 0.189063 0.065625 0.112500
0 0.135156 0.095313 0.026563 0.034375
0 0.109375 0.071094 0.021875 0.035938
0 0.143750 0.060938 0.021875 0.034375
0 0.203906 0.096875 0.039062 0.059375
0 0.194531 0.059375 0.017188 0.021875
0 0.216406 0.046875 0.020313 0.031250
0 0.245313 0.100000 0.028125 0.056250
0 0.236719 0.070312 0.023438 0.043750
0 0.280469 0.100000 0.029688 0.056250
0 0.293750 0.075000 0.018750 0.034375
0 0.266406 0.200000 0.067187 0.112500
0 0.321875 0.167188 0.053125 0.090625
0 0.337500 0.101562 0.034375 0.059375
0 0.327344 0.056250 0.023438 0.037500
0 0.346094 0.034375 0.017188 0.037500
0 0.364844 0.058594 0.020313 0.042188
0 0.392969 0.058594 0.020313 0.039062
0 0.415625 0.098438 0.028125 0.056250
0 0.363281 0.146875 0.029688 0.056250
0 0.442188 0.163281 0.059375 0.117188
0 0.479688 0.134375 0.031250 0.075000
0 0.499219 0.099219 0.026563 0.048438
0 0.494531 0.053906 0.020313 0.035938
0 0.473438 0.042188 0.021875 0.040625
0 0.457813 0.035156 0.015625 0.026563
0 0.446875 0.058594 0.018750 0.035938
0 0.435938 0.080469 0.021875 0.035938
0 0.423438 0.040625 0.018750 0.025000
0 0.425000 0.023438 0.015625 0.025000
0 0.419531 0.067969 0.020313 0.039062
0 0.528906 0.039062 0.020313 0.037500
0 0.571875 0.162500 0.075000 0.121875
0 0.563281 0.057813 0.032813 0.053125
0 0.573438 0.032031 0.021875 0.035938
0 0.627344 0.058594 0.032813 0.051563
0 0.636719 0.077344 0.026563 0.048438
0 0.666406 0.079688 0.035938 0.053125
0 0.663281 0.142187 0.039062 0.065625
0 0.741406 0.156250 0.076563 0.134375
0 0.714063 0.081250 0.031250 0.056250
0 0.696094 0.062500 0.032813 0.059375
0 0.731250 0.056250 0.031250 0.046875
0 0.710156 0.021094 0.023438 0.029688
0 0.684375 0.025781 0.015625 0.026563
0 0.661719 0.038281 0.020313 0.029688
0 0.653906 0.022656 0.020313 0.035938
0 0.630469 0.028125 0.017188 0.028125
0 0.614844 0.039062 0.020313 0.031250
0 0.822656 0.088281 0.035938 0.060938
0 0.844531 0.157813 0.057813 0.106250
0 0.945312 0.168750 0.096875 0.159375
0 0.925781 0.047656 0.029688 0.039062
0 0.987500 0.036719 0.025000 0.045313
0 0.974219 0.014063 0.026563 0.025000
0 0.907031 0.029688 0.026563 0.031250
0 0.921094 0.012500 0.023438 0.021875
0 0.875781 0.016406 0.023438 0.029688
0 0.846094 0.034375 0.026563 0.037500
0 0.817969 0.024219 0.023438 0.039062
