0 0.214063 0.361719 0.040625 0.079688
0 0.315625 0.240625 0.018750 0.043750
0 0.327344 0.199219 0.020313 0.039062
0 0.358594 0.204688 0.017188 0.037500
0 0.419531 0.207813 0.017188 0.031250
0 0.420313 0.183594 0.012500 0.023438
0 0.421094 0.167969 0.014063 0.026563
0 0.448438 0.181250 0.018750 0.037500
0 0.449219 0.214844 0.020313 0.039062
0 0.479688 0.234375 0.021875 0.050000
0 0.478125 0.189844 0.018750 0.039062
0 0.474219 0.159375 0.014063 0.031250
0 0.462500 0.147656 0.012500 0.032813
0 0.502344 0.157813 0.014063 0.037500
0 0.507812 0.141406 0.012500 0.023438
0 0.502344 0.129688 0.010938 0.025000
0 0.521875 0.158594 0.015625 0.039062
0 0.540625 0.189844 0.021875 0.039062
0 0.556250 0.161719 0.015625 0.042188
0 0.539844 0.148438 0.014063 0.034375
0 0.528906 0.125000 0.010938 0.031250
0 0.551563 0.130469 0.012500 0.020313
0 0.564844 0.151563 0.014063 0.028125
0 0.587500 0.172656 0.018750 0.042188
0 0.591406 0.150000 0.014063 0.034375
0 0.629688 0.151563 0.012500 0.034375
0 0.650000 0.153906 0.015625 0.032813
0 0.638281 0.128906 0.010938 0.026563
0 0.630469 0.107813 0.010938 0.031250
0 0.613281 0.104688 0.010938 0.021875
0 0.596094 0.115625 0.010938 0.025000
0 0.663281 0.123438 0.014063 0.025000
0 0.675000 0.178906 0.021875 0.045313
0 0.701563 0.123438 0.012500 0.034375
0 0.689063 0.131250 0.012500 0.025000
0 0.657813 0.115625 0.009375 0.021875
0 0.521094 0.300000 0.029688 0.062500
0 0.589844 0.295313 0.026563 0.062500
0 0.610938 0.307031 0.031250 0.070312
0 0.585938 0.240625 0.021875 0.043750
0 0.634375 0.232813 0.025000 0.046875
0 0.679688 0.220313 0.018750 0.046875
0 0.709375 0.197656 0.015625 0.035938
0 0.718750 0.236719 0.021875 0.051563
0 0.712500 0.173438 0.015625 0.034375
0 0.743750 0.180469 0.015625 0.032813
0 0.764844 0.157813 0.017188 0.037500
0 0.755469 0.131250 0.017188 0.028125
0 0.784375 0.143750 0.015625 0.031250
0 0.783594 0.185156 0.017188 0.039062
0 0.800781 0.175781 0.014063 0.039062
0 0.813281 0.193750 0.017188 0.037500
0 0.795313 0.214844 0.021875 0.045313
0 0.793750 0.294531 0.025000 0.057813
0 0.760156 0.350000 0.029688 0.059375
0 0.678906 0.319531 0.032813 0.076563
0 0.660938 0.303125 0.021875 0.053125
0 0.812500 0.367188 0.034375 0.071875
0 0.850781 0.314063 0.026563 0.062500
0 0.807813 0.276562 0.018750 0.056250
0 0.832031 0.233594 0.023438 0.048438
0 0.831250 0.181250 0.015625 0.037500
0 0.842969 0.159375 0.014063 0.034375
0 0.859375 0.195312 0.018750 0.040625
0 0.868750 0.192969 0.015625 0.039062
0 0.878906 0.161719 0.014063 0.039062
0 0.892188 0.200000 0.018750 0.037500
0 0.903125 0.177344 0.015625 0.039062
0 0.910156 0.167188 0.014063 0.031250
0 0.888281 0.232031 0.017188 0.048438
0 0.870313 0.296875 0.021875 0.050000
0 0.910156 0.395313 0.035938 0.071875
0 0.916406 0.329688 0.029688 0.062500
0 0.944531 0.291406 0.026563 0.057813
0 0.925781 0.247656 0.020313 0.048438
0 0.934375 0.234375 0.018750 0.040625
0 0.945312 0.205469 0.015625 0.035938
0 0.941406 0.179688 0.010938 0.025000
