0 0.276562 0.253125 0.015625 0.034375
0 0.293750 0.270313 0.021875 0.043750
0 0.299219 0.239063 0.017188 0.034375
0 0.361719 0.256250 0.023438 0.043750
0 0.385156 0.268750 0.017188 0.040625
0 0.364063 0.197656 0.015625 0.032813
0 0.396875 0.196875 0.015625 0.031250
0 0.406250 0.172656 0.012500 0.026563
0 0.438281 0.221094 0.017188 0.035938
0 0.464844 0.198438 0.026563 0.050000
0 0.442969 0.185156 0.017188 0.032813
0 0.447656 0.151563 0.010938 0.031250
0 0.460156 0.157031 0.014063 0.029688
0 0.464063 0.142187 0.009375 0.018750
0 0.484375 0.164062 0.012500 0.028125
0 0.482813 0.196094 0.018750 0.039062
0 0.505469 0.125000 0.010938 0.025000
0 0.512500 0.150781 0.012500 0.032813
0 0.522656 0.160938 0.014063 0.028125
0 0.517188 0.192188 0.018750 0.040625
0 0.535156 0.181250 0.010938 0.028125
0 0.549219 0.185938 0.014063 0.031250
0 0.532813 0.132812 0.015625 0.028125
0 0.560156 0.130469 0.014063 0.026563
0 0.553906 0.112500 0.010938 0.028125
0 0.580469 0.135938 0.014063 0.031250
0 0.588281 0.128125 0.014063 0.028125
0 0.591406 0.101562 0.010938 0.031250
0 0.607031 0.103125 0.010938 0.025000
0 0.611719 0.132031 0.010938 0.032813
0 0.600000 0.153906 0.015625 0.029688
0 0.638281 0.133594 0.014063 0.023438
0 0.628906 0.120313 0.010938 0.021875
0 0.635938 0.099219 0.012500 0.026563
0 0.667188 0.105469 0.012500 0.026563
0 0.692188 0.098438 0.012500 0.028125
0 0.487500 0.316406 0.025000 0.054688
0 0.557031 0.315625 0.029688 0.059375
0 0.566406 0.247656 0.026563 0.045313
0 0.603906 0.260937 0.023438 0.053125
0 0.627344 0.203125 0.023438 0.040625
0 0.616406 0.332813 0.032813 0.059375
0 0.665625 0.330469 0.031250 0.067187
0 0.670313 0.202344 0.025000 0.045313
0 0.653906 0.168750 0.020313 0.040625
0 0.678125 0.158594 0.018750 0.032813
0 0.688281 0.190625 0.020313 0.037500
0 0.715625 0.171875 0.015625 0.037500
0 0.726562 0.190625 0.018750 0.043750
0 0.721094 0.250781 0.026563 0.054688
0 0.746875 0.217188 0.025000 0.046875
0 0.775781 0.200000 0.020313 0.046875
0 0.753906 0.142187 0.014063 0.037500
0 0.760156 0.128125 0.014063 0.031250
0 0.734375 0.112500 0.015625 0.037500
0 0.774219 0.154688 0.017188 0.040625
0 0.796875 0.153125 0.018750 0.040625
0 0.825781 0.205469 0.020313 0.042188
0 0.804688 0.238281 0.025000 0.048438
0 0.790625 0.271875 0.028125 0.059375
0 0.757031 0.339063 0.035938 0.075000
0 0.796094 0.396875 0.039062 0.075000
0 0.830469 0.321875 0.026563 0.062500
0 0.827344 0.139844 0.014063 0.029688
0 0.830469 0.125000 0.014063 0.031250
0 0.850000 0.142187 0.015625 0.028125
0 0.848438 0.173438 0.015625 0.034375
0 0.864844 0.211719 0.020313 0.042188
0 0.860938 0.256250 0.018750 0.043750
0 0.892969 0.378125 0.035938 0.084375
0 0.897656 0.297656 0.029688 0.070312
0 0.908594 0.262500 0.020313 0.043750
0 0.917969 0.235938 0.017188 0.037500
0 0.916406 0.209375 0.010938 0.028125
0 0.880469 0.171094 0.017188 0.039062
0 0.886719 0.142187 0.017188 0.031250
0 0.876563 0.132812 0.012500 0.028125
0 0.920313 0.158594 0.012500 0.032813
