0 0.057813 0.539844 0.056250 0.114063
0 0.254688 0.272656 0.018750 0.039062
0 0.276562 0.254688 0.018750 0.034375
0 0.300781 0.253906 0.020313 0.035938
0 0.318750 0.267969 0.018750 0.042188
0 0.340625 0.258594 0.018750 0.039062
0 0.314063 0.226562 0.015625 0.034375
0 0.344531 0.217188 0.020313 0.037500
0 0.367188 0.210938 0.015625 0.031250
0 0.378906 0.210938 0.014063 0.034375
0 0.387500 0.193750 0.012500 0.028125
0 0.404688 0.278906 0.028125 0.051563
0 0.406250 0.171094 0.012500 0.026563
0 0.426563 0.210938 0.018750 0.031250
0 0.446875 0.214844 0.018750 0.039062
0 0.463281 0.236719 0.023438 0.045313
0 0.461719 0.196875 0.014063 0.034375
0 0.458594 0.160938 0.017188 0.031250
0 0.453906 0.134375 0.010938 0.021875
0 0.429688 0.164062 0.018750 0.034375
0 0.478125 0.157813 0.015625 0.034375
0 0.482031 0.127344 0.010938 0.023438
0 0.472656 0.136719 0.010938 0.020313
0 0.511719 0.182031 0.017188 0.029688
0 0.500000 0.164062 0.015625 0.031250
0 0.517188 0.138281 0.015625 0.026563
0 0.529687 0.127344 0.012500 0.029688
0 0.550000 0.157031 0.015625 0.035938
0 0.541406 0.192969 0.017188 0.032813
0 0.568750 0.155469 0.018750 0.035938
0 0.577344 0.142969 0.014063 0.029688
0 0.556250 0.110156 0.012500 0.026563
0 0.582813 0.119531 0.009375 0.023438
0 0.619531 0.135938 0.017188 0.028125
0 0.606250 0.117969 0.012500 0.026563
0 0.597656 0.092188 0.017188 0.028125
0 0.624219 0.093750 0.010938 0.021875
0 0.632031 0.115625 0.014063 0.025000
0 0.641406 0.099219 0.014063 0.026563
0 0.668750 0.114844 0.012500 0.026563
0 0.689063 0.092188 0.012500 0.034375
0 0.485938 0.293750 0.025000 0.062500
0 0.549219 0.278125 0.026563 0.056250
0 0.568750 0.246094 0.021875 0.045313
0 0.606250 0.245313 0.025000 0.046875
0 0.609375 0.199219 0.021875 0.045313
0 0.654688 0.172656 0.021875 0.035938
0 0.664062 0.202344 0.021875 0.048438
0 0.658594 0.246875 0.020313 0.050000
0 0.672656 0.331250 0.029688 0.065625
0 0.603906 0.319531 0.029688 0.054688
0 0.716406 0.275781 0.023438 0.051563
0 0.704688 0.215625 0.018750 0.046875
0 0.692188 0.170313 0.018750 0.034375
0 0.693750 0.137500 0.015625 0.031250
0 0.700000 0.131250 0.018750 0.037500
0 0.732031 0.117969 0.017188 0.035938
0 0.744531 0.178125 0.020313 0.043750
0 0.760156 0.222656 0.020313 0.042188
0 0.778125 0.297656 0.025000 0.070312
0 0.762500 0.155469 0.018750 0.035938
0 0.750781 0.096875 0.014063 0.031250
0 0.762500 0.128125 0.015625 0.028125
0 0.743750 0.135156 0.015625 0.026563
0 0.793750 0.117969 0.009375 0.026563
0 0.800000 0.135156 0.012500 0.026563
0 0.807813 0.125000 0.009375 0.028125
0 0.810156 0.160156 0.014063 0.042188
0 0.799219 0.172656 0.017188 0.042188
0 0.828906 0.136719 0.014063 0.032813
0 0.842188 0.180469 0.018750 0.035938
0 0.852344 0.148438 0.014063 0.034375
0 0.867969 0.125781 0.010938 0.029688
0 0.864844 0.148438 0.014063 0.025000
0 0.869531 0.219531 0.017188 0.042188
0 0.879688 0.177344 0.015625 0.035938
0 0.888281 0.158594 0.014063 0.039062
0 0.903125 0.131250 0.012500 0.028125
0 0.928125 0.153906 0.012500 0.026563
0 0.922656 0.189844 0.017188 0.042188
0 0.917188 0.283594 0.021875 0.054688
