0 0.089063 0.570312 0.106250 0.159375
0 0.160938 0.452344 0.090625 0.151563
0 0.269531 0.296094 0.067187 0.114063
0 0.391406 0.246094 0.045313 0.073438
0 0.468750 0.527344 0.093750 0.164062
0 0.488281 0.474219 0.073438 0.129688
0 0.503906 0.396094 0.076563 0.129688
0 0.627344 0.353125 0.057813 0.103125
0 0.645313 0.633594 0.140625 0.248438
0 0.775781 0.840625 0.239063 0.315625
0 0.707031 0.342188 0.042188 0.075000
0 0.753125 0.317969 0.037500 0.070312
0 0.786719 0.357031 0.039062 0.073438
0 0.835156 0.342188 0.057813 0.096875
0 0.843750 0.400000 0.059375 0.084375
0 0.942969 0.425781 0.089063 0.135938
