0 0.118750 0.412500 0.187500 0.268750
0 0.255469 0.199219 0.126562 0.185938
0 0.350781 0.214844 0.054688 0.098438
0 0.425000 0.210156 0.043750 0.095313
0 0.394531 0.174219 0.035938 0.064063
0 0.499219 0.121875 0.098438 0.190625
0 0.659375 0.285938 0.090625 0.156250
0 0.628125 0.649219 0.293750 0.432813
0 0.842188 0.338281 0.146875 0.167188
0 0.714063 0.168750 0.050000 0.084375
0 0.650781 0.167969 0.042188 0.067187
0 0.780469 0.165625 0.045313 0.062500
0 0.863281 0.183594 0.042188 0.079688
0 0.916406 0.146875 0.042188 0.046875
0 0.184375 0.170313 0.059375 0.075000
