0 0.844531 0.247656 0.026563 0.048438
0 0.725781 0.263281 0.023438 0.042188
0 0.460938 0.302344 0.025000 0.048438
0 0.404688 0.289844 0.025000 0.048438
0 0.584375 0.783594 0.093750 0.164062
0 0.611719 0.587500 0.067187 0.090625
0 0.732813 0.467188 0.050000 0.096875
0 0.880469 0.589844 0.098438 0.145313
0 0.978125 0.550000 0.043750 0.106250
0 0.859375 0.445312 0.050000 0.068750
0 0.855469 0.492188 0.064063 0.081250
0 0.867188 0.389063 0.040625 0.059375
0 0.916406 0.393750 0.029688 0.068750
0 0.934375 0.418750 0.056250 0.078125
0 0.967969 0.467188 0.064063 0.084375
0 0.914844 0.493750 0.045313 0.096875
0 0.775781 0.418750 0.032813 0.053125
0 0.780469 0.371094 0.035938 0.054688
0 0.708594 0.417188 0.054688 0.068750
0 0.659375 0.426563 0.040625 0.068750
0 0.663281 0.375781 0.042188 0.064063
0 0.624219 0.431250 0.042188 0.071875
0 0.600781 0.393750 0.039062 0.062500
0 0.434375 0.525781 0.053125 0.085938
0 0.446875 0.472656 0.034375 0.060938
0 0.466406 0.429688 0.029688 0.050000
0 0.429688 0.415625 0.040625 0.071875
0 0.375781 0.439844 0.035938 0.060938
0 0.333594 0.507812 0.064063 0.106250
0 0.330469 0.421875 0.042188 0.078125
0 0.306250 0.485938 0.046875 0.078125
0 0.354688 0.819531 0.121875 0.185938
0 0.322656 0.623438 0.082813 0.125000
0 0.199219 0.666406 0.104688 0.129688
0 0.204688 0.530469 0.075000 0.095313
0 0.234375 0.471875 0.046875 0.075000
0 0.244531 0.420313 0.042188 0.062500
0 0.190625 0.435938 0.043750 0.081250
0 0.140625 0.460938 0.056250 0.084375
0 0.100781 0.475000 0.057813 0.075000
0 0.054688 0.537500 0.065625 0.106250
0 0.043750 0.764844 0.084375 0.198438
0 0.024219 0.364063 0.045313 0.071875
0 0.028125 0.328125 0.043750 0.081250
0 0.083594 0.276562 0.032813 0.050000
