0 0.146094 0.551563 0.051563 0.081250
0 0.284375 0.571875 0.034375 0.050000
0 0.428125 0.540625 0.031250 0.040625
0 0.367188 0.519531 0.031250 0.035938
0 0.371094 0.481250 0.017188 0.031250
0 0.296094 0.501563 0.017188 0.028125
0 0.310938 0.526563 0.028125 0.031250
0 0.430469 0.467188 0.020313 0.021875
0 0.469531 0.453906 0.017188 0.032813
0 0.496094 0.488281 0.023438 0.035938
0 0.539062 0.517188 0.028125 0.031250
0 0.547656 0.442188 0.017188 0.028125
0 0.591406 0.431250 0.017188 0.031250
0 0.635938 0.414844 0.031250 0.035938
0 0.683594 0.450000 0.029688 0.040625
0 0.689063 0.514844 0.034375 0.054688
0 0.947656 0.444531 0.060938 0.085938
0 0.917188 0.400000 0.034375 0.059375
0 0.902344 0.356250 0.023438 0.037500
0 0.946094 0.346875 0.023438 0.037500
0 0.974219 0.338281 0.026563 0.035938
0 0.867188 0.374219 0.031250 0.045313
0 0.850781 0.414062 0.023438 0.040625
0 0.828125 0.414844 0.028125 0.045313
0 0.799219 0.419531 0.023438 0.045313
0 0.814844 0.381250 0.026563 0.040625
0 0.717969 0.401563 0.023438 0.037500
0 0.736719 0.383594 0.020313 0.035938
0 0.682031 0.401563 0.020313 0.037500
