0 0.041406 0.403125 0.073438 0.115625
0 0.190625 0.339063 0.065625 0.093750
0 0.292969 0.309375 0.051563 0.087500
0 0.372656 0.394531 0.082813 0.120313
0 0.425781 0.273438 0.039062 0.075000
0 0.496094 0.364844 0.079688 0.114063
0 0.521094 0.276562 0.048438 0.078125
0 0.558594 0.298438 0.048438 0.068750
0 0.595313 0.331250 0.065625 0.093750
0 0.632812 0.292187 0.046875 0.068750
0 0.682813 0.294531 0.059375 0.082813
0 0.685938 0.235938 0.040625 0.065625
0 0.842188 0.206250 0.043750 0.068750
0 0.867969 0.264844 0.054688 0.085938
0 0.879688 0.207813 0.037500 0.056250
0 0.941406 0.229688 0.048438 0.065625
0 0.946875 0.188281 0.040625 0.054688
