0 0.048438 0.412500 0.040625 0.068750
0 0.078906 0.417188 0.042188 0.071875
0 0.133594 0.480469 0.060938 0.117188
0 0.220313 0.510938 0.081250 0.153125
0 0.299219 0.375000 0.026563 0.046875
0 0.340625 0.414062 0.037500 0.062500
0 0.385938 0.653125 0.109375 0.228125
0 0.418750 0.416406 0.031250 0.067187
0 0.439063 0.442969 0.043750 0.076563
0 0.518750 0.421875 0.025000 0.053125
0 0.550000 0.428125 0.028125 0.056250
0 0.586719 0.460938 0.039062 0.078125
0 0.625781 0.517969 0.060938 0.117188
0 0.610156 0.442188 0.029688 0.056250
0 0.643750 0.438281 0.034375 0.067187
0 0.701563 0.501563 0.053125 0.096875
0 0.708594 0.422656 0.039062 0.073438
0 0.837500 0.568750 0.081250 0.143750
0 0.825000 0.477344 0.037500 0.070312
0 0.928906 0.485938 0.057813 0.100000
