0 0.031250 0.522656 0.043750 0.107813
0 0.044531 0.482813 0.045313 0.090625
0 0.120313 0.496875 0.050000 0.087500
0 0.151563 0.528906 0.071875 0.107813
0 0.229688 0.487500 0.040625 0.075000
0 0.287500 0.498438 0.043750 0.078125
0 0.337500 0.457813 0.050000 0.075000
0 0.424219 0.371875 0.042188 0.090625
0 0.737500 0.549219 0.059375 0.126562
0 0.798438 0.604688 0.103125 0.159375
0 0.872656 0.800000 0.189063 0.318750
0 0.967188 0.575781 0.065625 0.120313
0 0.946875 0.513281 0.053125 0.095313
0 0.853125 0.510938 0.050000 0.084375
0 0.874219 0.485156 0.054688 0.098438
0 0.756250 0.478125 0.053125 0.081250
