0 0.197656 0.365625 0.042188 0.081250
0 0.313281 0.227344 0.017188 0.029688
0 0.329688 0.194531 0.018750 0.035938
0 0.348438 0.201563 0.018750 0.034375
0 0.413281 0.204688 0.020313 0.037500
0 0.421094 0.178125 0.017188 0.031250
0 0.444531 0.216406 0.020313 0.035938
0 0.447656 0.186719 0.017188 0.029688
0 0.470313 0.189063 0.015625 0.034375
0 0.478906 0.228125 0.020313 0.043750
0 0.444531 0.154688 0.014063 0.028125
0 0.464844 0.146875 0.010938 0.021875
0 0.482813 0.149219 0.012500 0.026563
0 0.467188 0.135938 0.012500 0.021875
0 0.490625 0.132812 0.012500 0.028125
0 0.507031 0.140625 0.014063 0.034375
0 0.499219 0.157813 0.014063 0.034375
0 0.535938 0.156250 0.012500 0.028125
0 0.526563 0.139063 0.012500 0.018750
0 0.544531 0.139844 0.010938 0.023438
0 0.551563 0.125000 0.009375 0.021875
0 0.551563 0.165625 0.015625 0.034375
0 0.541406 0.186719 0.017188 0.039062
0 0.582031 0.167188 0.014063 0.034375
0 0.575781 0.142969 0.014063 0.029688
0 0.578906 0.117188 0.017188 0.021875
0 0.596875 0.145313 0.015625 0.034375
0 0.605469 0.132812 0.010938 0.025000
0 0.623438 0.105469 0.012500 0.023438
0 0.639063 0.125000 0.012500 0.025000
0 0.647656 0.110938 0.010938 0.021875
0 0.660938 0.110156 0.009375 0.023438
0 0.654688 0.130469 0.012500 0.026563
0 0.647656 0.150781 0.014063 0.029688
0 0.627344 0.156250 0.017188 0.028125
0 0.681250 0.121875 0.009375 0.025000
0 0.696094 0.125781 0.010938 0.032813
0 0.700000 0.117969 0.009375 0.023438
0 0.710938 0.168750 0.015625 0.025000
0 0.662500 0.188281 0.018750 0.039062
0 0.641406 0.200781 0.020313 0.039062
0 0.581250 0.233594 0.018750 0.042188
0 0.595313 0.301563 0.031250 0.078125
0 0.631250 0.245313 0.018750 0.037500
0 0.516406 0.288281 0.026563 0.048438
0 0.664844 0.271094 0.020313 0.042188
0 0.667969 0.224219 0.020313 0.039062
0 0.697656 0.211719 0.017188 0.035938
0 0.727344 0.219531 0.023438 0.042188
0 0.693750 0.314063 0.034375 0.059375
0 0.725000 0.355469 0.034375 0.073438
0 0.756250 0.129688 0.012500 0.028125
0 0.758594 0.146875 0.014063 0.037500
0 0.779688 0.142969 0.012500 0.029688
0 0.796094 0.171875 0.014063 0.031250
0 0.772656 0.182031 0.017188 0.032813
0 0.742188 0.174219 0.015625 0.032813
0 0.781250 0.239844 0.018750 0.035938
0 0.814063 0.195312 0.015625 0.034375
0 0.827344 0.175781 0.014063 0.032813
0 0.841406 0.157813 0.014063 0.031250
0 0.861719 0.197656 0.017188 0.042188
0 0.878906 0.160156 0.017188 0.035938
0 0.912500 0.168750 0.015625 0.034375
0 0.941406 0.174219 0.014063 0.035938
0 0.938281 0.214844 0.014063 0.035938
0 0.923438 0.243750 0.018750 0.043750
0 0.935938 0.239063 0.015625 0.037500
0 0.927344 0.292187 0.020313 0.056250
0 0.914062 0.335156 0.021875 0.064063
0 0.875781 0.266406 0.020313 0.051563
0 0.866406 0.183594 0.014063 0.035938
0 0.891406 0.196875 0.017188 0.037500
0 0.886719 0.227344 0.020313 0.039062
0 0.823438 0.219531 0.015625 0.042188
0 0.803125 0.273438 0.028125 0.053125
0 0.811719 0.264844 0.020313 0.045313
0 0.846094 0.296094 0.020313 0.051563
0 0.817188 0.349219 0.031250 0.064063
0 0.896094 0.436719 0.029688 0.079688
