0 0.062500 0.355469 0.021875 0.042188
0 0.271875 0.267188 0.012500 0.028125
0 0.262500 0.247656 0.015625 0.029688
0 0.319531 0.243750 0.014063 0.034375
0 0.334375 0.250781 0.012500 0.032813
0 0.351562 0.260156 0.015625 0.032813
0 0.324219 0.211719 0.014063 0.026563
0 0.336719 0.216406 0.014063 0.023438
0 0.352344 0.225000 0.014063 0.028125
0 0.364063 0.192969 0.012500 0.029688
0 0.381250 0.191406 0.015625 0.035938
0 0.398438 0.214844 0.015625 0.032813
0 0.396875 0.277344 0.021875 0.042188
0 0.464063 0.230469 0.021875 0.029688
0 0.456250 0.220313 0.015625 0.031250
0 0.390625 0.270313 0.018750 0.043750
0 0.417969 0.186719 0.017188 0.029688
0 0.445312 0.190625 0.015625 0.031250
0 0.473438 0.192188 0.015625 0.021875
0 0.509375 0.185156 0.012500 0.032813
0 0.530469 0.194531 0.017188 0.032813
0 0.554688 0.160156 0.012500 0.029688
0 0.574219 0.164844 0.014063 0.032813
0 0.458594 0.149219 0.014063 0.023438
0 0.480469 0.134375 0.014063 0.021875
0 0.564844 0.121094 0.010938 0.029688
0 0.590625 0.139844 0.009375 0.029688
0 0.608594 0.147656 0.014063 0.026563
0 0.600781 0.128125 0.007812 0.021875
0 0.604688 0.116406 0.009375 0.026563
0 0.592969 0.118750 0.014063 0.021875
0 0.636719 0.135938 0.010938 0.028125
0 0.634375 0.117188 0.012500 0.018750
0 0.676563 0.113281 0.012500 0.023438
0 0.496094 0.290625 0.026563 0.046875
0 0.553125 0.247656 0.018750 0.042188
0 0.575781 0.290625 0.023438 0.046875
0 0.620313 0.305469 0.025000 0.057813
0 0.607031 0.258594 0.017188 0.035938
0 0.620313 0.201563 0.015625 0.034375
0 0.650000 0.201563 0.018750 0.037500
0 0.641406 0.185156 0.014063 0.032813
0 0.682813 0.147656 0.012500 0.026563
0 0.693750 0.175000 0.015625 0.028125
0 0.696875 0.216406 0.021875 0.039062
0 0.671094 0.251563 0.020313 0.046875
0 0.713281 0.292187 0.020313 0.040625
0 0.765625 0.262500 0.021875 0.046875
0 0.726562 0.200000 0.015625 0.034375
0 0.715625 0.164062 0.012500 0.028125
0 0.704688 0.142969 0.012500 0.032813
0 0.728906 0.117188 0.010938 0.021875
0 0.734375 0.145313 0.012500 0.028125
0 0.753125 0.125000 0.012500 0.031250
0 0.772656 0.135156 0.014063 0.032813
0 0.764063 0.160938 0.012500 0.028125
0 0.751563 0.221094 0.018750 0.035938
0 0.761719 0.197656 0.014063 0.032813
0 0.793750 0.164844 0.012500 0.029688
0 0.826563 0.151563 0.015625 0.028125
0 0.839063 0.150781 0.015625 0.035938
0 0.835938 0.185938 0.018750 0.034375
0 0.829688 0.218750 0.015625 0.037500
0 0.838281 0.310156 0.023438 0.051563
0 0.836719 0.269531 0.020313 0.051563
0 0.907031 0.273438 0.020313 0.046875
0 0.911719 0.228125 0.017188 0.037500
0 0.898438 0.205469 0.018750 0.029688
0 0.878125 0.174219 0.015625 0.032813
0 0.885938 0.157031 0.018750 0.032813
