0 0.128125 0.553906 0.037500 0.070312
0 0.223438 0.360156 0.015625 0.029688
0 0.252344 0.386719 0.020313 0.045313
0 0.282031 0.335938 0.017188 0.034375
0 0.286719 0.385156 0.017188 0.039062
0 0.328906 0.387500 0.023438 0.043750
0 0.350000 0.349219 0.015625 0.032813
0 0.353125 0.307031 0.015625 0.032813
0 0.388281 0.278906 0.014063 0.029688
0 0.410156 0.295313 0.014063 0.031250
0 0.421094 0.279688 0.010938 0.025000
0 0.441406 0.278906 0.014063 0.026563
0 0.452344 0.289844 0.017188 0.032813
0 0.458594 0.256250 0.014063 0.028125
0 0.546875 0.236719 0.012500 0.023438
0 0.563281 0.233594 0.014063 0.020313
0 0.592187 0.238281 0.009375 0.023438
0 0.601562 0.225000 0.015625 0.025000
0 0.621094 0.221875 0.014063 0.028125
0 0.660938 0.225000 0.012500 0.021875
0 0.626563 0.243750 0.015625 0.025000
0 0.590625 0.266406 0.012500 0.029688
0 0.608594 0.280469 0.014063 0.020313
0 0.568750 0.282813 0.015625 0.034375
0 0.537500 0.271094 0.015625 0.029688
0 0.514844 0.269531 0.014063 0.029688
0 0.519531 0.297656 0.017188 0.032813
0 0.548438 0.300781 0.015625 0.032813
0 0.460938 0.336719 0.018750 0.032813
0 0.492969 0.346875 0.020313 0.034375
0 0.427344 0.330469 0.020313 0.026563
0 0.439063 0.361719 0.025000 0.035938
0 0.407031 0.350781 0.020313 0.032813
0 0.401563 0.321094 0.018750 0.026563
0 0.375781 0.371875 0.020313 0.040625
0 0.471875 0.432813 0.025000 0.053125
0 0.532031 0.381250 0.020313 0.046875
0 0.510938 0.479688 0.028125 0.050000
0 0.578125 0.469531 0.028125 0.060938
0 0.626563 0.485938 0.028125 0.062500
0 0.610938 0.397656 0.021875 0.048438
0 0.592187 0.346094 0.018750 0.039062
0 0.625781 0.320312 0.017188 0.028125
0 0.660938 0.297656 0.015625 0.026563
0 0.694531 0.271875 0.017188 0.034375
0 0.680469 0.237500 0.014063 0.021875
0 0.662500 0.246875 0.015625 0.025000
0 0.725000 0.259375 0.015625 0.034375
0 0.734375 0.278906 0.015625 0.032813
0 0.751563 0.272656 0.015625 0.026563
0 0.769531 0.257031 0.014063 0.029688
0 0.776563 0.271875 0.012500 0.025000
0 0.765625 0.297656 0.015625 0.042188
0 0.685938 0.319531 0.021875 0.039062
0 0.798438 0.264063 0.015625 0.037500
0 0.832031 0.273438 0.014063 0.034375
0 0.847656 0.289844 0.020313 0.042188
0 0.868750 0.273438 0.015625 0.034375
0 0.882031 0.289844 0.014063 0.029688
0 0.925781 0.306250 0.014063 0.034375
0 0.921094 0.332031 0.017188 0.029688
0 0.901563 0.344531 0.018750 0.042188
0 0.881250 0.341406 0.015625 0.035938
0 0.856250 0.357813 0.015625 0.043750
0 0.838281 0.349219 0.020313 0.048438
0 0.809375 0.349219 0.018750 0.035938
0 0.807031 0.316406 0.020313 0.032813
0 0.800000 0.382031 0.021875 0.048438
0 0.845313 0.414062 0.031250 0.062500
0 0.912500 0.392969 0.021875 0.054688
0 0.900000 0.474219 0.031250 0.064063
0 0.772656 0.452344 0.026563 0.060938
0 0.715625 0.428125 0.031250 0.059375
0 0.682031 0.381250 0.020313 0.043750
0 0.650000 0.394531 0.028125 0.057813
0 0.639063 0.366406 0.021875 0.045313
0 0.688281 0.570312 0.032813 0.065625
0 0.808594 0.530469 0.026563 0.076563
0 0.834375 0.489844 0.028125 0.057813
