0 0.070312 0.363281 0.040625 0.070312
0 0.093750 0.322656 0.025000 0.032813
0 0.137500 0.336719 0.025000 0.042188
0 0.159375 0.427344 0.062500 0.110938
0 0.217188 0.346875 0.031250 0.056250
0 0.262500 0.397656 0.065625 0.117188
0 0.353125 0.346094 0.025000 0.042188
0 0.360938 0.403125 0.043750 0.071875
0 0.498438 0.402344 0.043750 0.076563
0 0.471094 0.280469 0.020313 0.035938
0 0.478906 0.362500 0.029688 0.037500
0 0.468750 0.331250 0.018750 0.034375
0 0.546875 0.367188 0.028125 0.053125
0 0.577344 0.365625 0.017188 0.025000
0 0.853125 0.525000 0.071875 0.131250
0 0.828125 0.414062 0.037500 0.078125
0 0.900781 0.367188 0.023438 0.053125
0 0.918750 0.371094 0.031250 0.057813
0 0.957031 0.416406 0.045313 0.085938
0 0.015625 0.375781 0.028125 0.079688
