0 0.017969 0.466406 0.032813 0.067187
0 0.016406 0.407813 0.029688 0.059375
0 0.105469 0.485938 0.042188 0.068750
0 0.192188 0.407031 0.037500 0.054688
0 0.222656 0.419531 0.035938 0.064063
0 0.288281 0.585938 0.070312 0.150000
0 0.362500 0.621875 0.096875 0.168750
0 0.278906 0.433594 0.039062 0.073438
0 0.324219 0.442188 0.039062 0.071875
0 0.417969 0.460938 0.039062 0.062500
0 0.419531 0.510938 0.054688 0.081250
0 0.389063 0.447656 0.031250 0.054688
0 0.395313 0.411719 0.025000 0.045313
0 0.433594 0.410938 0.026563 0.062500
0 0.467969 0.444531 0.035938 0.067187
0 0.514062 0.440625 0.031250 0.050000
0 0.548438 0.433594 0.034375 0.073438
0 0.532031 0.397656 0.023438 0.045313
0 0.574219 0.414844 0.023438 0.054688
0 0.600000 0.445312 0.034375 0.059375
0 0.617969 0.411719 0.026563 0.045313
0 0.643750 0.426563 0.025000 0.050000
0 0.667969 0.414062 0.029688 0.040625
0 0.654688 0.385938 0.028125 0.050000
0 0.669531 0.459375 0.032813 0.059375
0 0.632031 0.558594 0.067187 0.114063
0 0.803125 0.513281 0.062500 0.114063
0 0.810938 0.411719 0.037500 0.054688
0 0.767969 0.402344 0.023438 0.045313
0 0.732031 0.435938 0.035938 0.059375
0 0.714063 0.407031 0.025000 0.054688
0 0.700000 0.397656 0.021875 0.054688
0 0.742188 0.402344 0.021875 0.045313
