0 0.836719 0.207031 0.014063 0.039062
0 0.882812 0.221094 0.012500 0.045313
0 0.874219 0.235156 0.014063 0.042188
0 0.875781 0.406250 0.017188 0.068750
0 0.866406 0.341406 0.014063 0.060938
0 0.949219 0.377344 0.020313 0.060938
0 0.967188 0.442188 0.018750 0.065625
0 0.925781 0.320312 0.014063 0.053125
0 0.977344 0.333594 0.010938 0.042188
0 0.979688 0.365625 0.012500 0.043750
0 0.940625 0.268750 0.012500 0.043750
0 0.952344 0.241406 0.010938 0.039062
0 0.989063 0.264063 0.009375 0.034375
0 0.984375 0.306250 0.012500 0.040625
0 0.912500 0.228125 0.012500 0.040625
0 0.889844 0.267969 0.014063 0.048438
0 0.903906 0.246094 0.010938 0.039062
0 0.821094 0.295313 0.020313 0.053125
0 0.716406 0.150000 0.010938 0.031250
0 0.717969 0.209375 0.010938 0.043750
0 0.726562 0.271094 0.015625 0.048438
0 0.738281 0.212500 0.010938 0.040625
0 0.762500 0.231250 0.015625 0.046875
0 0.770313 0.282031 0.018750 0.048438
0 0.785938 0.167188 0.012500 0.040625
0 0.782031 0.207813 0.017188 0.050000
0 0.815625 0.187500 0.012500 0.043750
0 0.818750 0.238281 0.012500 0.051563
0 0.796875 0.251563 0.015625 0.043750
0 0.734375 0.389063 0.025000 0.065625
0 0.807813 0.460156 0.028125 0.082813
0 0.863281 0.517188 0.026563 0.081250
0 0.611719 0.372656 0.020313 0.057813
0 0.662500 0.406250 0.025000 0.071875
0 0.620313 0.287500 0.021875 0.056250
0 0.632812 0.192188 0.012500 0.043750
0 0.668750 0.245313 0.018750 0.059375
0 0.668750 0.179688 0.012500 0.034375
0 0.661719 0.146875 0.010938 0.037500
0 0.699219 0.137500 0.010938 0.031250
0 0.692188 0.160938 0.012500 0.040625
0 0.646875 0.135938 0.012500 0.037500
0 0.603125 0.122656 0.012500 0.035938
0 0.583594 0.135938 0.014063 0.034375
0 0.624219 0.125781 0.010938 0.032813
0 0.620313 0.153906 0.012500 0.029688
0 0.530469 0.157813 0.010938 0.034375
0 0.558594 0.138281 0.010938 0.039062
0 0.554688 0.160938 0.012500 0.037500
0 0.576562 0.193750 0.012500 0.040625
0 0.557813 0.214063 0.015625 0.040625
0 0.497656 0.148438 0.010938 0.031250
0 0.451563 0.159375 0.012500 0.037500
0 0.437500 0.188281 0.012500 0.039062
0 0.418750 0.171875 0.012500 0.025000
0 0.404688 0.185156 0.012500 0.035938
0 0.405469 0.232813 0.010938 0.040625
0 0.473438 0.247656 0.015625 0.048438
0 0.481250 0.163281 0.015625 0.042188
0 0.503906 0.204688 0.014063 0.043750
0 0.360938 0.207031 0.015625 0.039062
0 0.373438 0.264063 0.015625 0.053125
0 0.442188 0.303906 0.018750 0.060938
0 0.318750 0.203125 0.015625 0.043750
0 0.331250 0.231250 0.015625 0.046875
0 0.310938 0.232031 0.015625 0.039062
0 0.278906 0.237500 0.017188 0.037500
0 0.207813 0.267188 0.015625 0.043750
0 0.219531 0.283594 0.017188 0.048438
0 0.367188 0.192969 0.015625 0.029688
0 0.567188 0.341406 0.021875 0.057813
0 0.103906 0.568750 0.039062 0.115625
