0 0.035938 0.392969 0.068750 0.148438
0 0.026563 0.303125 0.050000 0.084375
0 0.137500 0.314844 0.034375 0.076563
0 0.153906 0.360156 0.051563 0.092188
0 0.230469 0.320312 0.035938 0.087500
0 0.291406 0.367969 0.057813 0.114063
0 0.315625 0.309375 0.034375 0.087500
0 0.369531 0.418750 0.092188 0.206250
0 0.382812 0.301563 0.025000 0.056250
0 0.416406 0.312500 0.035938 0.087500
0 0.451563 0.317188 0.046875 0.103125
0 0.528906 0.352344 0.070312 0.160938
0 0.574219 0.332813 0.035938 0.087500
0 0.584375 0.299219 0.025000 0.060938
0 0.669531 0.366406 0.064063 0.132812
0 0.774219 0.496094 0.117188 0.323438
0 0.738281 0.325000 0.029688 0.087500
0 0.783594 0.354688 0.039062 0.081250
0 0.825781 0.339063 0.035938 0.087500
0 0.865625 0.324219 0.031250 0.079688
0 0.891406 0.338281 0.023438 0.060938
0 0.926563 0.407813 0.071875 0.140625
0 0.960938 0.341406 0.046875 0.114063
