0 0.183594 0.456250 0.039062 0.081250
0 0.271875 0.221875 0.025000 0.046875
0 0.307813 0.220313 0.018750 0.043750
0 0.334375 0.182813 0.015625 0.037500
0 0.348438 0.185156 0.015625 0.032813
0 0.350000 0.215625 0.021875 0.040625
0 0.385156 0.271875 0.026563 0.056250
0 0.368750 0.242969 0.018750 0.039062
0 0.387500 0.200781 0.021875 0.045313
0 0.396875 0.228906 0.025000 0.032813
0 0.410156 0.198438 0.017188 0.040625
0 0.391406 0.153906 0.014063 0.026563
0 0.414062 0.157031 0.015625 0.029688
0 0.439063 0.143750 0.012500 0.034375
0 0.439844 0.185156 0.017188 0.039062
0 0.460938 0.200000 0.018750 0.037500
0 0.474219 0.126562 0.017188 0.028125
0 0.478906 0.141406 0.014063 0.029688
0 0.488281 0.151563 0.014063 0.028125
0 0.499219 0.175000 0.017188 0.037500
0 0.519531 0.180469 0.017188 0.039062
0 0.508594 0.148438 0.014063 0.028125
0 0.492969 0.110156 0.014063 0.023438
0 0.514844 0.122656 0.014063 0.035938
0 0.561719 0.182031 0.017188 0.039062
0 0.553906 0.168750 0.017188 0.037500
0 0.544531 0.142187 0.017188 0.028125
0 0.560156 0.146875 0.017188 0.031250
0 0.552344 0.120313 0.014063 0.025000
0 0.589844 0.155469 0.017188 0.032813
0 0.589844 0.103125 0.014063 0.025000
0 0.623438 0.134375 0.012500 0.031250
0 0.640625 0.153906 0.012500 0.032813
0 0.664844 0.112500 0.014063 0.040625
0 0.677344 0.101562 0.014063 0.034375
0 0.691406 0.120313 0.017188 0.034375
0 0.698438 0.101562 0.018750 0.034375
0 0.671094 0.172656 0.020313 0.032813
0 0.649219 0.142187 0.014063 0.034375
0 0.591406 0.224219 0.026563 0.045313
0 0.633594 0.228906 0.023438 0.045313
0 0.643750 0.192188 0.021875 0.040625
0 0.678906 0.211719 0.020313 0.039062
0 0.684375 0.251563 0.031250 0.050000
0 0.696875 0.311719 0.037500 0.076563
0 0.761719 0.350000 0.029688 0.068750
0 0.790625 0.289062 0.028125 0.059375
0 0.760938 0.242188 0.031250 0.059375
0 0.732031 0.221875 0.023438 0.050000
0 0.715625 0.181250 0.021875 0.046875
0 0.727344 0.141406 0.017188 0.039062
0 0.728125 0.174219 0.018750 0.032813
0 0.749219 0.188281 0.017188 0.039062
0 0.744531 0.130469 0.014063 0.029688
0 0.762500 0.121875 0.012500 0.037500
0 0.777344 0.140625 0.014063 0.034375
0 0.783594 0.156250 0.014063 0.031250
0 0.798438 0.124219 0.015625 0.032813
0 0.809375 0.129688 0.015625 0.037500
0 0.839844 0.157813 0.014063 0.037500
0 0.821875 0.175781 0.015625 0.039062
0 0.794531 0.203906 0.017188 0.039062
0 0.810156 0.200000 0.023438 0.040625
0 0.825781 0.249219 0.020313 0.045313
0 0.842188 0.223438 0.021875 0.040625
0 0.915625 0.342969 0.034375 0.076563
0 0.891406 0.228125 0.020313 0.046875
0 0.925000 0.258594 0.021875 0.054688
0 0.940625 0.220313 0.018750 0.043750
0 0.929688 0.195312 0.015625 0.043750
0 0.942969 0.182813 0.017188 0.043750
0 0.905469 0.182813 0.020313 0.046875
0 0.864844 0.170313 0.017188 0.037500
