0 0.062500 0.314063 0.037500 0.059375
0 0.134375 0.308594 0.037500 0.051563
0 0.158594 0.317188 0.029688 0.053125
0 0.193750 0.284375 0.031250 0.043750
0 0.229688 0.276562 0.028125 0.043750
0 0.057031 0.664844 0.104688 0.126562
0 0.322656 0.646875 0.095313 0.118750
0 0.392188 0.521094 0.075000 0.098438
0 0.396094 0.446094 0.060938 0.085938
0 0.337500 0.406250 0.062500 0.075000
0 0.393750 0.285938 0.040625 0.062500
0 0.496875 0.230469 0.034375 0.045313
0 0.446094 0.372656 0.035938 0.054688
0 0.545312 0.521094 0.087500 0.101562
0 0.539844 0.373438 0.032813 0.046875
0 0.625781 0.319531 0.032813 0.048438
0 0.565625 0.339063 0.028125 0.043750
0 0.670313 0.386719 0.043750 0.057813
0 0.701563 0.438281 0.050000 0.073438
0 0.774219 0.504688 0.064063 0.075000
0 0.835156 0.595313 0.082813 0.128125
0 0.571094 0.873438 0.135938 0.131250
0 0.833594 0.303906 0.035938 0.045313
0 0.960156 0.353125 0.051563 0.068750
