0 0.075781 0.525000 0.045313 0.056250
0 0.160938 0.489063 0.037500 0.046875
0 0.282031 0.482813 0.039062 0.050000
0 0.298438 0.517188 0.040625 0.062500
0 0.393750 0.470313 0.025000 0.050000
0 0.414844 0.492969 0.035938 0.048438
0 0.438281 0.543750 0.048438 0.075000
0 0.453125 0.512500 0.040625 0.062500
0 0.488281 0.477344 0.026563 0.045313
0 0.493750 0.453906 0.025000 0.032813
0 0.542188 0.481250 0.037500 0.046875
0 0.569531 0.502344 0.039062 0.054688
0 0.551563 0.439063 0.025000 0.040625
0 0.582031 0.435156 0.017188 0.026563
0 0.615625 0.456250 0.028125 0.050000
0 0.639063 0.477344 0.025000 0.039062
0 0.640625 0.433594 0.021875 0.035938
0 0.662500 0.435156 0.018750 0.026563
0 0.683594 0.449219 0.026563 0.042188
0 0.710938 0.454688 0.021875 0.037500
0 0.739844 0.438281 0.023438 0.035938
0 0.763281 0.424219 0.020313 0.026563
0 0.828125 0.496875 0.056250 0.068750
0 0.853125 0.471875 0.040625 0.056250
0 0.884375 0.440625 0.025000 0.046875
0 0.903906 0.418750 0.026563 0.046875
0 0.965625 0.502344 0.050000 0.073438
0 0.951563 0.451563 0.034375 0.053125
0 0.944531 0.415625 0.023438 0.034375
