0 0.073438 0.546875 0.053125 0.090625
0 0.221094 0.340625 0.017188 0.031250
0 0.252344 0.364844 0.023438 0.042188
0 0.285938 0.359375 0.021875 0.040625
0 0.286719 0.302344 0.017188 0.032813
0 0.336719 0.355469 0.020313 0.048438
0 0.350000 0.323438 0.015625 0.034375
0 0.354688 0.292187 0.015625 0.034375
0 0.391406 0.264063 0.014063 0.031250
0 0.403125 0.276562 0.015625 0.031250
0 0.408594 0.291406 0.014063 0.032813
0 0.409375 0.332031 0.018750 0.039062
0 0.384375 0.320312 0.021875 0.037500
0 0.446094 0.339063 0.020313 0.037500
0 0.437500 0.300781 0.018750 0.039062
0 0.461719 0.308594 0.023438 0.039062
0 0.422656 0.245313 0.014063 0.025000
0 0.448438 0.257031 0.012500 0.032813
0 0.450781 0.245313 0.014063 0.028125
0 0.467188 0.232813 0.012500 0.021875
0 0.473438 0.259375 0.015625 0.028125
0 0.496875 0.257812 0.015625 0.028125
0 0.505469 0.245313 0.010938 0.025000
0 0.517188 0.240625 0.015625 0.028125
0 0.522656 0.264844 0.017188 0.035938
0 0.505469 0.312500 0.020313 0.037500
0 0.543750 0.240625 0.012500 0.028125
0 0.552344 0.220313 0.010938 0.021875
0 0.567188 0.235156 0.012500 0.026563
0 0.568750 0.217188 0.015625 0.021875
0 0.562500 0.257812 0.015625 0.028125
0 0.552344 0.272656 0.014063 0.029688
0 0.594531 0.217188 0.010938 0.025000
0 0.596094 0.247656 0.014063 0.026563
0 0.606250 0.203906 0.009375 0.023438
0 0.620313 0.209375 0.012500 0.025000
0 0.629688 0.237500 0.012500 0.028125
0 0.642188 0.213281 0.012500 0.023438
0 0.462500 0.405469 0.031250 0.057813
0 0.535156 0.394531 0.026563 0.048438
0 0.555469 0.345313 0.020313 0.046875
0 0.593750 0.311719 0.018750 0.039062
0 0.574219 0.423438 0.032813 0.068750
0 0.578125 0.407031 0.028125 0.048438
0 0.632812 0.450000 0.034375 0.062500
0 0.625000 0.289062 0.015625 0.037500
0 0.663281 0.225781 0.010938 0.026563
0 0.672656 0.224219 0.014063 0.026563
0 0.667969 0.259375 0.014063 0.034375
0 0.696875 0.253125 0.012500 0.034375
0 0.712500 0.276562 0.015625 0.034375
0 0.722656 0.260156 0.014063 0.035938
0 0.728125 0.240625 0.012500 0.028125
0 0.735938 0.232813 0.015625 0.025000
0 0.648438 0.325781 0.021875 0.039062
0 0.657813 0.355469 0.025000 0.051563
0 0.678125 0.342188 0.025000 0.050000
0 0.734375 0.400000 0.028125 0.050000
0 0.777344 0.402344 0.023438 0.048438
0 0.767188 0.229688 0.015625 0.034375
0 0.788281 0.257031 0.014063 0.023438
0 0.762500 0.260937 0.015625 0.034375
0 0.785938 0.296094 0.015625 0.039062
0 0.742188 0.278125 0.018750 0.040625
0 0.749219 0.259375 0.010938 0.031250
0 0.812500 0.271875 0.015625 0.034375
0 0.825000 0.257812 0.009375 0.025000
0 0.837500 0.272656 0.012500 0.035938
0 0.848438 0.268750 0.012500 0.037500
0 0.859375 0.257812 0.009375 0.034375
0 0.878906 0.278125 0.010938 0.031250
0 0.921875 0.259375 0.012500 0.034375
0 0.915625 0.303125 0.012500 0.031250
0 0.910156 0.337500 0.020313 0.037500
0 0.910938 0.350781 0.018750 0.045313
0 0.907031 0.389844 0.020313 0.051563
0 0.876563 0.321875 0.015625 0.037500
0 0.828906 0.307813 0.017188 0.034375
0 0.803906 0.328125 0.017188 0.037500
0 0.861719 0.355469 0.020313 0.048438
0 0.846875 0.367969 0.021875 0.051563
0 0.796094 0.369531 0.020313 0.051563
0 0.830469 0.439844 0.023438 0.054688
0 0.892969 0.457813 0.023438 0.059375
0 0.707031 0.475781 0.032813 0.079688
0 0.791406 0.521094 0.032813 0.076563
