0 0.061719 0.350781 0.048438 0.073438
0 0.138281 0.386719 0.032813 0.060938
0 0.129688 0.338281 0.037500 0.060938
0 0.199219 0.401563 0.048438 0.100000
0 0.227344 0.378125 0.039062 0.084375
0 0.283594 0.361719 0.039062 0.076563
0 0.254688 0.322656 0.021875 0.048438
0 0.341406 0.370313 0.057813 0.100000
0 0.372656 0.347656 0.023438 0.054688
0 0.383594 0.325781 0.017188 0.042188
0 0.412500 0.371094 0.046875 0.082813
0 0.457813 0.382812 0.040625 0.081250
0 0.452344 0.316406 0.023438 0.051563
0 0.525000 0.330469 0.034375 0.064063
0 0.505469 0.333594 0.014063 0.045313
0 0.478906 0.332031 0.017188 0.042188
0 0.420313 0.332813 0.012500 0.037500
0 0.408594 0.322656 0.017188 0.042188
0 0.555469 0.329688 0.017188 0.037500
0 0.572656 0.324219 0.026563 0.057813
0 0.596094 0.332031 0.020313 0.042188
0 0.649219 0.375000 0.057813 0.121875
0 0.689844 0.343750 0.032813 0.087500
0 0.717969 0.332031 0.017188 0.048438
0 0.747656 0.328906 0.020313 0.042188
0 0.879688 0.232813 0.034375 0.071875
