0 0.064844 0.485156 0.060938 0.114063
0 0.115625 0.417188 0.056250 0.084375
0 0.142187 0.387500 0.037500 0.071875
0 0.188281 0.346875 0.035938 0.065625
0 0.099219 0.346875 0.032813 0.062500
0 0.071094 0.345313 0.035938 0.059375
0 0.026563 0.328125 0.037500 0.053125
0 0.353125 0.467188 0.046875 0.078125
0 0.396094 0.552344 0.079688 0.123438
0 0.460938 0.617969 0.100000 0.185938
0 0.480469 0.524219 0.060938 0.107813
0 0.463281 0.447656 0.048438 0.082813
0 0.442188 0.412500 0.031250 0.068750
0 0.330469 0.422656 0.042188 0.070312
0 0.317188 0.360938 0.028125 0.056250
0 0.342969 0.363281 0.029688 0.057813
0 0.367969 0.403906 0.032813 0.067187
0 0.409375 0.394531 0.031250 0.060938
0 0.348438 0.297656 0.028125 0.064063
0 0.467969 0.378125 0.026563 0.046875
0 0.486719 0.396875 0.023438 0.053125
0 0.523438 0.431250 0.037500 0.081250
0 0.524219 0.390625 0.029688 0.059375
0 0.549219 0.406250 0.026563 0.056250
0 0.573438 0.469531 0.040625 0.089063
0 0.617969 0.548438 0.073438 0.131250
0 0.690625 0.650000 0.081250 0.159375
0 0.625781 0.880469 0.160938 0.232813
0 0.919531 0.692188 0.107813 0.190625
0 0.835156 0.570312 0.070312 0.128125
0 0.794531 0.469531 0.048438 0.079688
0 0.796875 0.419531 0.037500 0.073438
0 0.739063 0.448438 0.037500 0.068750
0 0.732813 0.547656 0.050000 0.095313
0 0.698438 0.488281 0.040625 0.076563
0 0.642188 0.463281 0.037500 0.067187
0 0.607031 0.439844 0.035938 0.057813
0 0.619531 0.382812 0.039062 0.053125
0 0.656250 0.408594 0.031250 0.054688
0 0.687500 0.400000 0.028125 0.068750
0 0.716406 0.406250 0.026563 0.050000
0 0.863281 0.445312 0.039062 0.068750
0 0.924219 0.460938 0.029688 0.068750
0 0.951563 0.496875 0.040625 0.062500
