0 0.314063 0.370313 0.050000 0.081250
0 0.184375 0.582031 0.053125 0.104688
0 0.232813 0.609375 0.050000 0.100000
0 0.261719 0.799219 0.095313 0.185938
0 0.157031 0.728125 0.089063 0.159375
0 0.074219 0.649219 0.070312 0.132812
0 0.038281 0.710156 0.060938 0.129688
0 0.310938 0.618750 0.059375 0.118750
0 0.371875 0.723438 0.087500 0.143750
0 0.440625 0.672656 0.065625 0.139063
0 0.525781 0.845313 0.104688 0.206250
0 0.579688 0.757031 0.084375 0.148438
0 0.546094 0.601562 0.054688 0.106250
0 0.633594 0.615625 0.057813 0.100000
0 0.641406 0.554688 0.054688 0.106250
0 0.788281 0.610938 0.054688 0.118750
0 0.777344 0.570312 0.051563 0.100000
0 0.855469 0.888281 0.139063 0.220313
0 0.905469 0.377344 0.120313 0.226562
