1 0.939063 0.204688 0.053125 0.209375
1 0.869531 0.214063 0.048438 0.196875
1 0.844531 0.143750 0.035938 0.150000
1 0.805469 0.235156 0.042188 0.207813
1 0.331250 0.238281 0.034375 0.142187
1 0.336719 0.125000 0.029688 0.115625
1 0.444531 0.175000 0.029688 0.156250
1 0.483594 0.176563 0.032813 0.153125
1 0.539844 0.200781 0.029688 0.142187
1 0.568750 0.209375 0.031250 0.168750
1 0.600781 0.171094 0.032813 0.148438
1 0.641406 0.230469 0.039062 0.176563
1 0.685938 0.181250 0.034375 0.162500
1 0.703906 0.293750 0.035938 0.175000
1 0.738281 0.193750 0.039062 0.168750
1 0.775000 0.209375 0.040625 0.178125
1 0.397656 0.213281 0.032813 0.135938
1 0.286719 0.204688 0.032813 0.128125
1 0.264063 0.260937 0.043750 0.168750
1 0.199219 0.228125 0.035938 0.162500
1 0.169531 0.191406 0.032813 0.160938
1 0.135938 0.209375 0.043750 0.193750
1 0.065625 0.218750 0.046875 0.215625
