0 0.900000 0.133594 0.009375 0.026563
0 0.924219 0.159375 0.007812 0.025000
0 0.928906 0.159375 0.010938 0.031250
0 0.917188 0.192969 0.012500 0.035938
0 0.914062 0.281250 0.018750 0.053125
0 0.888281 0.179688 0.010938 0.034375
0 0.878906 0.201563 0.017188 0.040625
0 0.867969 0.217188 0.017188 0.037500
0 0.860156 0.140625 0.010938 0.028125
0 0.845313 0.156250 0.012500 0.034375
0 0.839844 0.183594 0.014063 0.042188
0 0.825000 0.145313 0.012500 0.034375
0 0.810156 0.168750 0.014063 0.031250
0 0.804688 0.131250 0.009375 0.025000
0 0.785938 0.121094 0.009375 0.026563
0 0.791406 0.142969 0.010938 0.029688
0 0.792188 0.188281 0.015625 0.039062
0 0.777344 0.136719 0.010938 0.032813
0 0.763281 0.163281 0.014063 0.042188
0 0.697656 0.100781 0.010938 0.026563
0 0.745313 0.114844 0.012500 0.029688
0 0.737500 0.121875 0.012500 0.031250
0 0.739844 0.142969 0.014063 0.029688
0 0.754688 0.226562 0.018750 0.043750
0 0.735156 0.194531 0.014063 0.035938
0 0.700000 0.217969 0.018750 0.048438
0 0.692188 0.176563 0.015625 0.040625
0 0.682031 0.162500 0.014063 0.034375
0 0.661719 0.127344 0.010938 0.029688
0 0.705469 0.149219 0.014063 0.039062
0 0.640625 0.190625 0.018750 0.037500
0 0.659375 0.210938 0.018750 0.040625
0 0.655469 0.264063 0.020313 0.053125
0 0.598438 0.222656 0.018750 0.039062
0 0.601562 0.268750 0.021875 0.046875
0 0.671875 0.329688 0.025000 0.062500
0 0.603125 0.325781 0.025000 0.051563
0 0.714063 0.284375 0.021875 0.050000
0 0.778125 0.297656 0.025000 0.057813
0 0.637500 0.107031 0.009375 0.026563
0 0.638281 0.128125 0.010938 0.025000
0 0.619531 0.113281 0.010938 0.020313
0 0.596875 0.113281 0.009375 0.026563
0 0.565625 0.114844 0.009375 0.020313
0 0.581250 0.125781 0.009375 0.023438
0 0.581250 0.160156 0.012500 0.032813
0 0.532031 0.134375 0.010938 0.025000
0 0.525000 0.146094 0.012500 0.032813
0 0.539062 0.165625 0.015625 0.031250
0 0.551563 0.149219 0.012500 0.032813
0 0.522656 0.215625 0.017188 0.037500
0 0.566406 0.253125 0.020313 0.050000
0 0.554688 0.292969 0.021875 0.054688
0 0.504688 0.175000 0.015625 0.034375
0 0.484375 0.135938 0.009375 0.025000
0 0.469531 0.164062 0.010938 0.034375
0 0.489844 0.203906 0.014063 0.032813
0 0.451563 0.174219 0.012500 0.029688
0 0.465625 0.196875 0.015625 0.034375
0 0.471875 0.225781 0.018750 0.042188
0 0.478125 0.309375 0.018750 0.050000
0 0.448438 0.159375 0.012500 0.021875
0 0.445312 0.222656 0.015625 0.035938
0 0.436719 0.207031 0.014063 0.029688
0 0.427344 0.178125 0.010938 0.025000
0 0.417188 0.220313 0.015625 0.034375
0 0.382031 0.203906 0.010938 0.029688
0 0.375781 0.225000 0.014063 0.037500
0 0.405469 0.293750 0.017188 0.050000
0 0.342969 0.231250 0.014063 0.034375
0 0.352344 0.237500 0.014063 0.028125
0 0.337500 0.277344 0.015625 0.039062
0 0.307813 0.234375 0.012500 0.025000
0 0.256250 0.276562 0.012500 0.025000
0 0.296875 0.265625 0.015625 0.034375
0 0.317188 0.269531 0.015625 0.039062
0 0.048438 0.401563 0.028125 0.068750
