0 0.059375 0.414844 0.037500 0.085938
0 0.103906 0.407813 0.039062 0.087500
0 0.231250 0.329688 0.025000 0.053125
0 0.317969 0.210156 0.017188 0.029688
0 0.334375 0.217969 0.018750 0.032813
0 0.350781 0.221094 0.020313 0.042188
0 0.382812 0.196094 0.015625 0.026563
0 0.432813 0.209375 0.021875 0.040625
0 0.557813 0.142969 0.021875 0.039062
0 0.601562 0.067187 0.012500 0.025000
0 0.705469 0.072656 0.010938 0.029688
0 0.652344 0.135156 0.017188 0.032813
0 0.639844 0.152344 0.020313 0.029688
0 0.618750 0.192188 0.015625 0.034375
0 0.700000 0.182031 0.015625 0.032813
0 0.678125 0.250781 0.018750 0.035938
0 0.594531 0.284375 0.029688 0.046875
0 0.526563 0.291406 0.025000 0.051563
0 0.509375 0.271094 0.025000 0.048438
