0 0.061719 0.282031 0.026563 0.054688
0 0.286719 0.210156 0.017188 0.029688
0 0.314844 0.214063 0.014063 0.031250
0 0.321875 0.221875 0.015625 0.034375
0 0.347656 0.215625 0.017188 0.040625
0 0.381250 0.228125 0.018750 0.043750
0 0.407813 0.234375 0.018750 0.043750
0 0.425000 0.245313 0.018750 0.040625
0 0.448438 0.217188 0.018750 0.040625
0 0.436719 0.195312 0.017188 0.040625
0 0.415625 0.180469 0.015625 0.032813
0 0.375000 0.202344 0.012500 0.026563
0 0.366406 0.181250 0.014063 0.031250
0 0.345313 0.171875 0.015625 0.031250
0 0.378125 0.170313 0.012500 0.021875
0 0.432813 0.141406 0.009375 0.029688
0 0.439063 0.161719 0.015625 0.032813
0 0.454688 0.179688 0.012500 0.034375
0 0.414844 0.158594 0.014063 0.023438
0 0.477344 0.190625 0.020313 0.031250
0 0.491406 0.157813 0.014063 0.034375
0 0.484375 0.141406 0.012500 0.023438
0 0.500000 0.117188 0.012500 0.021875
0 0.514844 0.179688 0.017188 0.031250
0 0.508594 0.143750 0.014063 0.031250
0 0.526563 0.121094 0.015625 0.023438
0 0.535156 0.148438 0.014063 0.034375
0 0.549219 0.156250 0.014063 0.031250
0 0.558594 0.179688 0.017188 0.037500
0 0.554688 0.119531 0.012500 0.026563
0 0.576562 0.141406 0.009375 0.029688
0 0.599219 0.153125 0.017188 0.034375
0 0.596875 0.107813 0.012500 0.031250
0 0.615625 0.126562 0.009375 0.025000
0 0.625000 0.129688 0.012500 0.031250
0 0.642969 0.150000 0.014063 0.034375
0 0.651563 0.142187 0.012500 0.034375
0 0.650781 0.105469 0.014063 0.029688
0 0.621875 0.100000 0.012500 0.025000
0 0.682031 0.115625 0.014063 0.034375
0 0.693750 0.104688 0.009375 0.025000
0 0.712500 0.103906 0.012500 0.026563
0 0.643750 0.185938 0.021875 0.040625
0 0.589844 0.221875 0.026563 0.046875
0 0.619531 0.242969 0.026563 0.051563
0 0.660156 0.196875 0.017188 0.037500
0 0.698438 0.257812 0.025000 0.050000
0 0.698438 0.232031 0.021875 0.039062
0 0.712500 0.336719 0.031250 0.067187
0 0.753906 0.363281 0.032813 0.064063
0 0.803125 0.288281 0.028125 0.057813
0 0.761719 0.236719 0.023438 0.045313
0 0.735938 0.226562 0.018750 0.050000
0 0.716406 0.177344 0.017188 0.035938
0 0.734375 0.142187 0.015625 0.034375
0 0.734375 0.175000 0.015625 0.031250
0 0.757031 0.188281 0.017188 0.039062
0 0.754688 0.132812 0.012500 0.031250
0 0.767188 0.126562 0.012500 0.028125
0 0.789062 0.138281 0.012500 0.029688
0 0.803125 0.136719 0.012500 0.020313
0 0.795313 0.162500 0.015625 0.028125
0 0.792188 0.192188 0.015625 0.040625
0 0.813281 0.210938 0.017188 0.028125
0 0.828906 0.175000 0.017188 0.034375
0 0.835938 0.136719 0.015625 0.026563
0 0.846094 0.150000 0.014063 0.028125
0 0.852344 0.145313 0.010938 0.028125
0 0.865625 0.171094 0.015625 0.032813
0 0.856250 0.208594 0.015625 0.039062
0 0.843750 0.214063 0.018750 0.037500
0 0.826563 0.245313 0.021875 0.040625
0 0.908594 0.332031 0.026563 0.057813
0 0.890625 0.239844 0.018750 0.048438
0 0.896875 0.219531 0.018750 0.035938
0 0.900781 0.176563 0.017188 0.034375
0 0.910938 0.152344 0.012500 0.032813
0 0.931250 0.215625 0.015625 0.040625
0 0.933594 0.264063 0.023438 0.043750
0 0.941406 0.179688 0.014063 0.028125
