0 0.068750 0.392969 0.056250 0.079688
0 0.117969 0.481250 0.073438 0.100000
0 0.105469 0.347656 0.032813 0.048438
0 0.180469 0.328906 0.032813 0.045313
0 0.202344 0.338281 0.032813 0.057813
0 0.257812 0.366406 0.040625 0.051563
0 0.277344 0.358594 0.035938 0.060938
0 0.370313 0.540625 0.115625 0.181250
0 0.402344 0.880469 0.229688 0.198438
0 0.347656 0.358594 0.042188 0.067187
0 0.381250 0.346875 0.028125 0.050000
0 0.407031 0.372656 0.054688 0.079688
0 0.449219 0.317188 0.026563 0.040625
0 0.489844 0.366406 0.045313 0.064063
0 0.523438 0.340625 0.028125 0.050000
0 0.551563 0.413281 0.062500 0.079688
0 0.585938 0.347656 0.037500 0.048438
0 0.628125 0.341406 0.031250 0.057813
0 0.643750 0.398438 0.050000 0.071875
0 0.698438 0.357031 0.037500 0.048438
0 0.753906 0.371875 0.042188 0.056250
0 0.735156 0.669531 0.157813 0.235938
0 0.809375 0.427344 0.081250 0.107813
0 0.901563 0.419531 0.078125 0.098438
0 0.946094 0.372656 0.045313 0.070312
0 0.871875 0.374219 0.046875 0.064063
