0 0.194531 0.408594 0.048438 0.085938
0 0.262500 0.267188 0.018750 0.031250
0 0.300000 0.241406 0.025000 0.042188
0 0.325781 0.208594 0.017188 0.039062
0 0.324219 0.248438 0.020313 0.031250
0 0.353906 0.255469 0.023438 0.035938
0 0.386719 0.253906 0.017188 0.042188
0 0.381250 0.200781 0.015625 0.039062
0 0.406250 0.170313 0.012500 0.025000
0 0.434375 0.157813 0.015625 0.034375
0 0.464844 0.140625 0.014063 0.028125
0 0.463281 0.164062 0.017188 0.037500
0 0.481250 0.128125 0.012500 0.028125
0 0.506250 0.121094 0.012500 0.023438
0 0.522656 0.129688 0.014063 0.031250
0 0.417969 0.180469 0.010938 0.032813
0 0.429688 0.241406 0.018750 0.032813
0 0.414062 0.277344 0.021875 0.042188
0 0.481250 0.211719 0.018750 0.039062
0 0.496094 0.186719 0.014063 0.039062
0 0.558594 0.139063 0.014063 0.034375
0 0.527344 0.200781 0.020313 0.035938
0 0.571094 0.169531 0.017188 0.035938
0 0.581250 0.132031 0.015625 0.029688
0 0.585938 0.146875 0.015625 0.031250
0 0.600000 0.107031 0.018750 0.029688
0 0.621094 0.111719 0.014063 0.029688
0 0.642188 0.112500 0.015625 0.034375
0 0.614844 0.151563 0.014063 0.025000
0 0.631250 0.147656 0.018750 0.039062
0 0.664844 0.120313 0.014063 0.031250
0 0.502344 0.282031 0.026563 0.054688
0 0.548438 0.302344 0.028125 0.051563
0 0.581250 0.239844 0.021875 0.045313
0 0.607813 0.252344 0.031250 0.054688
0 0.627344 0.205469 0.017188 0.054688
0 0.656250 0.197656 0.025000 0.054688
0 0.655469 0.153906 0.020313 0.039062
0 0.694531 0.146094 0.017188 0.039062
0 0.767188 0.126562 0.012500 0.034375
0 0.796875 0.125781 0.015625 0.035938
0 0.728125 0.153906 0.018750 0.039062
0 0.746094 0.148438 0.017188 0.043750
0 0.760156 0.169531 0.017188 0.035938
0 0.792188 0.182031 0.018750 0.045313
0 0.806250 0.170313 0.015625 0.040625
0 0.836719 0.134375 0.017188 0.043750
0 0.867969 0.138281 0.014063 0.032813
0 0.700000 0.214844 0.021875 0.045313
0 0.666406 0.242969 0.023438 0.054688
0 0.675781 0.292187 0.026563 0.071875
0 0.721094 0.253906 0.026563 0.054688
0 0.742969 0.326563 0.035938 0.084375
0 0.773438 0.283594 0.025000 0.054688
0 0.845313 0.178906 0.018750 0.039062
0 0.890625 0.193750 0.018750 0.046875
0 0.819531 0.226562 0.020313 0.046875
0 0.839063 0.219531 0.018750 0.039062
0 0.871875 0.250000 0.018750 0.056250
0 0.912500 0.265625 0.028125 0.046875
0 0.338281 0.217969 0.017188 0.039062
0 0.713281 0.188281 0.029688 0.051563
0 0.746094 0.240625 0.017188 0.040625
0 0.741406 0.198438 0.020313 0.040625
