0 0.112500 0.715625 0.050000 0.150000
0 0.196094 0.827344 0.098438 0.232813
0 0.318750 0.611719 0.034375 0.098438
0 0.402344 0.644531 0.042188 0.132812
0 0.378906 0.584375 0.035938 0.087500
0 0.209375 0.571094 0.025000 0.057813
0 0.231250 0.572656 0.015625 0.045313
0 0.278125 0.574219 0.015625 0.042188
0 0.410156 0.439063 0.014063 0.028125
0 0.434375 0.426563 0.009375 0.037500
0 0.457031 0.421094 0.014063 0.032813
0 0.481250 0.410938 0.015625 0.037500
0 0.532031 0.496094 0.017188 0.057813
0 0.510938 0.503906 0.012500 0.042188
0 0.493750 0.514062 0.015625 0.037500
0 0.578906 0.456250 0.014063 0.062500
0 0.723438 0.477344 0.025000 0.070312
0 0.771094 0.450781 0.029688 0.057813
0 0.764844 0.517969 0.045313 0.104688
0 0.895313 0.416406 0.037500 0.092188
0 0.928125 0.357031 0.028125 0.070312
0 0.910938 0.331250 0.025000 0.078125
0 0.925000 0.257031 0.021875 0.054688
0 0.983594 0.418750 0.032813 0.112500
0 0.874219 0.205469 0.014063 0.032813
