0 0.067187 0.414062 0.034375 0.062500
0 0.573438 0.125781 0.015625 0.035938
0 0.600781 0.121875 0.014063 0.025000
0 0.625000 0.117188 0.015625 0.028125
0 0.639063 0.118750 0.009375 0.025000
0 0.685938 0.127344 0.012500 0.026563
0 0.718750 0.135938 0.015625 0.034375
0 0.742969 0.117969 0.020313 0.029688
0 0.775000 0.127344 0.018750 0.035938
0 0.817969 0.128906 0.014063 0.029688
0 0.463281 0.136719 0.020313 0.029688
0 0.490625 0.135938 0.012500 0.031250
0 0.867188 0.153125 0.015625 0.037500
0 0.889844 0.166406 0.014063 0.039062
0 0.906250 0.153125 0.015625 0.037500
0 0.500781 0.150781 0.014063 0.039062
0 0.534375 0.167188 0.025000 0.040625
0 0.577344 0.175000 0.020313 0.034375
0 0.658594 0.182031 0.020313 0.039062
0 0.639063 0.201563 0.018750 0.043750
0 0.696094 0.178906 0.020313 0.048438
0 0.727344 0.170313 0.017188 0.037500
0 0.766406 0.173438 0.020313 0.040625
0 0.789844 0.148438 0.017188 0.031250
0 0.808594 0.163281 0.017188 0.039062
0 0.834375 0.146875 0.012500 0.025000
0 0.850000 0.179688 0.015625 0.046875
0 0.835938 0.216406 0.021875 0.039062
0 0.906250 0.217969 0.025000 0.045313
0 0.781250 0.201563 0.021875 0.043750
0 0.937500 0.226562 0.018750 0.043750
0 0.931250 0.260156 0.021875 0.054688
0 0.871875 0.250781 0.021875 0.045313
0 0.730469 0.215625 0.026563 0.040625
0 0.378125 0.188281 0.009375 0.039062
0 0.393750 0.190625 0.015625 0.040625
0 0.414062 0.195312 0.018750 0.043750
0 0.442188 0.196875 0.015625 0.040625
0 0.484375 0.220313 0.015625 0.031250
0 0.535156 0.210938 0.020313 0.034375
0 0.564063 0.244531 0.025000 0.057813
0 0.634375 0.247656 0.021875 0.048438
0 0.685938 0.246875 0.025000 0.053125
0 0.767188 0.246875 0.028125 0.062500
0 0.728906 0.277344 0.026563 0.057813
0 0.784375 0.271094 0.028125 0.048438
0 0.843750 0.284375 0.021875 0.043750
0 0.330469 0.211719 0.014063 0.029688
0 0.340625 0.226562 0.018750 0.034375
0 0.610938 0.307813 0.025000 0.056250
0 0.553125 0.304688 0.025000 0.059375
0 0.512500 0.295313 0.018750 0.046875
0 0.360156 0.262500 0.017188 0.040625
0 0.364063 0.300781 0.021875 0.042188
0 0.423438 0.248438 0.018750 0.040625
0 0.287500 0.263281 0.015625 0.029688
0 0.267188 0.267969 0.021875 0.035938
0 0.341406 0.259375 0.020313 0.037500
0 0.367969 0.218750 0.017188 0.037500
0 0.592969 0.146875 0.014063 0.034375
0 0.616406 0.142187 0.014063 0.025000
0 0.754688 0.138281 0.018750 0.039062
0 0.669531 0.206250 0.023438 0.043750
0 0.471875 0.200781 0.021875 0.042188
0 0.481250 0.164062 0.015625 0.037500
0 0.404688 0.217969 0.018750 0.045313
