0 0.119531 0.530469 0.042188 0.070312
0 0.221094 0.343750 0.017188 0.034375
0 0.250781 0.364844 0.020313 0.045313
0 0.285938 0.363281 0.018750 0.045313
0 0.278906 0.314844 0.017188 0.032813
0 0.332031 0.351562 0.023438 0.046875
0 0.374219 0.342188 0.017188 0.034375
0 0.403906 0.341406 0.017188 0.035938
0 0.346875 0.301563 0.018750 0.034375
0 0.403125 0.306250 0.015625 0.028125
0 0.445312 0.353125 0.021875 0.037500
0 0.385938 0.267969 0.012500 0.032813
0 0.422656 0.258594 0.014063 0.023438
0 0.457031 0.285156 0.017188 0.029688
0 0.450781 0.259375 0.014063 0.025000
0 0.464844 0.236719 0.010938 0.017188
0 0.460156 0.253906 0.010938 0.023438
0 0.500781 0.327344 0.023438 0.035938
0 0.467188 0.316406 0.021875 0.032813
0 0.518750 0.285938 0.021875 0.031250
0 0.501563 0.275781 0.015625 0.026563
0 0.549219 0.252344 0.014063 0.032813
0 0.568750 0.282031 0.015625 0.035938
0 0.582031 0.271094 0.014063 0.032813
0 0.557031 0.224219 0.014063 0.023438
0 0.575000 0.216406 0.015625 0.029688
0 0.609375 0.206250 0.015625 0.028125
0 0.625781 0.221094 0.014063 0.026563
0 0.641406 0.228125 0.017188 0.028125
0 0.640625 0.257812 0.018750 0.025000
0 0.600781 0.254688 0.014063 0.025000
0 0.669531 0.217188 0.014063 0.025000
0 0.700000 0.222656 0.015625 0.032813
0 0.676563 0.234375 0.012500 0.028125
0 0.705469 0.259375 0.020313 0.037500
0 0.669531 0.285156 0.020313 0.032813
0 0.634375 0.313281 0.018750 0.035938
0 0.600781 0.335156 0.026563 0.048438
0 0.529687 0.381250 0.028125 0.046875
0 0.460938 0.425000 0.034375 0.059375
0 0.525781 0.441406 0.035938 0.054688
0 0.588281 0.451563 0.032813 0.065625
0 0.592187 0.389063 0.025000 0.050000
0 0.641406 0.367188 0.017188 0.040625
0 0.661719 0.375781 0.023438 0.051563
0 0.637500 0.480469 0.031250 0.070312
0 0.700000 0.547656 0.040625 0.079688
0 0.721875 0.417188 0.028125 0.059375
0 0.691406 0.371875 0.023438 0.040625
0 0.684375 0.319531 0.021875 0.045313
0 0.713281 0.300781 0.020313 0.039062
0 0.735156 0.251563 0.014063 0.031250
0 0.760938 0.236719 0.015625 0.032813
0 0.784375 0.245313 0.015625 0.037500
0 0.771875 0.283594 0.015625 0.035938
0 0.761719 0.266406 0.014063 0.023438
0 0.810938 0.249219 0.015625 0.039062
0 0.821875 0.303125 0.021875 0.031250
0 0.841406 0.259375 0.014063 0.031250
0 0.858594 0.283594 0.014063 0.042188
0 0.868750 0.275781 0.012500 0.039062
0 0.881250 0.263281 0.012500 0.029688
0 0.897656 0.282031 0.017188 0.042188
0 0.934375 0.306250 0.018750 0.040625
0 0.940625 0.285156 0.015625 0.029688
0 0.850000 0.328125 0.021875 0.037500
0 0.878906 0.318750 0.017188 0.034375
0 0.911719 0.340625 0.017188 0.043750
0 0.933594 0.366406 0.017188 0.048438
0 0.812500 0.362500 0.025000 0.062500
0 0.823438 0.334375 0.018750 0.028125
0 0.864063 0.377344 0.025000 0.045313
0 0.775781 0.440625 0.032813 0.059375
0 0.828125 0.521094 0.034375 0.076563
0 0.850781 0.471094 0.032813 0.054688
0 0.917188 0.489844 0.037500 0.073438
0 0.914062 0.443750 0.021875 0.040625
0 0.428906 0.316406 0.017188 0.039062
0 0.515625 0.257812 0.015625 0.025000
