0 0.167969 0.278906 0.026563 0.042188
0 0.272656 0.262500 0.020313 0.037500
0 0.284375 0.253906 0.018750 0.032813
0 0.310938 0.222656 0.018750 0.035938
0 0.338281 0.215625 0.017188 0.034375
0 0.325000 0.257812 0.025000 0.037500
0 0.317969 0.294531 0.020313 0.039062
0 0.312500 0.261719 0.018750 0.035938
0 0.363281 0.275000 0.023438 0.043750
0 0.381250 0.303125 0.025000 0.046875
0 0.396875 0.201563 0.021875 0.040625
0 0.412500 0.182031 0.015625 0.039062
0 0.415625 0.225000 0.025000 0.040625
0 0.442188 0.211719 0.021875 0.045313
0 0.479688 0.224219 0.025000 0.042188
0 0.466406 0.163281 0.014063 0.035938
0 0.458594 0.151563 0.017188 0.028125
0 0.475781 0.140625 0.014063 0.031250
0 0.535156 0.194531 0.020313 0.042188
0 0.528906 0.150000 0.020313 0.037500
0 0.564063 0.144531 0.015625 0.032813
0 0.585938 0.163281 0.018750 0.035938
0 0.615625 0.150781 0.015625 0.032813
0 0.617969 0.137500 0.017188 0.028125
0 0.585156 0.106250 0.017188 0.028125
0 0.495313 0.300781 0.021875 0.045313
0 0.540625 0.306250 0.028125 0.053125
0 0.579688 0.239844 0.028125 0.045313
0 0.606250 0.219531 0.025000 0.045313
0 0.617969 0.228125 0.023438 0.053125
0 0.647656 0.267969 0.023438 0.051563
0 0.657813 0.207031 0.018750 0.039062
0 0.639844 0.178125 0.020313 0.040625
0 0.631250 0.375781 0.031250 0.070312
0 0.745313 0.280469 0.031250 0.060938
0 0.764063 0.336719 0.031250 0.067187
0 0.795313 0.278906 0.028125 0.064063
0 0.803906 0.255469 0.023438 0.051563
0 0.847656 0.297656 0.029688 0.067187
0 0.858594 0.255469 0.029688 0.054688
0 0.903906 0.291406 0.023438 0.060938
0 0.703125 0.225781 0.021875 0.042188
0 0.678906 0.167188 0.017188 0.034375
0 0.717969 0.160156 0.020313 0.035938
0 0.733594 0.189063 0.020313 0.037500
0 0.742188 0.229688 0.018750 0.037500
0 0.769531 0.203906 0.017188 0.039062
0 0.818750 0.219531 0.021875 0.042188
0 0.839063 0.184375 0.015625 0.040625
0 0.878125 0.201563 0.018750 0.040625
0 0.857813 0.147656 0.012500 0.032813
0 0.814844 0.160156 0.014063 0.032813
0 0.800781 0.174219 0.017188 0.039062
0 0.792188 0.144531 0.015625 0.035938
0 0.775000 0.153906 0.015625 0.029688
0 0.764844 0.172656 0.017188 0.035938
0 0.755469 0.135938 0.017188 0.031250
