0 0.085156 0.808594 0.085938 0.157813
0 0.031250 0.728906 0.059375 0.129688
0 0.078906 0.653906 0.057813 0.117188
0 0.125781 0.667969 0.076563 0.123438
0 0.137500 0.591406 0.053125 0.073438
0 0.067187 0.575781 0.050000 0.073438
0 0.049219 0.457031 0.035938 0.064063
0 0.147656 0.523438 0.039062 0.062500
0 0.253906 0.635156 0.064063 0.104688
0 0.215625 0.638281 0.053125 0.110938
0 0.236719 0.721094 0.082813 0.123438
0 0.267188 0.903125 0.103125 0.165625
0 0.362500 0.797656 0.081250 0.142187
0 0.389063 0.394531 0.065625 0.123438
0 0.491406 0.408594 0.035938 0.079688
0 0.502344 0.596094 0.042188 0.095313
0 0.541406 0.582031 0.042188 0.092188
0 0.582813 0.547656 0.034375 0.067187
0 0.612500 0.613281 0.053125 0.110938
0 0.491406 0.848438 0.110938 0.193750
0 0.724219 0.653906 0.064063 0.110938
0 0.670313 0.585156 0.037500 0.073438
0 0.691406 0.572656 0.032813 0.060938
0 0.708594 0.432031 0.039062 0.064063
0 0.817188 0.475781 0.065625 0.114063
0 0.863281 0.427344 0.032813 0.060938
0 0.955469 0.425781 0.079688 0.151563
0 0.731250 0.874219 0.096875 0.145313
