0 0.117969 0.660938 0.076563 0.090625
0 0.101562 0.909375 0.175000 0.181250
0 0.044531 0.607813 0.054688 0.056250
0 0.020313 0.552344 0.031250 0.051563
0 0.142969 0.622656 0.048438 0.057813
0 0.135938 0.572656 0.037500 0.045313
0 0.163281 0.567188 0.029688 0.043750
0 0.220313 0.564844 0.028125 0.039062
0 0.225781 0.614844 0.051563 0.079688
0 0.253906 0.596094 0.029688 0.051563
0 0.294531 0.590625 0.051563 0.059375
0 0.306250 0.632031 0.050000 0.070312
0 0.360156 0.574219 0.032813 0.042188
0 0.345313 0.513281 0.028125 0.048438
0 0.377344 0.484375 0.023438 0.046875
0 0.404688 0.696094 0.081250 0.135938
0 0.454688 0.601562 0.043750 0.065625
0 0.417969 0.578906 0.035938 0.060938
0 0.539844 0.560937 0.039062 0.065625
0 0.546094 0.605469 0.035938 0.060938
0 0.564844 0.667188 0.057813 0.093750
0 0.489063 0.757031 0.093750 0.157813
0 0.617188 0.720313 0.090625 0.162500
0 0.614844 0.567969 0.042188 0.057813
0 0.591406 0.560156 0.032813 0.057813
0 0.679688 0.621094 0.056250 0.076563
0 0.689063 0.578125 0.037500 0.059375
0 0.757031 0.594531 0.045313 0.064063
0 0.792969 0.664062 0.064063 0.090625
0 0.831250 0.582031 0.037500 0.057813
0 0.814063 0.526563 0.028125 0.040625
0 0.896094 0.619531 0.057813 0.079688
0 0.876563 0.571094 0.043750 0.045313
0 0.932031 0.606250 0.045313 0.071875
0 0.967969 0.585938 0.045313 0.065625
0 0.988281 0.564063 0.023438 0.053125
