0 0.061719 0.498438 0.039062 0.078125
0 0.289062 0.233594 0.018750 0.032813
0 0.289062 0.264063 0.015625 0.037500
0 0.304688 0.264844 0.018750 0.039062
0 0.355469 0.260937 0.023438 0.037500
0 0.343750 0.210156 0.015625 0.032813
0 0.357031 0.209375 0.017188 0.037500
0 0.371094 0.221875 0.017188 0.037500
0 0.401563 0.280469 0.021875 0.042188
0 0.391406 0.275000 0.020313 0.053125
0 0.413281 0.213281 0.017188 0.035938
0 0.400000 0.179688 0.015625 0.034375
0 0.387500 0.184375 0.015625 0.037500
0 0.424219 0.189063 0.017188 0.034375
0 0.456250 0.177344 0.015625 0.035938
0 0.469531 0.222656 0.020313 0.045313
0 0.496094 0.221875 0.023438 0.040625
0 0.472656 0.157031 0.017188 0.035938
0 0.477344 0.136719 0.014063 0.026563
0 0.503906 0.157031 0.017188 0.032813
0 0.495313 0.126562 0.012500 0.021875
0 0.488281 0.179688 0.017188 0.037500
0 0.524219 0.180469 0.017188 0.035938
0 0.540625 0.194531 0.025000 0.042188
0 0.550000 0.157031 0.015625 0.032813
0 0.575000 0.139063 0.012500 0.031250
0 0.576562 0.110938 0.015625 0.031250
0 0.582031 0.163281 0.017188 0.029688
0 0.600781 0.116406 0.014063 0.032813
0 0.607813 0.134375 0.015625 0.025000
0 0.628125 0.115625 0.012500 0.031250
0 0.633594 0.135938 0.017188 0.031250
0 0.660938 0.119531 0.015625 0.035938
0 0.696875 0.114844 0.012500 0.029688
0 0.703906 0.141406 0.017188 0.035938
0 0.725781 0.139063 0.017188 0.037500
0 0.685938 0.169531 0.018750 0.029688
0 0.673438 0.200781 0.018750 0.039062
0 0.639063 0.199219 0.021875 0.048438
0 0.591406 0.220313 0.026563 0.053125
0 0.592187 0.282813 0.028125 0.056250
0 0.523438 0.291406 0.025000 0.048438
0 0.621875 0.256250 0.028125 0.056250
0 0.650000 0.300000 0.037500 0.059375
0 0.697656 0.247656 0.029688 0.054688
0 0.720313 0.212500 0.021875 0.043750
0 0.722656 0.175781 0.017188 0.035938
0 0.739844 0.168750 0.017188 0.034375
0 0.764844 0.186719 0.020313 0.042188
0 0.787500 0.197656 0.021875 0.045313
0 0.781250 0.157813 0.015625 0.031250
0 0.766406 0.141406 0.014063 0.026563
0 0.767969 0.111719 0.014063 0.029688
0 0.782031 0.121875 0.014063 0.031250
0 0.792188 0.136719 0.015625 0.035938
0 0.814063 0.159375 0.021875 0.034375
0 0.829688 0.122656 0.018750 0.029688
0 0.832813 0.144531 0.015625 0.029688
0 0.849219 0.144531 0.017188 0.029688
0 0.859375 0.175000 0.015625 0.034375
0 0.865625 0.155469 0.015625 0.035938
0 0.850000 0.208594 0.018750 0.042188
0 0.772656 0.253906 0.026563 0.048438
0 0.742188 0.282813 0.028125 0.062500
0 0.789062 0.298438 0.031250 0.053125
0 0.864063 0.289062 0.028125 0.053125
0 0.882812 0.228125 0.025000 0.050000
0 0.912500 0.208594 0.021875 0.042188
0 0.910156 0.167188 0.014063 0.034375
0 0.915625 0.149219 0.015625 0.026563
0 0.947656 0.234375 0.023438 0.040625
0 0.941406 0.277344 0.023438 0.054688
