0 0.071875 0.864063 0.125000 0.221875
0 0.107031 0.609375 0.054688 0.100000
0 0.169531 0.564063 0.048438 0.065625
0 0.225781 0.597656 0.064063 0.089063
0 0.297656 0.619531 0.054688 0.089063
0 0.303906 0.549219 0.039062 0.057813
0 0.335938 0.530469 0.031250 0.048438
0 0.352344 0.485938 0.026563 0.037500
0 0.366406 0.550781 0.029688 0.039062
0 0.384375 0.551563 0.034375 0.059375
0 0.410938 0.581250 0.050000 0.075000
0 0.402344 0.697656 0.098438 0.164062
0 0.472656 0.637500 0.057813 0.096875
0 0.474219 0.561719 0.045313 0.057813
0 0.517969 0.598438 0.054688 0.081250
0 0.553906 0.558594 0.032813 0.060938
0 0.626563 0.603906 0.065625 0.107813
0 0.578125 0.702344 0.100000 0.145313
0 0.439063 0.565625 0.031250 0.043750
0 0.918750 0.552344 0.037500 0.057813
0 0.949219 0.574219 0.048438 0.064063
0 0.984375 0.546875 0.031250 0.059375
