1 0.674219 0.450781 0.048438 0.076563
1 0.443750 0.465625 0.034375 0.065625
1 0.451563 0.304688 0.034375 0.062500
1 0.480469 0.286719 0.026563 0.045313
1 0.550781 0.295313 0.032813 0.056250
1 0.528125 0.289844 0.025000 0.057813
1 0.625000 0.287500 0.031250 0.050000
1 0.392188 0.319531 0.031250 0.057813
1 0.421094 0.324219 0.029688 0.051563
1 0.307813 0.299219 0.034375 0.057813
1 0.124219 0.328125 0.035938 0.059375
1 0.064844 0.338281 0.045313 0.064063
1 0.760156 0.278906 0.042188 0.073438
1 0.826563 0.301563 0.053125 0.075000
1 0.903906 0.287500 0.042188 0.068750
1 0.727344 0.305469 0.032813 0.057813
1 0.375781 0.301563 0.023438 0.040625
0 0.251563 0.330469 0.031250 0.054688
0 0.169531 0.339063 0.039062 0.053125
