0 0.175000 0.208594 0.021875 0.035938
0 0.185156 0.243750 0.020313 0.056250
0 0.202344 0.378906 0.045313 0.104688
0 0.291406 0.218750 0.023438 0.031250
0 0.303125 0.175781 0.018750 0.032813
0 0.392969 0.193750 0.014063 0.034375
0 0.405469 0.196875 0.017188 0.037500
0 0.417188 0.217188 0.021875 0.043750
0 0.567969 0.163281 0.026563 0.051563
0 0.609375 0.099219 0.009375 0.017188
0 0.656250 0.117188 0.015625 0.028125
0 0.753125 0.141406 0.015625 0.023438
0 0.768750 0.147656 0.012500 0.026563
0 0.821094 0.261719 0.020313 0.048438
0 0.867969 0.193750 0.014063 0.031250
0 0.939844 0.182813 0.014063 0.031250
0 0.889063 0.253906 0.018750 0.035938
0 0.919531 0.253125 0.017188 0.037500
