0 0.085938 0.481250 0.103125 0.206250
0 0.220313 0.314063 0.065625 0.146875
0 0.260156 0.232813 0.054688 0.115625
0 0.294531 0.184375 0.042188 0.090625
0 0.319531 0.145313 0.032813 0.075000
0 0.332031 0.098438 0.029688 0.062500
0 0.422656 0.489844 0.101562 0.204688
0 0.422656 0.320312 0.067187 0.125000
0 0.421875 0.210938 0.050000 0.084375
0 0.405469 0.171094 0.035938 0.067187
0 0.427344 0.146094 0.035938 0.057813
0 0.442188 0.121094 0.025000 0.054688
0 0.419531 0.086719 0.029688 0.054688
0 0.564063 0.106250 0.025000 0.056250
0 0.588281 0.134375 0.029688 0.062500
0 0.611719 0.160938 0.029688 0.062500
0 0.658594 0.197656 0.045313 0.079688
0 0.660938 0.121094 0.025000 0.060938
0 0.631250 0.097656 0.025000 0.057813
0 0.703906 0.174219 0.039062 0.070312
0 0.708594 0.241406 0.035938 0.104688
0 0.794531 0.350781 0.060938 0.139063
0 0.762500 0.208594 0.037500 0.095313
0 0.840625 0.250781 0.053125 0.107813
0 0.821094 0.128906 0.032813 0.067187
0 0.868750 0.177344 0.034375 0.073438
0 0.886719 0.148438 0.026563 0.062500
0 0.951563 0.189844 0.034375 0.076563
0 0.950000 0.347656 0.062500 0.126562
0 0.964844 0.172656 0.026563 0.073438
