0 0.122656 0.592969 0.189063 0.279688
0 0.128906 0.300000 0.101562 0.159375
0 0.046875 0.182031 0.081250 0.145313
0 0.261719 0.142969 0.070312 0.126562
0 0.257812 0.272656 0.103125 0.157813
0 0.410938 0.186719 0.081250 0.126562
0 0.410156 0.352344 0.123438 0.192188
0 0.451563 0.304688 0.100000 0.178125
0 0.624219 0.216406 0.079688 0.148438
0 0.726562 0.457813 0.121875 0.231250
0 0.840625 0.333594 0.112500 0.182813
0 0.794531 0.221875 0.082813 0.150000
0 0.770313 0.119531 0.062500 0.098438
0 0.882031 0.085156 0.070312 0.123438
0 0.964844 0.115625 0.060938 0.134375
