0 0.040625 0.390625 0.056250 0.096875
0 0.132031 0.447656 0.098438 0.135938
0 0.184375 0.328906 0.046875 0.082813
0 0.125000 0.295313 0.043750 0.059375
0 0.212500 0.282813 0.037500 0.050000
0 0.300781 0.381250 0.067187 0.093750
0 0.303125 0.306250 0.034375 0.059375
0 0.367969 0.278125 0.035938 0.053125
0 0.414844 0.260937 0.032813 0.046875
0 0.430469 0.331250 0.051563 0.081250
0 0.474219 0.299219 0.039062 0.057813
0 0.513281 0.278906 0.039062 0.057813
0 0.542969 0.272656 0.035938 0.054688
0 0.575000 0.472656 0.090625 0.151563
0 0.625781 0.364063 0.067187 0.109375
0 0.657031 0.306250 0.048438 0.071875
0 0.689063 0.261719 0.037500 0.067187
0 0.873438 0.244531 0.037500 0.054688
0 0.884375 0.284375 0.037500 0.065625
0 0.925781 0.306250 0.048438 0.081250
0 0.953125 0.343750 0.059375 0.103125
0 0.976562 0.389063 0.050000 0.118750
