0 0.052344 0.423438 0.057813 0.068750
0 0.039062 0.377344 0.037500 0.054688
0 0.122656 0.350000 0.029688 0.050000
0 0.153125 0.390625 0.037500 0.065625
0 0.171094 0.359375 0.039062 0.059375
0 0.235938 0.392969 0.050000 0.070312
0 0.202344 0.479688 0.060938 0.090625
0 0.220313 0.340625 0.025000 0.046875
0 0.277344 0.342188 0.026563 0.046875
0 0.299219 0.366406 0.032813 0.054688
0 0.337500 0.467188 0.075000 0.087500
0 0.362500 0.400000 0.050000 0.068750
0 0.382031 0.374219 0.029688 0.054688
0 0.401563 0.346875 0.028125 0.046875
0 0.369531 0.328125 0.023438 0.037500
0 0.329688 0.331250 0.028125 0.043750
0 0.382031 0.309375 0.026563 0.037500
0 0.435156 0.336719 0.026563 0.042188
0 0.464844 0.335938 0.020313 0.040625
0 0.476562 0.350000 0.025000 0.046875
0 0.491406 0.368750 0.032813 0.053125
0 0.485938 0.426563 0.046875 0.081250
0 0.587500 0.387500 0.043750 0.065625
0 0.609375 0.342969 0.034375 0.048438
0 0.625781 0.325781 0.023438 0.035938
0 0.546094 0.332813 0.026563 0.043750
0 0.675000 0.342188 0.031250 0.050000
0 0.693750 0.367188 0.034375 0.059375
0 0.746094 0.350781 0.029688 0.045313
0 0.811719 0.330469 0.026563 0.051563
0 0.518750 0.662500 0.109375 0.162500
0 0.670313 0.510938 0.081250 0.131250
0 0.800000 0.438281 0.056250 0.104688
0 0.825781 0.408594 0.048438 0.073438
0 0.848438 0.695312 0.168750 0.203125
0 0.925000 0.539844 0.090625 0.120313
0 0.908594 0.366406 0.048438 0.076563
0 0.954688 0.339844 0.034375 0.064063
0 0.985938 0.433594 0.028125 0.085938
0 0.985938 0.378125 0.031250 0.062500
0 0.989844 0.325000 0.023438 0.043750
