0 0.135156 0.485156 0.045313 0.092188
0 0.218750 0.351562 0.015625 0.034375
0 0.248438 0.354688 0.018750 0.046875
0 0.279688 0.377344 0.018750 0.039062
0 0.329688 0.375781 0.018750 0.045313
0 0.280469 0.316406 0.017188 0.035938
0 0.349219 0.333594 0.017188 0.032813
0 0.351562 0.297656 0.015625 0.032813
0 0.385938 0.341406 0.015625 0.032813
0 0.408594 0.342188 0.017188 0.040625
0 0.456250 0.353906 0.018750 0.042188
0 0.396875 0.262500 0.015625 0.028125
0 0.428906 0.264844 0.014063 0.026563
0 0.446875 0.265625 0.012500 0.028125
0 0.435156 0.315625 0.014063 0.031250
0 0.410938 0.307031 0.015625 0.026563
0 0.477344 0.313281 0.014063 0.026563
0 0.511719 0.327344 0.020313 0.035938
0 0.464063 0.249219 0.012500 0.026563
0 0.473438 0.233594 0.012500 0.023438
0 0.477344 0.270313 0.014063 0.028125
0 0.500000 0.266406 0.012500 0.032813
0 0.514062 0.260156 0.012500 0.026563
0 0.521875 0.239844 0.012500 0.023438
0 0.552344 0.257812 0.014063 0.031250
0 0.564063 0.285938 0.015625 0.040625
0 0.587500 0.257812 0.015625 0.031250
0 0.578906 0.217188 0.014063 0.025000
0 0.612500 0.246875 0.015625 0.034375
0 0.618750 0.218750 0.012500 0.028125
0 0.622656 0.201563 0.010938 0.028125
0 0.639063 0.217969 0.012500 0.029688
0 0.651563 0.216406 0.012500 0.035938
0 0.686719 0.208594 0.014063 0.020313
0 0.707031 0.226562 0.014063 0.034375
0 0.691406 0.231250 0.014063 0.031250
0 0.649219 0.252344 0.014063 0.023438
0 0.512500 0.394531 0.028125 0.060938
0 0.544531 0.374219 0.020313 0.045313
0 0.557031 0.414062 0.023438 0.056250
0 0.604688 0.386719 0.021875 0.054688
0 0.610938 0.337500 0.021875 0.037500
0 0.646875 0.313281 0.015625 0.032813
0 0.663281 0.348438 0.020313 0.046875
0 0.686719 0.283594 0.017188 0.035938
0 0.710156 0.292187 0.017188 0.043750
0 0.725000 0.254688 0.012500 0.031250
0 0.626563 0.440625 0.028125 0.065625
0 0.654688 0.489844 0.037500 0.057813
0 0.721875 0.568750 0.034375 0.075000
0 0.682031 0.392969 0.026563 0.054688
0 0.711719 0.367188 0.026563 0.050000
0 0.744531 0.414062 0.023438 0.050000
0 0.808594 0.439063 0.026563 0.059375
0 0.838281 0.369531 0.020313 0.048438
0 0.732813 0.307031 0.018750 0.039062
0 0.761719 0.258594 0.017188 0.029688
0 0.757031 0.237500 0.014063 0.028125
0 0.772656 0.228125 0.014063 0.034375
0 0.807031 0.237500 0.014063 0.031250
0 0.807813 0.269531 0.015625 0.029688
0 0.790625 0.288281 0.015625 0.039062
0 0.862500 0.535156 0.031250 0.070312
0 0.875781 0.460938 0.026563 0.065625
0 0.953125 0.480469 0.028125 0.060938
0 0.949219 0.408594 0.020313 0.051563
0 0.890625 0.387500 0.021875 0.053125
0 0.842188 0.300000 0.018750 0.037500
0 0.838281 0.248438 0.020313 0.028125
0 0.872656 0.260937 0.017188 0.037500
0 0.879688 0.276562 0.012500 0.034375
0 0.871094 0.311719 0.014063 0.029688
0 0.889844 0.272656 0.014063 0.042188
0 0.905469 0.259375 0.014063 0.034375
0 0.927344 0.282031 0.014063 0.035938
0 0.975000 0.281250 0.012500 0.034375
0 0.945312 0.340625 0.018750 0.040625
0 0.899219 0.344531 0.017188 0.042188
0 0.964063 0.363281 0.015625 0.042188
0 0.970313 0.320312 0.009375 0.025000
0 0.946094 0.317188 0.014063 0.034375
