0 0.167188 0.042969 0.028125 0.060938
0 0.084375 0.316406 0.081250 0.132812
0 0.143750 0.489844 0.131250 0.201563
0 0.289844 0.270313 0.064063 0.093750
0 0.455469 0.469531 0.089063 0.157813
0 0.476562 0.295313 0.062500 0.096875
0 0.461719 0.750000 0.185938 0.287500
0 0.753125 0.556250 0.153125 0.234375
0 0.849219 0.517969 0.095313 0.189063
0 0.866406 0.280469 0.079688 0.117188
0 0.979688 0.187500 0.040625 0.084375
0 0.782813 0.213281 0.034375 0.067187
0 0.750000 0.150000 0.031250 0.056250
0 0.655469 0.157031 0.023438 0.045313
0 0.557031 0.163281 0.020313 0.039062
