0 0.132812 0.544531 0.043750 0.079688
0 0.217188 0.354688 0.018750 0.034375
0 0.263281 0.342188 0.020313 0.043750
0 0.291406 0.350000 0.020313 0.043750
0 0.282031 0.314844 0.020313 0.032813
0 0.317188 0.386719 0.025000 0.048438
0 0.317969 0.326563 0.023438 0.034375
0 0.346094 0.334375 0.020313 0.031250
0 0.353125 0.292187 0.018750 0.034375
0 0.408594 0.335156 0.023438 0.039062
0 0.403906 0.296094 0.020313 0.035938
0 0.393750 0.254688 0.015625 0.031250
0 0.412500 0.262500 0.015625 0.028125
0 0.431250 0.276562 0.018750 0.031250
0 0.437500 0.302344 0.021875 0.035938
0 0.467969 0.333594 0.023438 0.042188
0 0.499219 0.327344 0.023438 0.042188
0 0.435156 0.241406 0.014063 0.026563
0 0.446875 0.253906 0.015625 0.032813
0 0.457813 0.276562 0.015625 0.028125
0 0.465625 0.235156 0.015625 0.026563
0 0.500781 0.270313 0.017188 0.028125
0 0.509375 0.243750 0.015625 0.028125
0 0.519531 0.276562 0.017188 0.031250
0 0.533594 0.254688 0.017188 0.037500
0 0.549219 0.283594 0.017188 0.035938
0 0.561719 0.263281 0.017188 0.032813
0 0.550000 0.225000 0.012500 0.031250
0 0.568750 0.235938 0.015625 0.028125
0 0.564844 0.211719 0.010938 0.026563
0 0.601562 0.238281 0.015625 0.032813
0 0.596875 0.203906 0.012500 0.029688
0 0.620313 0.207031 0.015625 0.029688
0 0.638281 0.250000 0.017188 0.028125
0 0.650000 0.233594 0.015625 0.029688
0 0.648438 0.210938 0.015625 0.025000
0 0.671875 0.221875 0.015625 0.031250
0 0.457813 0.410938 0.031250 0.065625
0 0.498438 0.467969 0.034375 0.064063
0 0.529687 0.359375 0.025000 0.053125
0 0.589844 0.369531 0.026563 0.054688
0 0.592969 0.324219 0.023438 0.045313
0 0.637500 0.347656 0.021875 0.054688
0 0.627344 0.307813 0.020313 0.040625
0 0.651563 0.367969 0.028125 0.060938
0 0.681250 0.354688 0.021875 0.046875
0 0.632812 0.480469 0.037500 0.076563
0 0.578906 0.439063 0.035938 0.071875
0 0.689063 0.483594 0.037500 0.085938
0 0.731250 0.394531 0.031250 0.057813
0 0.767188 0.442969 0.028125 0.060938
0 0.797656 0.533594 0.039062 0.079688
0 0.836719 0.462500 0.032813 0.056250
0 0.846094 0.397656 0.026563 0.057813
0 0.796875 0.359375 0.028125 0.056250
0 0.697656 0.296875 0.020313 0.040625
0 0.675781 0.314063 0.020313 0.043750
0 0.662500 0.282031 0.018750 0.039062
0 0.699219 0.245313 0.017188 0.037500
0 0.725781 0.258594 0.017188 0.035938
0 0.732031 0.239063 0.017188 0.031250
0 0.757812 0.262500 0.018750 0.021875
0 0.747656 0.293750 0.020313 0.037500
0 0.763281 0.289844 0.017188 0.032813
0 0.771875 0.239063 0.012500 0.031250
0 0.801563 0.243750 0.015625 0.031250
0 0.807031 0.296875 0.017188 0.037500
0 0.832031 0.316406 0.017188 0.042188
0 0.845313 0.309375 0.015625 0.040625
0 0.839844 0.270313 0.014063 0.031250
0 0.832031 0.257031 0.014063 0.029688
0 0.861719 0.257031 0.014063 0.035938
0 0.886719 0.275781 0.017188 0.035938
0 0.883594 0.333594 0.020313 0.039062
0 0.862500 0.375000 0.021875 0.043750
0 0.910156 0.400000 0.026563 0.056250
0 0.912500 0.457031 0.034375 0.064063
0 0.914844 0.343750 0.017188 0.043750
0 0.921094 0.321094 0.014063 0.029688
0 0.925781 0.298438 0.014063 0.028125
0 0.921875 0.267969 0.015625 0.035938
