0 0.278125 0.219531 0.015625 0.029688
0 0.330469 0.204688 0.014063 0.031250
0 0.328125 0.244531 0.018750 0.032813
0 0.371094 0.200000 0.017188 0.025000
0 0.395313 0.201563 0.012500 0.021875
0 0.420313 0.237500 0.025000 0.040625
0 0.447656 0.259375 0.020313 0.034375
0 0.489844 0.228906 0.020313 0.035938
0 0.465625 0.207813 0.015625 0.034375
0 0.475781 0.192969 0.014063 0.029688
0 0.440625 0.175781 0.012500 0.026563
0 0.431250 0.149219 0.009375 0.020313
0 0.382812 0.181250 0.012500 0.018750
0 0.398438 0.180469 0.015625 0.026563
0 0.402344 0.242969 0.020313 0.045313
0 0.521875 0.175781 0.015625 0.035938
0 0.536719 0.162500 0.010938 0.028125
0 0.553125 0.188281 0.015625 0.035938
0 0.506250 0.152344 0.012500 0.023438
0 0.475781 0.161719 0.014063 0.026563
0 0.467188 0.139844 0.012500 0.023438
0 0.500781 0.137500 0.010938 0.021875
0 0.503125 0.122656 0.012500 0.020313
0 0.525000 0.126562 0.009375 0.018750
0 0.535156 0.136719 0.010938 0.020313
0 0.565625 0.138281 0.012500 0.026563
0 0.585938 0.123438 0.009375 0.021875
0 0.604688 0.113281 0.009375 0.020313
0 0.622656 0.139844 0.010938 0.023438
0 0.610156 0.134375 0.014063 0.028125
0 0.627344 0.116406 0.007812 0.023438
0 0.658594 0.135156 0.010938 0.023438
0 0.684375 0.125781 0.009375 0.026563
0 0.653906 0.110938 0.007812 0.021875
0 0.667188 0.120313 0.009375 0.018750
0 0.621875 0.164844 0.015625 0.026563
0 0.600000 0.165625 0.018750 0.034375
0 0.575781 0.228906 0.020313 0.032813
0 0.580469 0.274219 0.023438 0.048438
0 0.625781 0.256250 0.023438 0.050000
0 0.635156 0.200781 0.017188 0.035938
0 0.656250 0.185156 0.018750 0.032813
0 0.696094 0.174219 0.014063 0.032813
0 0.703125 0.193750 0.012500 0.028125
0 0.666406 0.225000 0.020313 0.043750
0 0.681250 0.278906 0.025000 0.039062
0 0.727344 0.290625 0.023438 0.050000
0 0.724219 0.244531 0.020313 0.045313
0 0.732031 0.141406 0.014063 0.026563
0 0.746094 0.133594 0.010938 0.026563
0 0.757812 0.160938 0.012500 0.034375
0 0.775781 0.144531 0.010938 0.032813
0 0.748438 0.207031 0.015625 0.032813
0 0.735156 0.189063 0.014063 0.031250
0 0.779688 0.230469 0.015625 0.035938
0 0.765625 0.254688 0.018750 0.037500
0 0.795313 0.291406 0.021875 0.048438
0 0.841406 0.314063 0.023438 0.050000
0 0.839063 0.238281 0.015625 0.039062
0 0.844531 0.197656 0.014063 0.035938
0 0.839844 0.171875 0.014063 0.021875
0 0.850781 0.153906 0.010938 0.023438
0 0.840625 0.147656 0.009375 0.023438
0 0.828906 0.139844 0.010938 0.026563
0 0.807031 0.150781 0.010938 0.026563
0 0.796094 0.161719 0.010938 0.023438
0 0.792969 0.136719 0.010938 0.020313
0 0.872656 0.183594 0.014063 0.029688
0 0.879688 0.164844 0.012500 0.026563
0 0.911719 0.157813 0.014063 0.028125
0 0.902344 0.178125 0.010938 0.025000
0 0.898438 0.204688 0.012500 0.028125
0 0.878906 0.260156 0.017188 0.048438
0 0.885156 0.229688 0.014063 0.031250
0 0.917969 0.233594 0.017188 0.039062
0 0.928125 0.278906 0.015625 0.048438
0 0.913281 0.374219 0.023438 0.064063
0 0.942188 0.213281 0.009375 0.029688
0 0.932813 0.193750 0.012500 0.028125
0 0.939844 0.171094 0.010938 0.029688
0 0.928125 0.225000 0.015625 0.034375
