0 0.102344 0.433594 0.032813 0.042188
0 0.142187 0.439844 0.040625 0.048438
0 0.151563 0.396094 0.028125 0.039062
0 0.199219 0.407031 0.032813 0.039062
0 0.266406 0.404688 0.039062 0.053125
0 0.295313 0.396875 0.025000 0.034375
0 0.348438 0.415625 0.040625 0.056250
0 0.352344 0.385156 0.032813 0.029688
0 0.337500 0.310938 0.018750 0.034375
0 0.051563 0.415625 0.028125 0.037500
0 0.075781 0.428906 0.023438 0.035938
0 0.410156 0.374219 0.023438 0.032813
0 0.419531 0.389063 0.026563 0.034375
0 0.454688 0.386719 0.025000 0.039062
0 0.496094 0.380469 0.035938 0.039062
0 0.557031 0.371875 0.026563 0.031250
0 0.513281 0.504688 0.098438 0.112500
0 0.627344 0.417969 0.085938 0.092188
0 0.685156 0.532813 0.164062 0.212500
0 0.682813 0.416406 0.043750 0.060938
0 0.728125 0.376563 0.034375 0.046875
0 0.767969 0.377344 0.029688 0.039062
0 0.835938 0.369531 0.062500 0.082813
0 0.784375 0.470313 0.062500 0.087500
0 0.803125 0.423438 0.071875 0.084375
