0 0.515625 0.486719 0.034375 0.054688
0 0.435938 0.483594 0.062500 0.076563
0 0.445312 0.697656 0.100000 0.173438
0 0.336719 0.639844 0.073438 0.132812
0 0.537500 0.629688 0.062500 0.090625
0 0.476562 0.624219 0.056250 0.079688
0 0.625000 0.645313 0.071875 0.125000
0 0.761719 0.665625 0.085938 0.131250
0 0.271875 0.596875 0.065625 0.078125
0 0.228125 0.600781 0.053125 0.092188
0 0.179688 0.596094 0.046875 0.067187
0 0.122656 0.575781 0.045313 0.057813
0 0.088281 0.568750 0.035938 0.050000
0 0.064063 0.570312 0.031250 0.046875
0 0.362500 0.568750 0.050000 0.071875
