0 0.242969 0.560156 0.057813 0.079688
0 0.315625 0.621094 0.068750 0.095313
0 0.406250 0.596875 0.084375 0.128125
0 0.474219 0.656250 0.120313 0.175000
0 0.540625 0.601562 0.053125 0.081250
0 0.517188 0.560937 0.050000 0.059375
0 0.601562 0.425000 0.037500 0.062500
0 0.613281 0.553125 0.051563 0.081250
0 0.642969 0.634375 0.073438 0.121875
0 0.695312 0.585938 0.059375 0.087500
0 0.716406 0.542188 0.048438 0.062500
0 0.732813 0.748438 0.159375 0.212500
0 0.779688 0.641406 0.103125 0.160938
0 0.859375 0.630469 0.071875 0.110938
0 0.839063 0.574219 0.068750 0.085938
0 0.856250 0.542188 0.056250 0.081250
0 0.965625 0.569531 0.056250 0.079688
0 0.942969 0.539062 0.051563 0.068750
