0 0.252344 0.222656 0.023438 0.045313
0 0.335938 0.190625 0.018750 0.037500
0 0.388281 0.190625 0.017188 0.037500
0 0.400000 0.197656 0.025000 0.048438
0 0.399219 0.169531 0.017188 0.032813
0 0.425781 0.180469 0.017188 0.032813
0 0.431250 0.211719 0.018750 0.032813
0 0.450000 0.222656 0.018750 0.035938
0 0.450781 0.153125 0.014063 0.034375
0 0.475000 0.179688 0.015625 0.040625
0 0.475000 0.142187 0.012500 0.025000
0 0.490625 0.164062 0.015625 0.031250
0 0.495313 0.140625 0.015625 0.028125
0 0.498438 0.127344 0.012500 0.026563
0 0.510938 0.192969 0.018750 0.039062
0 0.510156 0.228906 0.020313 0.045313
0 0.556250 0.190625 0.018750 0.040625
0 0.549219 0.169531 0.014063 0.026563
0 0.525781 0.167188 0.014063 0.028125
0 0.535156 0.150000 0.014063 0.028125
0 0.546094 0.137500 0.014063 0.025000
0 0.577344 0.150781 0.017188 0.032813
0 0.589844 0.169531 0.017188 0.029688
0 0.600000 0.155469 0.012500 0.032813
0 0.587500 0.139063 0.012500 0.028125
0 0.580469 0.107813 0.014063 0.025000
0 0.629688 0.142187 0.012500 0.028125
0 0.626563 0.127344 0.012500 0.017188
0 0.620313 0.106250 0.009375 0.025000
0 0.653906 0.109375 0.014063 0.028125
0 0.660156 0.147656 0.017188 0.032813
0 0.683594 0.124219 0.014063 0.026563
0 0.707813 0.124219 0.012500 0.029688
0 0.572656 0.254688 0.029688 0.059375
0 0.616406 0.247656 0.023438 0.057813
0 0.625781 0.291406 0.035938 0.067187
0 0.647656 0.219531 0.023438 0.045313
0 0.671875 0.200000 0.018750 0.043750
0 0.707813 0.189844 0.018750 0.042188
0 0.716406 0.158594 0.014063 0.032813
0 0.725781 0.146094 0.014063 0.035938
0 0.750781 0.139063 0.014063 0.028125
0 0.744531 0.172656 0.017188 0.029688
0 0.748438 0.206250 0.015625 0.034375
0 0.764063 0.162500 0.015625 0.034375
0 0.778125 0.153125 0.015625 0.034375
0 0.800781 0.164844 0.014063 0.035938
0 0.789844 0.180469 0.017188 0.032813
0 0.785156 0.226562 0.020313 0.040625
0 0.757031 0.251563 0.020313 0.046875
0 0.725000 0.286719 0.028125 0.060938
0 0.679688 0.328906 0.031250 0.067187
0 0.844531 0.267188 0.023438 0.053125
0 0.863281 0.314063 0.023438 0.059375
0 0.873438 0.286719 0.021875 0.051563
0 0.837500 0.226562 0.021875 0.043750
0 0.832031 0.180469 0.017188 0.039062
0 0.842969 0.155469 0.017188 0.039062
0 0.873438 0.173438 0.015625 0.037500
0 0.892188 0.203906 0.015625 0.039062
0 0.886719 0.241406 0.020313 0.042188
0 0.917969 0.293750 0.020313 0.059375
0 0.932031 0.240625 0.017188 0.031250
0 0.901563 0.191406 0.012500 0.029688
0 0.950000 0.217969 0.018750 0.039062
0 0.940625 0.191406 0.015625 0.032813
0 0.936719 0.166406 0.010938 0.029688
