0 0.014063 0.300000 0.025000 0.093750
0 0.112500 0.310938 0.046875 0.081250
0 0.192188 0.433594 0.106250 0.185938
0 0.257812 0.327344 0.043750 0.085938
0 0.328906 0.371094 0.054688 0.104688
0 0.415625 0.336719 0.040625 0.070312
0 0.477344 0.366406 0.045313 0.070312
0 0.522656 0.469531 0.101562 0.170313
0 0.507812 0.341406 0.031250 0.060938
0 0.627344 0.364844 0.042188 0.082813
0 0.703906 0.371875 0.035938 0.059375
0 0.735938 0.441406 0.065625 0.114063
0 0.818750 0.381250 0.034375 0.071875
0 0.918750 0.389844 0.031250 0.070312
0 0.985156 0.410938 0.029688 0.093750
