0 0.132031 0.604688 0.042188 0.118750
0 0.226562 0.325000 0.021875 0.053125
0 0.214844 0.295313 0.017188 0.043750
0 0.273438 0.266406 0.015625 0.042188
0 0.289062 0.271875 0.015625 0.046875
0 0.307031 0.239844 0.017188 0.045313
0 0.331250 0.269531 0.018750 0.051563
0 0.348438 0.237500 0.015625 0.040625
0 0.367969 0.289844 0.020313 0.048438
0 0.392188 0.266406 0.015625 0.042188
0 0.439844 0.332813 0.023438 0.050000
0 0.362500 0.221875 0.015625 0.031250
0 0.386719 0.213281 0.014063 0.032813
0 0.429688 0.223438 0.018750 0.040625
0 0.431250 0.187500 0.012500 0.034375
0 0.466406 0.276562 0.020313 0.046875
0 0.490625 0.229688 0.015625 0.034375
0 0.477344 0.201563 0.014063 0.040625
0 0.462500 0.196875 0.012500 0.028125
0 0.450781 0.189063 0.014063 0.034375
0 0.491406 0.177344 0.017188 0.035938
0 0.516406 0.196875 0.014063 0.034375
0 0.525781 0.181250 0.014063 0.031250
0 0.551563 0.244531 0.015625 0.042188
0 0.567969 0.236719 0.017188 0.045313
0 0.557813 0.189063 0.018750 0.040625
0 0.550781 0.156250 0.014063 0.031250
0 0.573438 0.155469 0.015625 0.039062
0 0.580469 0.199219 0.017188 0.039062
0 0.608594 0.201563 0.014063 0.040625
0 0.620313 0.226562 0.015625 0.040625
0 0.655469 0.205469 0.010938 0.032813
0 0.650000 0.171094 0.012500 0.039062
0 0.627344 0.150000 0.017188 0.040625
0 0.596875 0.140625 0.015625 0.031250
0 0.664844 0.152344 0.014063 0.035938
0 0.688281 0.159375 0.014063 0.031250
0 0.709375 0.177344 0.015625 0.039062
0 0.695312 0.244531 0.015625 0.042188
0 0.678125 0.205469 0.015625 0.039062
0 0.570312 0.372656 0.021875 0.060938
0 0.603906 0.406250 0.026563 0.062500
0 0.610156 0.326563 0.020313 0.053125
0 0.659375 0.280469 0.021875 0.060938
0 0.721875 0.292969 0.018750 0.045313
0 0.656250 0.439844 0.021875 0.054688
0 0.718750 0.432813 0.025000 0.062500
0 0.801563 0.507031 0.025000 0.085938
0 0.842188 0.550781 0.031250 0.082813
0 0.881250 0.435156 0.018750 0.054688
0 0.960156 0.485938 0.023438 0.068750
0 0.948438 0.416406 0.018750 0.057813
0 0.972656 0.400000 0.017188 0.050000
0 0.969531 0.351562 0.014063 0.043750
0 0.979688 0.306250 0.018750 0.043750
0 0.949219 0.273438 0.017188 0.050000
0 0.928906 0.300781 0.014063 0.032813
0 0.924219 0.360938 0.020313 0.050000
0 0.901563 0.285938 0.012500 0.034375
0 0.892969 0.259375 0.014063 0.043750
0 0.884375 0.321094 0.018750 0.045313
0 0.871094 0.350000 0.023438 0.050000
0 0.860938 0.377344 0.018750 0.048438
0 0.814063 0.328125 0.018750 0.050000
0 0.749219 0.326563 0.023438 0.050000
0 0.741406 0.257031 0.017188 0.039062
0 0.746094 0.217969 0.010938 0.032813
0 0.777344 0.236719 0.014063 0.039062
0 0.793750 0.275781 0.015625 0.048438
0 0.817969 0.259375 0.014063 0.034375
0 0.841406 0.242188 0.014063 0.037500
0 0.869531 0.260937 0.017188 0.037500
0 0.806250 0.217188 0.015625 0.043750
0 0.771875 0.203906 0.015625 0.035938
