0 0.112500 0.276562 0.068750 0.118750
0 0.041406 0.258594 0.051563 0.095313
0 0.206250 0.300781 0.078125 0.142187
0 0.246875 0.240625 0.043750 0.068750
0 0.387500 0.262500 0.056250 0.096875
0 0.531250 0.475781 0.134375 0.210938
0 0.659375 0.340625 0.081250 0.140625
0 0.634375 0.242969 0.037500 0.067187
0 0.531250 0.202344 0.037500 0.060938
0 0.457813 0.214844 0.040625 0.067187
0 0.413281 0.200000 0.035938 0.053125
0 0.360156 0.205469 0.026563 0.054688
0 0.567969 0.194531 0.023438 0.039062
0 0.603906 0.189063 0.020313 0.043750
0 0.667188 0.232813 0.031250 0.056250
0 0.658594 0.192969 0.020313 0.039062
0 0.685156 0.185156 0.020313 0.048438
0 0.769531 0.203906 0.029688 0.048438
0 0.800781 0.189063 0.026563 0.053125
0 0.846094 0.152344 0.020313 0.045313
0 0.824219 0.283594 0.057813 0.085938
0 0.893750 0.243750 0.037500 0.084375
0 0.870313 0.193750 0.031250 0.053125
