0 0.123438 0.864063 0.240625 0.268750
0 0.182813 0.757031 0.196875 0.242188
0 0.270313 0.581250 0.128125 0.168750
0 0.357813 0.625000 0.159375 0.265625
0 0.457813 0.542969 0.112500 0.235938
0 0.471875 0.239063 0.112500 0.215625
0 0.648438 0.528906 0.106250 0.220313
0 0.739063 0.825781 0.265625 0.323438
0 0.719531 0.652344 0.160938 0.195312
0 0.792188 0.600000 0.125000 0.181250
0 0.767969 0.523438 0.135938 0.171875
0 0.687500 0.423438 0.075000 0.100000
0 0.720313 0.367969 0.078125 0.132812
0 0.922656 0.410156 0.082813 0.132812
