0 0.203906 0.745313 0.223438 0.384375
0 0.045313 0.610938 0.084375 0.168750
0 0.115625 0.539062 0.050000 0.093750
0 0.151563 0.555469 0.068750 0.095313
0 0.202344 0.509375 0.054688 0.075000
0 0.296094 0.558594 0.092188 0.145313
0 0.340625 0.593750 0.065625 0.112500
0 0.433594 0.568750 0.057813 0.084375
0 0.553125 0.342188 0.034375 0.065625
0 0.529687 0.582813 0.056250 0.109375
0 0.611719 0.575000 0.051563 0.093750
0 0.661719 0.506250 0.051563 0.081250
0 0.718750 0.621875 0.162500 0.228125
0 0.801563 0.498438 0.043750 0.078125
0 0.904688 0.519531 0.056250 0.095313
0 0.947656 0.584375 0.095313 0.165625
