0 0.228906 0.553906 0.082813 0.129688
0 0.309375 0.403906 0.068750 0.107813
0 0.251563 0.364063 0.053125 0.078125
0 0.274219 0.307031 0.042188 0.079688
0 0.185938 0.389063 0.059375 0.090625
0 0.110938 0.294531 0.062500 0.092188
0 0.037500 0.328906 0.046875 0.092188
0 0.376563 0.341406 0.050000 0.098438
0 0.476562 0.471875 0.103125 0.212500
0 0.469531 0.378125 0.057813 0.087500
0 0.551563 0.333594 0.040625 0.070312
0 0.640625 0.308594 0.037500 0.076563
0 0.702344 0.375000 0.054688 0.087500
0 0.637500 0.474219 0.078125 0.126562
0 0.669531 0.663281 0.095313 0.176563
0 0.919531 0.526563 0.085938 0.184375
0 0.973438 0.388281 0.053125 0.095313
0 0.901563 0.385156 0.056250 0.095313
0 0.815625 0.324219 0.053125 0.095313
