0 0.109375 0.301563 0.087500 0.146875
0 0.064844 0.260156 0.076563 0.110938
0 0.088281 0.191406 0.057813 0.095313
0 0.100781 0.154688 0.045313 0.071875
0 0.025781 0.111719 0.045313 0.070312
0 0.128125 0.099219 0.046875 0.064063
0 0.153906 0.088281 0.032813 0.064063
0 0.201563 0.078906 0.031250 0.060938
0 0.221094 0.042188 0.029688 0.050000
0 0.246094 0.035156 0.023438 0.045313
0 0.301563 0.029688 0.028125 0.046875
0 0.345313 0.017969 0.021875 0.029688
0 0.310156 0.216406 0.060938 0.092188
0 0.203906 0.440625 0.110938 0.184375
0 0.460938 0.453125 0.109375 0.196875
0 0.513281 0.400000 0.067187 0.121875
0 0.606250 0.439844 0.059375 0.110938
0 0.715625 0.432813 0.062500 0.128125
0 0.886719 0.462500 0.073438 0.118750
0 0.960156 0.191406 0.054688 0.085938
0 0.546875 0.313281 0.040625 0.060938
0 0.507031 0.303906 0.039062 0.073438
0 0.438281 0.276562 0.057813 0.090625
0 0.369531 0.251563 0.060938 0.100000
0 0.308594 0.163281 0.051563 0.067187
0 0.300000 0.125781 0.043750 0.051563
0 0.408594 0.078906 0.032813 0.060938
0 0.453125 0.076563 0.031250 0.043750
0 0.479688 0.212500 0.037500 0.050000
0 0.474219 0.165625 0.032813 0.046875
0 0.506250 0.151563 0.037500 0.056250
