0 0.066406 0.292187 0.023438 0.053125
0 0.289844 0.218750 0.017188 0.034375
0 0.310156 0.215625 0.014063 0.034375
0 0.329688 0.217188 0.015625 0.034375
0 0.350000 0.215625 0.018750 0.031250
0 0.370313 0.228125 0.015625 0.037500
0 0.328125 0.182813 0.015625 0.031250
0 0.366406 0.181250 0.014063 0.028125
0 0.375000 0.167969 0.012500 0.026563
0 0.376563 0.206250 0.015625 0.028125
0 0.407031 0.238281 0.017188 0.035938
0 0.441406 0.242188 0.017188 0.040625
0 0.448438 0.207813 0.015625 0.031250
0 0.435156 0.198438 0.014063 0.028125
0 0.417188 0.199219 0.018750 0.039062
0 0.403906 0.164844 0.014063 0.035938
0 0.424219 0.150000 0.010938 0.031250
0 0.441406 0.149219 0.014063 0.029688
0 0.478906 0.143750 0.010938 0.025000
0 0.467969 0.133594 0.010938 0.026563
0 0.509375 0.178125 0.015625 0.031250
0 0.492188 0.191406 0.012500 0.026563
0 0.495313 0.119531 0.009375 0.017188
0 0.510938 0.146094 0.015625 0.023438
0 0.545312 0.160156 0.015625 0.026563
0 0.552344 0.182031 0.017188 0.039062
0 0.582031 0.167969 0.017188 0.035938
0 0.589844 0.139063 0.010938 0.028125
0 0.638281 0.151563 0.014063 0.025000
0 0.621094 0.135938 0.014063 0.028125
0 0.592187 0.105469 0.009375 0.020313
0 0.557813 0.115625 0.012500 0.021875
0 0.527344 0.115625 0.010938 0.025000
0 0.561719 0.145313 0.014063 0.025000
0 0.546094 0.137500 0.010938 0.021875
0 0.534375 0.139063 0.009375 0.021875
0 0.603906 0.110938 0.007812 0.021875
0 0.643750 0.111719 0.009375 0.023438
0 0.650000 0.146094 0.009375 0.023438
0 0.615625 0.114844 0.009375 0.020313
0 0.673438 0.112500 0.012500 0.028125
0 0.685938 0.109375 0.009375 0.025000
0 0.707813 0.109375 0.009375 0.025000
0 0.573438 0.239844 0.021875 0.048438
0 0.613281 0.239844 0.023438 0.048438
0 0.666406 0.181250 0.014063 0.034375
0 0.697656 0.172656 0.014063 0.035938
0 0.715625 0.180469 0.015625 0.039062
0 0.725781 0.144531 0.014063 0.029688
0 0.742969 0.130469 0.010938 0.029688
0 0.703906 0.314063 0.026563 0.056250
0 0.692188 0.255469 0.018750 0.045313
0 0.677344 0.230469 0.017188 0.042188
0 0.717188 0.230469 0.018750 0.042188
0 0.742969 0.201563 0.017188 0.037500
0 0.729688 0.177344 0.012500 0.032813
0 0.767188 0.128125 0.009375 0.028125
0 0.777344 0.138281 0.010938 0.026563
0 0.787500 0.160156 0.015625 0.029688
0 0.799219 0.130469 0.007812 0.023438
0 0.761719 0.235156 0.020313 0.045313
0 0.792969 0.200000 0.017188 0.043750
0 0.764844 0.345313 0.026563 0.062500
0 0.778125 0.282813 0.021875 0.053125
0 0.813281 0.283594 0.017188 0.042188
0 0.837500 0.217188 0.015625 0.034375
0 0.812500 0.133594 0.009375 0.020313
0 0.841406 0.151563 0.010938 0.025000
0 0.850781 0.145313 0.007812 0.025000
0 0.866406 0.171875 0.014063 0.034375
0 0.891406 0.171875 0.014063 0.031250
0 0.925781 0.200000 0.014063 0.031250
0 0.945312 0.185156 0.012500 0.032813
0 0.915625 0.219531 0.015625 0.035938
0 0.898438 0.221094 0.015625 0.032813
0 0.930469 0.253125 0.017188 0.040625
0 0.878906 0.232813 0.017188 0.043750
0 0.903125 0.152344 0.012500 0.029688
0 0.819531 0.167188 0.017188 0.034375
0 0.903906 0.364063 0.026563 0.059375
