0 0.035156 0.356250 0.048438 0.071875
0 0.165625 0.383594 0.059375 0.082813
0 0.213281 0.360938 0.035938 0.071875
0 0.260937 0.406250 0.059375 0.090625
0 0.350781 0.425000 0.070312 0.100000
0 0.326563 0.383594 0.043750 0.064063
0 0.283594 0.351562 0.042188 0.062500
0 0.378906 0.353906 0.035938 0.067187
0 0.404688 0.401563 0.053125 0.081250
0 0.458594 0.381250 0.042188 0.068750
0 0.530469 0.415625 0.064063 0.100000
0 0.487500 0.347656 0.028125 0.054688
0 0.581250 0.385938 0.037500 0.068750
0 0.617969 0.376563 0.029688 0.050000
0 0.676563 0.410938 0.056250 0.090625
0 0.659375 0.369531 0.034375 0.054688
0 0.740625 0.401563 0.037500 0.062500
0 0.799219 0.406250 0.042188 0.062500
0 0.817188 0.381250 0.031250 0.059375
0 0.869531 0.408594 0.035938 0.076563
0 0.941406 0.388281 0.039062 0.064063
