0 0.116406 0.471094 0.045313 0.098438
0 0.257031 0.290625 0.014063 0.025000
0 0.271875 0.279688 0.015625 0.028125
0 0.304688 0.261719 0.015625 0.032813
0 0.315625 0.284375 0.015625 0.028125
0 0.353125 0.257031 0.015625 0.029688
0 0.317969 0.225781 0.014063 0.032813
0 0.341406 0.221875 0.014063 0.025000
0 0.353906 0.228125 0.014063 0.028125
0 0.370313 0.240625 0.018750 0.031250
0 0.412500 0.232031 0.015625 0.039062
0 0.432813 0.275781 0.021875 0.042188
0 0.387500 0.202344 0.015625 0.026563
0 0.405469 0.178906 0.014063 0.023438
0 0.423438 0.190625 0.015625 0.021875
0 0.442969 0.205469 0.017188 0.029688
0 0.464844 0.250781 0.023438 0.039062
0 0.467969 0.203906 0.020313 0.035938
0 0.450000 0.174219 0.012500 0.029688
0 0.452344 0.142969 0.014063 0.026563
0 0.479688 0.167969 0.012500 0.026563
0 0.471094 0.152344 0.014063 0.023438
0 0.488281 0.136719 0.014063 0.029688
0 0.487500 0.200781 0.015625 0.029688
0 0.540625 0.206250 0.015625 0.028125
0 0.542969 0.162500 0.014063 0.031250
0 0.557031 0.149219 0.014063 0.029688
0 0.578125 0.167188 0.015625 0.034375
0 0.517969 0.142969 0.014063 0.023438
0 0.529687 0.136719 0.012500 0.023438
0 0.507031 0.171875 0.014063 0.028125
0 0.559375 0.113281 0.012500 0.023438
0 0.585156 0.135156 0.010938 0.023438
0 0.591406 0.125000 0.010938 0.021875
0 0.594531 0.103125 0.014063 0.028125
0 0.611719 0.114063 0.010938 0.025000
0 0.621094 0.139063 0.014063 0.025000
0 0.624219 0.103125 0.010938 0.025000
0 0.635938 0.110156 0.012500 0.029688
0 0.650781 0.114063 0.014063 0.025000
0 0.663281 0.128125 0.014063 0.028125
0 0.694531 0.100781 0.010938 0.029688
0 0.485156 0.304688 0.020313 0.056250
0 0.543750 0.297656 0.028125 0.054688
0 0.561719 0.249219 0.020313 0.045313
0 0.608594 0.256250 0.020313 0.050000
0 0.623438 0.211719 0.018750 0.042188
0 0.660156 0.210938 0.020313 0.037500
0 0.648438 0.181250 0.015625 0.034375
0 0.679688 0.153125 0.015625 0.040625
0 0.716406 0.139063 0.010938 0.028125
0 0.660156 0.254688 0.020313 0.043750
0 0.678125 0.354688 0.025000 0.056250
0 0.582813 0.375781 0.031250 0.054688
0 0.715625 0.290625 0.025000 0.046875
0 0.776563 0.292187 0.025000 0.053125
0 0.758594 0.239844 0.023438 0.042188
0 0.732031 0.212500 0.017188 0.034375
0 0.699219 0.225000 0.020313 0.043750
0 0.691406 0.185938 0.014063 0.034375
0 0.728125 0.168750 0.012500 0.031250
0 0.746875 0.142969 0.015625 0.032813
0 0.736719 0.119531 0.014063 0.029688
0 0.748438 0.116406 0.012500 0.029688
0 0.759375 0.127344 0.015625 0.032813
0 0.767188 0.162500 0.015625 0.034375
0 0.778125 0.127344 0.012500 0.032813
0 0.795313 0.178125 0.021875 0.034375
0 0.794531 0.139844 0.014063 0.029688
0 0.808594 0.133594 0.014063 0.029688
0 0.830469 0.139063 0.014063 0.034375
0 0.830469 0.175781 0.014063 0.029688
0 0.843750 0.187500 0.015625 0.031250
0 0.850781 0.155469 0.014063 0.035938
0 0.862500 0.133594 0.012500 0.026563
0 0.880469 0.189063 0.014063 0.031250
0 0.864063 0.231250 0.015625 0.040625
0 0.923438 0.292969 0.025000 0.048438
0 0.920313 0.209375 0.015625 0.040625
0 0.892969 0.171875 0.014063 0.028125
0 0.902344 0.137500 0.010938 0.025000
0 0.925000 0.160938 0.015625 0.031250
