0 0.054688 0.209375 0.012500 0.037500
0 0.046094 0.242969 0.014063 0.035938
0 0.058594 0.260156 0.017188 0.042188
0 0.091406 0.434375 0.023438 0.056250
0 0.076563 0.499219 0.025000 0.054688
0 0.107031 0.565625 0.026563 0.075000
0 0.200000 0.446094 0.021875 0.060938
0 0.242188 0.377344 0.021875 0.054688
0 0.258594 0.300781 0.020313 0.045313
0 0.178125 0.281250 0.018750 0.043750
0 0.176563 0.244531 0.015625 0.032813
0 0.139063 0.255469 0.018750 0.039062
0 0.122656 0.231250 0.017188 0.037500
0 0.161719 0.164844 0.014063 0.039062
0 0.172656 0.187500 0.014063 0.031250
0 0.198438 0.192969 0.018750 0.042188
0 0.211719 0.134375 0.010938 0.031250
0 0.224219 0.137500 0.010938 0.031250
0 0.256250 0.127344 0.012500 0.029688
0 0.305469 0.149219 0.014063 0.032813
0 0.302344 0.170313 0.017188 0.037500
0 0.296875 0.208594 0.018750 0.039062
0 0.325781 0.238281 0.014063 0.042188
0 0.350000 0.214844 0.018750 0.035938
0 0.381250 0.185156 0.015625 0.042188
0 0.365625 0.087500 0.012500 0.031250
0 0.412500 0.093750 0.012500 0.031250
0 0.434375 0.087500 0.012500 0.031250
0 0.485938 0.093750 0.012500 0.034375
0 0.472656 0.139844 0.014063 0.029688
0 0.477344 0.170313 0.014063 0.034375
0 0.502344 0.179688 0.017188 0.037500
0 0.493750 0.228906 0.018750 0.045313
0 0.466406 0.289062 0.020313 0.046875
0 0.568750 0.178906 0.012500 0.032813
0 0.577344 0.209375 0.014063 0.037500
0 0.583594 0.150000 0.014063 0.031250
0 0.600781 0.142969 0.017188 0.029688
0 0.592969 0.107031 0.010938 0.032813
0 0.625781 0.121094 0.017188 0.029688
0 0.526563 0.082031 0.012500 0.023438
0 0.521094 0.111719 0.014063 0.023438
0 0.570312 0.321094 0.025000 0.054688
0 0.575781 0.475781 0.023438 0.073438
0 0.636719 0.253906 0.017188 0.032813
0 0.648438 0.158594 0.012500 0.032813
0 0.707813 0.225781 0.012500 0.032813
0 0.718750 0.221875 0.015625 0.031250
0 0.733594 0.207813 0.014063 0.037500
0 0.715625 0.280469 0.018750 0.035938
0 0.688281 0.339844 0.023438 0.048438
0 0.785156 0.382031 0.023438 0.048438
0 0.781250 0.216406 0.018750 0.035938
0 0.818750 0.246094 0.018750 0.029688
0 0.860156 0.283594 0.014063 0.039062
0 0.926563 0.362500 0.018750 0.037500
