0 0.016406 0.439844 0.026563 0.098438
0 0.042969 0.409375 0.042188 0.075000
0 0.035156 0.378125 0.029688 0.050000
0 0.053906 0.369531 0.026563 0.048438
0 0.067187 0.393750 0.021875 0.040625
0 0.117969 0.394531 0.026563 0.048438
0 0.128125 0.410938 0.025000 0.043750
0 0.258594 0.423438 0.045313 0.053125
0 0.289844 0.409375 0.029688 0.050000
0 0.271875 0.387500 0.025000 0.034375
0 0.339063 0.431250 0.040625 0.065625
0 0.450781 0.489063 0.064063 0.106250
0 0.425000 0.411719 0.018750 0.035938
0 0.450781 0.420313 0.023438 0.028125
0 0.481250 0.427344 0.028125 0.042188
0 0.493750 0.403906 0.015625 0.026563
0 0.517188 0.434375 0.028125 0.050000
0 0.512500 0.403906 0.018750 0.029688
0 0.553125 0.440625 0.028125 0.040625
0 0.561719 0.416406 0.017188 0.032813
0 0.598438 0.462500 0.031250 0.050000
0 0.602344 0.428125 0.023438 0.034375
0 0.653906 0.450000 0.023438 0.043750
0 0.691406 0.482031 0.032813 0.051563
0 0.695312 0.450000 0.028125 0.037500
0 0.737500 0.482813 0.040625 0.053125
0 0.748438 0.464063 0.031250 0.050000
0 0.859375 0.506250 0.050000 0.071875
0 0.849219 0.475781 0.039062 0.060938
0 0.934375 0.499219 0.037500 0.060938
0 0.974219 0.521094 0.048438 0.092188
