0 0.918750 0.293750 0.018750 0.053125
0 0.858594 0.225781 0.014063 0.042188
0 0.878906 0.196875 0.014063 0.037500
0 0.915625 0.203906 0.015625 0.039062
0 0.886719 0.166406 0.010938 0.023438
0 0.890625 0.138281 0.009375 0.026563
0 0.918750 0.157031 0.009375 0.020313
0 0.921094 0.178906 0.014063 0.029688
0 0.858594 0.146875 0.014063 0.037500
0 0.844531 0.157031 0.014063 0.042188
0 0.842188 0.189063 0.015625 0.037500
0 0.827344 0.142969 0.014063 0.035938
0 0.794531 0.134375 0.010938 0.028125
0 0.805469 0.133594 0.010938 0.026563
0 0.808594 0.174219 0.010938 0.032813
0 0.796875 0.182031 0.015625 0.042188
0 0.812500 0.253125 0.015625 0.053125
0 0.775781 0.297656 0.020313 0.057813
0 0.748438 0.228906 0.018750 0.045313
0 0.724219 0.314063 0.023438 0.056250
0 0.671875 0.359375 0.025000 0.059375
0 0.660938 0.269531 0.018750 0.051563
0 0.695312 0.228906 0.018750 0.042188
0 0.697656 0.185938 0.014063 0.034375
0 0.758594 0.132812 0.010938 0.031250
0 0.772656 0.126562 0.010938 0.031250
0 0.743750 0.110938 0.009375 0.028125
0 0.723438 0.126562 0.012500 0.025000
0 0.704688 0.147656 0.012500 0.029688
0 0.752344 0.186719 0.017188 0.029688
0 0.675781 0.162500 0.017188 0.037500
0 0.657813 0.204688 0.015625 0.043750
0 0.728906 0.207031 0.014063 0.032813
0 0.661719 0.125000 0.007812 0.028125
0 0.682813 0.114063 0.009375 0.028125
0 0.595313 0.101562 0.009375 0.015625
0 0.621875 0.101562 0.009375 0.015625
0 0.638281 0.105469 0.010938 0.020313
0 0.632031 0.124219 0.010938 0.020313
0 0.608594 0.124219 0.010938 0.020313
0 0.616406 0.143750 0.014063 0.031250
0 0.645313 0.172656 0.015625 0.026563
0 0.599219 0.222656 0.017188 0.032813
0 0.582813 0.127344 0.009375 0.020313
0 0.575781 0.154688 0.014063 0.028125
0 0.610938 0.260937 0.018750 0.046875
0 0.572656 0.246875 0.017188 0.043750
0 0.556250 0.117969 0.009375 0.020313
0 0.563281 0.177344 0.010938 0.035938
0 0.539844 0.133594 0.010938 0.020313
0 0.545312 0.166406 0.012500 0.032813
0 0.528125 0.206250 0.015625 0.034375
0 0.520313 0.169531 0.012500 0.029688
0 0.505469 0.195312 0.010938 0.028125
0 0.508594 0.153906 0.010938 0.026563
0 0.488281 0.135938 0.007812 0.018750
0 0.481250 0.223438 0.015625 0.040625
0 0.453125 0.147656 0.009375 0.017188
0 0.447656 0.196094 0.010938 0.029688
0 0.443750 0.241406 0.015625 0.039062
0 0.477344 0.314063 0.020313 0.050000
0 0.534375 0.319531 0.025000 0.060938
0 0.459375 0.175781 0.009375 0.026563
0 0.475781 0.189063 0.010938 0.028125
0 0.485156 0.171875 0.014063 0.034375
0 0.466406 0.157813 0.010938 0.021875
0 0.387500 0.203906 0.015625 0.032813
0 0.414844 0.228906 0.014063 0.035938
0 0.384375 0.235156 0.015625 0.029688
0 0.353125 0.233594 0.015625 0.032813
0 0.345313 0.273438 0.015625 0.037500
0 0.308594 0.239844 0.010938 0.026563
0 0.258594 0.285938 0.014063 0.028125
0 0.290625 0.268750 0.015625 0.037500
0 0.300000 0.265625 0.018750 0.040625
0 0.328125 0.264063 0.015625 0.034375
0 0.597656 0.338281 0.023438 0.054688
0 0.422656 0.274219 0.020313 0.045313
0 0.204688 0.364844 0.040625 0.089063
