0 0.179688 0.482031 0.046875 0.089063
0 0.247656 0.415625 0.048438 0.078125
0 0.120313 0.384375 0.056250 0.081250
0 0.121875 0.296875 0.046875 0.078125
0 0.083594 0.300000 0.042188 0.071875
0 0.060156 0.237500 0.035938 0.062500
0 0.106250 0.232813 0.034375 0.053125
0 0.158594 0.203125 0.029688 0.053125
0 0.187500 0.306250 0.043750 0.081250
0 0.191406 0.253906 0.029688 0.054688
0 0.218750 0.278125 0.037500 0.071875
0 0.253906 0.314063 0.048438 0.078125
0 0.280469 0.271875 0.035938 0.071875
0 0.259375 0.235938 0.031250 0.053125
0 0.238281 0.219531 0.020313 0.039062
0 0.223438 0.235156 0.025000 0.032813
0 0.298438 0.255469 0.028125 0.057813
0 0.330469 0.279688 0.029688 0.062500
0 0.327344 0.328125 0.042188 0.081250
0 0.366406 0.300000 0.039062 0.071875
0 0.391406 0.271875 0.029688 0.053125
0 0.353906 0.249219 0.023438 0.045313
0 0.326563 0.189844 0.018750 0.039062
0 0.379688 0.211719 0.015625 0.029688
0 0.398438 0.214844 0.018750 0.042188
0 0.424219 0.227344 0.026563 0.048438
0 0.425000 0.283594 0.034375 0.060938
0 0.417188 0.339063 0.040625 0.078125
0 0.470313 0.309375 0.034375 0.062500
0 0.453906 0.255469 0.032813 0.057813
0 0.486719 0.226562 0.026563 0.059375
0 0.476562 0.199219 0.015625 0.039062
0 0.512500 0.217969 0.025000 0.048438
0 0.528906 0.258594 0.029688 0.064063
0 0.508594 0.306250 0.035938 0.087500
0 0.538281 0.319531 0.029688 0.054688
0 0.570312 0.319531 0.028125 0.067187
0 0.607031 0.325000 0.042188 0.075000
0 0.579688 0.267188 0.028125 0.056250
0 0.606250 0.278906 0.025000 0.048438
0 0.652344 0.300000 0.039062 0.071875
0 0.697656 0.343750 0.039062 0.084375
0 0.684375 0.246875 0.037500 0.075000
0 0.724219 0.183594 0.029688 0.064063
0 0.775000 0.265625 0.034375 0.071875
0 0.803906 0.298438 0.048438 0.081250
0 0.840625 0.345313 0.065625 0.100000
0 0.843750 0.421094 0.068750 0.110938
0 0.771094 0.379688 0.057813 0.096875
0 0.736719 0.317188 0.042188 0.065625
0 0.860938 0.301563 0.034375 0.053125
0 0.911719 0.315625 0.042188 0.075000
0 0.806250 0.242969 0.025000 0.039062
