0 0.088281 0.706250 0.079688 0.106250
0 0.060156 0.662500 0.060938 0.084375
0 0.024219 0.638281 0.042188 0.057813
0 0.021875 0.613281 0.040625 0.057813
0 0.133594 0.618750 0.042188 0.071875
0 0.178125 0.489063 0.046875 0.056250
0 0.176563 0.696875 0.075000 0.128125
0 0.243750 0.765625 0.125000 0.215625
0 0.189844 0.618750 0.035938 0.065625
0 0.240625 0.651563 0.043750 0.068750
0 0.292969 0.668750 0.051563 0.075000
0 0.348438 0.673438 0.059375 0.100000
0 0.486719 0.835938 0.114063 0.187500
0 0.478125 0.709375 0.068750 0.109375
0 0.599219 0.672656 0.076563 0.101562
0 0.682031 0.754688 0.092188 0.137500
0 0.689063 0.661719 0.056250 0.098438
0 0.732031 0.675000 0.067187 0.106250
0 0.849219 0.660156 0.073438 0.110938
