0 0.068750 0.501563 0.075000 0.175000
0 0.144531 0.723438 0.085938 0.231250
0 0.304688 0.735938 0.087500 0.215625
0 0.303125 0.646094 0.081250 0.195312
0 0.253906 0.475781 0.082813 0.214063
0 0.191406 0.075781 0.057813 0.145313
0 0.384375 0.192188 0.078125 0.206250
0 0.415625 0.071875 0.062500 0.137500
0 0.448438 0.460938 0.056250 0.171875
0 0.554688 0.439063 0.071875 0.190625
0 0.634375 0.515625 0.068750 0.178125
0 0.701563 0.503906 0.059375 0.167188
0 0.754688 0.486719 0.053125 0.157813
0 0.751563 0.368750 0.056250 0.128125
0 0.854688 0.403125 0.068750 0.184375
0 0.954688 0.390625 0.059375 0.187500
