0 0.120313 0.544531 0.040625 0.076563
0 0.229688 0.339063 0.018750 0.034375
0 0.259375 0.339844 0.021875 0.039062
0 0.292187 0.360938 0.021875 0.046875
0 0.288281 0.305469 0.017188 0.032813
0 0.338281 0.360938 0.023438 0.050000
0 0.354688 0.325000 0.018750 0.031250
0 0.358594 0.293750 0.020313 0.034375
0 0.391406 0.332813 0.020313 0.037500
0 0.414844 0.330469 0.023438 0.042188
0 0.413281 0.299219 0.017188 0.039062
0 0.401563 0.257031 0.018750 0.032813
0 0.430469 0.256250 0.017188 0.028125
0 0.450781 0.260156 0.014063 0.032813
0 0.440625 0.306250 0.021875 0.034375
0 0.448438 0.333594 0.021875 0.045313
0 0.478906 0.303906 0.020313 0.039062
0 0.481250 0.262500 0.015625 0.031250
0 0.467188 0.244531 0.015625 0.032813
0 0.476562 0.232813 0.012500 0.028125
0 0.514062 0.326563 0.021875 0.046875
0 0.504688 0.258594 0.015625 0.035938
0 0.514844 0.256250 0.014063 0.028125
0 0.521094 0.238281 0.017188 0.029688
0 0.535938 0.257812 0.018750 0.037500
0 0.551563 0.244531 0.015625 0.029688
0 0.566406 0.282813 0.017188 0.034375
0 0.586719 0.253125 0.017188 0.037500
0 0.576562 0.214063 0.012500 0.025000
0 0.580469 0.234375 0.010938 0.021875
0 0.607031 0.248438 0.014063 0.034375
0 0.615625 0.216406 0.012500 0.026563
0 0.620313 0.203125 0.012500 0.028125
0 0.646094 0.243750 0.017188 0.031250
0 0.637500 0.215625 0.015625 0.031250
0 0.652344 0.220313 0.014063 0.031250
0 0.685938 0.228125 0.012500 0.025000
0 0.698438 0.221094 0.015625 0.029688
0 0.680469 0.207813 0.014063 0.028125
0 0.497656 0.393750 0.029688 0.059375
0 0.559375 0.397656 0.031250 0.051563
0 0.560156 0.356250 0.026563 0.043750
0 0.602344 0.374219 0.023438 0.054688
0 0.607813 0.324219 0.025000 0.035938
0 0.622656 0.421875 0.032813 0.065625
0 0.646094 0.463281 0.042188 0.070312
0 0.714844 0.538281 0.039062 0.076563
0 0.643750 0.299219 0.018750 0.042188
0 0.658594 0.334375 0.023438 0.046875
0 0.678125 0.376563 0.028125 0.059375
0 0.705469 0.357813 0.026563 0.050000
0 0.682031 0.275000 0.017188 0.034375
0 0.703906 0.284375 0.017188 0.034375
0 0.719531 0.250000 0.014063 0.037500
0 0.725000 0.301563 0.015625 0.037500
0 0.746094 0.235938 0.010938 0.025000
0 0.753906 0.253906 0.014063 0.029688
0 0.763281 0.228125 0.014063 0.031250
0 0.778906 0.260156 0.014063 0.035938
0 0.789844 0.280469 0.017188 0.035938
0 0.800000 0.262500 0.012500 0.034375
0 0.795313 0.234375 0.012500 0.028125
0 0.827344 0.239844 0.014063 0.032813
0 0.834375 0.274219 0.018750 0.029688
0 0.829688 0.297656 0.018750 0.032813
0 0.863281 0.307813 0.020313 0.037500
0 0.864063 0.272656 0.012500 0.032813
0 0.873438 0.271875 0.012500 0.034375
0 0.888281 0.258594 0.014063 0.032813
0 0.857813 0.255469 0.012500 0.026563
0 0.910156 0.274219 0.017188 0.035938
0 0.828906 0.352344 0.020313 0.051563
0 0.796875 0.422656 0.031250 0.051563
0 0.740625 0.399219 0.025000 0.051563
0 0.849219 0.514844 0.039062 0.067187
0 0.863281 0.435156 0.029688 0.057813
0 0.878906 0.370313 0.023438 0.056250
0 0.885156 0.332813 0.020313 0.043750
0 0.921875 0.325000 0.018750 0.043750
0 0.932031 0.310156 0.014063 0.035938
0 0.950000 0.351562 0.018750 0.040625
0 0.932813 0.392969 0.021875 0.045313
0 0.941406 0.460938 0.029688 0.059375
0 0.952344 0.307031 0.014063 0.035938
0 0.957031 0.276562 0.017188 0.031250
