0 0.026563 0.557031 0.050000 0.126562
0 0.115625 0.453125 0.062500 0.084375
0 0.060156 0.358594 0.042188 0.060938
0 0.176563 0.392969 0.034375 0.057813
0 0.209375 0.428906 0.053125 0.073438
0 0.223438 0.381250 0.034375 0.043750
0 0.322656 0.423438 0.048438 0.068750
0 0.389844 0.415625 0.039062 0.059375
0 0.426563 0.378906 0.040625 0.051563
0 0.465625 0.531250 0.081250 0.125000
0 0.530469 0.470313 0.057813 0.084375
0 0.597656 0.473438 0.048438 0.065625
0 0.526563 0.399219 0.034375 0.054688
0 0.569531 0.398438 0.032813 0.053125
0 0.711719 0.447656 0.051563 0.070312
0 0.734375 0.422656 0.034375 0.054688
0 0.782813 0.421875 0.037500 0.043750
0 0.814844 0.410938 0.023438 0.043750
0 0.866406 0.421094 0.029688 0.042188
