0 0.267188 0.228906 0.021875 0.039062
0 0.340625 0.247656 0.021875 0.042188
0 0.377344 0.248438 0.023438 0.046875
0 0.367969 0.193750 0.020313 0.040625
0 0.394531 0.190625 0.017188 0.031250
0 0.388281 0.167969 0.017188 0.029688
0 0.410156 0.160938 0.014063 0.028125
0 0.444531 0.245313 0.023438 0.043750
0 0.428906 0.209375 0.020313 0.034375
0 0.439063 0.168750 0.015625 0.037500
0 0.444531 0.139063 0.014063 0.028125
0 0.470313 0.202344 0.015625 0.039062
0 0.485938 0.247656 0.034375 0.067187
0 0.503906 0.210938 0.020313 0.046875
0 0.482031 0.171094 0.017188 0.035938
0 0.482813 0.150000 0.015625 0.031250
0 0.467188 0.139063 0.015625 0.028125
0 0.491406 0.130469 0.010938 0.026563
0 0.513281 0.127344 0.010938 0.023438
0 0.521875 0.179688 0.018750 0.034375
0 0.550000 0.182813 0.021875 0.043750
0 0.538281 0.155469 0.014063 0.026563
0 0.538281 0.130469 0.014063 0.026563
0 0.527344 0.120313 0.010938 0.025000
0 0.546875 0.123438 0.015625 0.031250
0 0.569531 0.135938 0.014063 0.031250
0 0.581250 0.119531 0.012500 0.029688
0 0.596094 0.160156 0.014063 0.032813
0 0.582813 0.239063 0.021875 0.050000
0 0.617969 0.247656 0.029688 0.051563
0 0.626563 0.199219 0.018750 0.045313
0 0.638281 0.139063 0.014063 0.028125
0 0.623438 0.130469 0.012500 0.026563
0 0.605469 0.125781 0.017188 0.026563
0 0.607031 0.096875 0.014063 0.025000
0 0.617969 0.107031 0.010938 0.023438
0 0.632812 0.111719 0.012500 0.023438
0 0.656250 0.106250 0.012500 0.034375
0 0.669531 0.110156 0.014063 0.026563
0 0.682813 0.105469 0.012500 0.029688
0 0.692969 0.118750 0.014063 0.031250
0 0.664844 0.188281 0.020313 0.045313
0 0.676563 0.217188 0.018750 0.050000
0 0.685156 0.266406 0.029688 0.057813
0 0.731250 0.135938 0.015625 0.031250
0 0.698438 0.163281 0.015625 0.035938
0 0.717969 0.190625 0.020313 0.043750
0 0.721094 0.235156 0.020313 0.045313
0 0.740625 0.259375 0.025000 0.053125
0 0.764844 0.265625 0.023438 0.046875
0 0.791406 0.276562 0.026563 0.053125
0 0.790625 0.207031 0.018750 0.039062
0 0.757812 0.186719 0.015625 0.039062
0 0.736719 0.180469 0.017188 0.039062
0 0.762500 0.145313 0.015625 0.037500
0 0.751563 0.128906 0.015625 0.032813
0 0.776563 0.135156 0.015625 0.029688
0 0.799219 0.153906 0.017188 0.032813
0 0.796875 0.124219 0.015625 0.026563
0 0.810156 0.133594 0.014063 0.035938
0 0.825781 0.128906 0.014063 0.029688
0 0.842969 0.165625 0.014063 0.031250
0 0.850000 0.191406 0.015625 0.042188
0 0.842188 0.222656 0.018750 0.045313
0 0.853906 0.293750 0.029688 0.075000
0 0.851562 0.149219 0.015625 0.029688
0 0.865625 0.171875 0.015625 0.034375
0 0.888281 0.222656 0.020313 0.039062
0 0.881250 0.145313 0.018750 0.037500
0 0.904688 0.176563 0.018750 0.037500
0 0.913281 0.150000 0.014063 0.031250
0 0.941406 0.164062 0.014063 0.034375
0 0.933594 0.189844 0.014063 0.029688
0 0.946875 0.208594 0.012500 0.035938
0 0.931250 0.225781 0.018750 0.035938
0 0.921875 0.241406 0.018750 0.051563
0 0.932031 0.278125 0.020313 0.059375
0 0.916406 0.334375 0.026563 0.075000
