0 0.107813 0.618750 0.021875 0.040625
0 0.104688 0.732031 0.053125 0.073438
0 0.152344 0.612500 0.014063 0.031250
0 0.193750 0.603125 0.018750 0.034375
0 0.216406 0.671094 0.023438 0.032813
0 0.184375 0.707813 0.028125 0.043750
0 0.199219 0.764844 0.039062 0.064063
0 0.255469 0.742188 0.029688 0.043750
0 0.238281 0.685156 0.020313 0.032813
0 0.248438 0.623438 0.018750 0.028125
0 0.289844 0.600000 0.014063 0.031250
0 0.333594 0.619531 0.023438 0.023438
0 0.309375 0.667188 0.021875 0.031250
0 0.285938 0.686719 0.018750 0.032813
0 0.318750 0.732031 0.028125 0.048438
0 0.335938 0.712500 0.021875 0.031250
0 0.324219 0.693750 0.020313 0.034375
0 0.371875 0.675000 0.018750 0.037500
0 0.233594 0.877344 0.051563 0.076563
0 0.348438 0.843750 0.031250 0.059375
0 0.400781 0.792188 0.035938 0.062500
0 0.405469 0.710156 0.020313 0.042188
0 0.426563 0.719531 0.028125 0.042188
0 0.430469 0.684375 0.020313 0.037500
0 0.469531 0.685938 0.020313 0.028125
0 0.460938 0.604688 0.015625 0.031250
0 0.494531 0.757031 0.023438 0.048438
0 0.526563 0.779688 0.028125 0.053125
0 0.550000 0.736719 0.025000 0.042188
0 0.535938 0.708594 0.021875 0.039062
0 0.517188 0.615625 0.015625 0.025000
0 0.542969 0.598438 0.017188 0.025000
0 0.579688 0.597656 0.021875 0.029688
0 0.603906 0.616406 0.014063 0.026563
0 0.605469 0.654688 0.020313 0.034375
0 0.622656 0.660156 0.014063 0.026563
0 0.632031 0.670313 0.014063 0.028125
0 0.635156 0.707031 0.023438 0.039062
0 0.637500 0.757031 0.025000 0.042188
0 0.630469 0.821094 0.045313 0.079688
0 0.683594 0.803906 0.032813 0.060938
0 0.723438 0.721094 0.021875 0.039062
0 0.728125 0.689063 0.018750 0.031250
0 0.767969 0.716406 0.026563 0.039062
0 0.759375 0.693750 0.021875 0.037500
0 0.841406 0.735156 0.039062 0.060938
