0 0.043750 0.700781 0.043750 0.085938
0 0.023438 0.668750 0.037500 0.078125
0 0.087500 0.731250 0.050000 0.103125
0 0.145313 0.770313 0.062500 0.128125
0 0.225781 0.842188 0.070312 0.134375
0 0.239063 0.661719 0.031250 0.060938
0 0.292187 0.665625 0.037500 0.065625
0 0.340625 0.652344 0.028125 0.064063
0 0.370313 0.694531 0.037500 0.073438
0 0.383594 0.505469 0.023438 0.057813
0 0.410938 0.682813 0.034375 0.062500
0 0.409375 0.655469 0.031250 0.048438
0 0.446875 0.829688 0.071875 0.137500
0 0.325781 0.922656 0.101562 0.154688
0 0.447656 0.711719 0.035938 0.092188
0 0.451563 0.664844 0.028125 0.051563
0 0.465625 0.660938 0.031250 0.059375
0 0.535938 0.640625 0.034375 0.059375
0 0.523438 0.688281 0.037500 0.070312
0 0.592187 0.796875 0.059375 0.103125
0 0.575000 0.730469 0.046875 0.089063
0 0.628125 0.714063 0.037500 0.081250
0 0.601562 0.651563 0.028125 0.065625
0 0.582813 0.653906 0.021875 0.057813
0 0.623438 0.638281 0.021875 0.048438
0 0.662500 0.692188 0.034375 0.068750
0 0.652344 0.661719 0.026563 0.048438
0 0.721875 0.685938 0.037500 0.056250
0 0.714063 0.651563 0.028125 0.046875
0 0.686719 0.770313 0.051563 0.093750
0 0.756250 0.846094 0.071875 0.132812
0 0.760938 0.760156 0.053125 0.092188
0 0.757812 0.697656 0.040625 0.057813
0 0.784375 0.675000 0.031250 0.059375
0 0.855469 0.830469 0.060938 0.139063
0 0.927344 0.859375 0.114063 0.206250
0 0.875000 0.741406 0.050000 0.076563
0 0.870313 0.688281 0.037500 0.073438
0 0.945312 0.723438 0.050000 0.084375
0 0.976562 0.792969 0.043750 0.110938
0 0.981250 0.718750 0.037500 0.075000
