0 0.017969 0.486719 0.032813 0.070312
0 0.056250 0.472656 0.037500 0.048438
0 0.110156 0.470313 0.067187 0.093750
0 0.179688 0.492188 0.050000 0.068750
0 0.237500 0.485156 0.040625 0.057813
0 0.271875 0.491406 0.031250 0.051563
0 0.321094 0.468750 0.085938 0.140625
0 0.417188 0.473438 0.040625 0.065625
0 0.453125 0.491406 0.034375 0.051563
0 0.502344 0.448438 0.029688 0.037500
0 0.536719 0.495313 0.026563 0.053125
0 0.553906 0.494531 0.026563 0.042188
0 0.648438 0.495313 0.071875 0.078125
0 0.591406 0.600000 0.051563 0.065625
0 0.707031 0.491406 0.032813 0.051563
0 0.742188 0.495313 0.028125 0.043750
0 0.821094 0.568750 0.089063 0.128125
0 0.806250 0.478906 0.040625 0.060938
0 0.867188 0.489844 0.062500 0.082813
0 0.925000 0.507812 0.046875 0.062500
0 0.980469 0.524219 0.042188 0.198438
