0 0.144531 0.937500 0.148438 0.121875
0 0.119531 0.778906 0.092188 0.179688
0 0.077344 0.715625 0.067187 0.106250
0 0.100781 0.635938 0.064063 0.090625
0 0.060156 0.608594 0.039062 0.073438
0 0.070312 0.553125 0.031250 0.046875
0 0.064844 0.525781 0.023438 0.035938
0 0.125000 0.524219 0.028125 0.048438
0 0.154688 0.529687 0.031250 0.053125
0 0.154688 0.579688 0.034375 0.065625
0 0.200000 0.614063 0.046875 0.078125
0 0.220313 0.667969 0.046875 0.085938
0 0.270313 0.692969 0.056250 0.114063
0 0.378906 0.789062 0.092188 0.175000
0 0.550781 0.891406 0.126562 0.217188
0 0.321094 0.485938 0.039062 0.078125
0 0.228906 0.535156 0.032813 0.051563
0 0.240625 0.517188 0.025000 0.043750
0 0.176563 0.520313 0.025000 0.043750
0 0.274219 0.521875 0.014063 0.028125
0 0.375000 0.572656 0.031250 0.073438
0 0.402344 0.565625 0.026563 0.046875
0 0.418750 0.610156 0.040625 0.070312
0 0.337500 0.564844 0.028125 0.051563
0 0.373438 0.517969 0.021875 0.045313
0 0.412500 0.507812 0.025000 0.046875
0 0.425781 0.535938 0.023438 0.043750
0 0.459375 0.566406 0.034375 0.067187
0 0.471875 0.522656 0.021875 0.039062
0 0.496094 0.634375 0.045313 0.093750
0 0.525781 0.620313 0.035938 0.078125
0 0.529687 0.565625 0.028125 0.043750
0 0.531250 0.532031 0.025000 0.035938
0 0.567969 0.532813 0.020313 0.037500
0 0.596094 0.625781 0.042188 0.085938
0 0.640625 0.681250 0.053125 0.096875
0 0.592969 0.570312 0.029688 0.046875
0 0.592187 0.542188 0.018750 0.034375
0 0.625000 0.525781 0.018750 0.035938
0 0.687500 0.594531 0.034375 0.060938
0 0.657813 0.569531 0.028125 0.045313
0 0.677344 0.546875 0.023438 0.040625
0 0.726562 0.550781 0.025000 0.045313
0 0.736719 0.678125 0.054688 0.103125
0 0.809375 0.714844 0.075000 0.129688
0 0.771094 0.632031 0.035938 0.064063
0 0.748438 0.586719 0.028125 0.051563
0 0.755469 0.550000 0.026563 0.043750
0 0.798438 0.566406 0.025000 0.048438
0 0.851562 0.578125 0.025000 0.043750
0 0.877344 0.592187 0.029688 0.053125
0 0.838281 0.641406 0.035938 0.054688
0 0.914844 0.695312 0.054688 0.109375
0 0.892188 0.656250 0.050000 0.078125
0 0.967969 0.655469 0.054688 0.082813
0 0.969531 0.596875 0.035938 0.059375
0 0.923438 0.573438 0.028125 0.053125
