0 0.240625 0.390625 0.053125 0.103125
0 0.537500 0.185938 0.021875 0.050000
0 0.627344 0.220313 0.023438 0.050000
0 0.672656 0.192969 0.020313 0.032813
0 0.679688 0.220313 0.015625 0.040625
0 0.667188 0.257812 0.021875 0.046875
0 0.711719 0.201563 0.017188 0.040625
0 0.753906 0.220313 0.020313 0.046875
0 0.750000 0.280469 0.025000 0.054688
0 0.763281 0.273438 0.017188 0.043750
0 0.733594 0.368750 0.029688 0.081250
0 0.812500 0.412500 0.037500 0.078125
0 0.900781 0.413281 0.035938 0.082813
0 0.830469 0.264844 0.023438 0.051563
