0 0.782031 0.448438 0.051563 0.090625
0 0.668750 0.450000 0.059375 0.090625
0 0.586719 0.446094 0.060938 0.095313
0 0.507031 0.417188 0.048438 0.081250
0 0.427344 0.457813 0.057813 0.093750
0 0.321875 0.458594 0.071875 0.095313
0 0.207813 0.457813 0.068750 0.100000
0 0.119531 0.353906 0.051563 0.076563
0 0.196875 0.314063 0.056250 0.075000
0 0.268750 0.317188 0.050000 0.081250
0 0.369531 0.316406 0.048438 0.082813
0 0.440625 0.305469 0.050000 0.085938
0 0.537500 0.306250 0.050000 0.087500
0 0.607813 0.289062 0.050000 0.081250
0 0.672656 0.312500 0.054688 0.090625
0 0.739844 0.322656 0.051563 0.079688
0 0.807031 0.333594 0.045313 0.082813
0 0.874219 0.331250 0.054688 0.093750
0 0.646875 0.232813 0.050000 0.084375
0 0.777344 0.219531 0.057813 0.104688
0 0.536719 0.233594 0.060938 0.079688
0 0.475781 0.233594 0.057813 0.085938
0 0.394531 0.229688 0.057813 0.087500
0 0.292187 0.238281 0.053125 0.082813
0 0.213281 0.220313 0.057813 0.093750
