0 0.064844 0.166406 0.039062 0.064063
0 0.100781 0.186719 0.048438 0.082813
0 0.133594 0.243750 0.070312 0.121875
0 0.178906 0.225781 0.045313 0.104688
0 0.171094 0.156250 0.045313 0.065625
0 0.207031 0.204688 0.035938 0.071875
0 0.264063 0.179688 0.037500 0.065625
0 0.309375 0.176563 0.056250 0.084375
0 0.330469 0.237500 0.064063 0.121875
0 0.426563 0.337500 0.090625 0.165625
0 0.407813 0.233594 0.043750 0.064063
0 0.450000 0.217969 0.050000 0.089063
0 0.490625 0.239844 0.053125 0.092188
0 0.520313 0.261719 0.062500 0.117188
0 0.561719 0.275781 0.045313 0.076563
0 0.615625 0.287500 0.046875 0.087500
0 0.658594 0.343750 0.070312 0.137500
0 0.700000 0.360156 0.062500 0.135938
