0 0.048438 0.724219 0.093750 0.164062
0 0.035156 0.593750 0.064063 0.078125
0 0.033594 0.553906 0.045313 0.064063
0 0.100781 0.665625 0.073438 0.134375
0 0.149219 0.556250 0.051563 0.103125
0 0.121094 0.531250 0.048438 0.084375
0 0.184375 0.590625 0.062500 0.106250
0 0.225000 0.665625 0.084375 0.131250
0 0.287500 0.528125 0.050000 0.071875
0 0.335156 0.550000 0.051563 0.096875
0 0.384375 0.647656 0.068750 0.101562
0 0.403906 0.599219 0.060938 0.089063
0 0.400781 0.521094 0.042188 0.070312
0 0.437500 0.520313 0.037500 0.068750
0 0.379688 0.779688 0.100000 0.162500
0 0.532031 0.396094 0.089063 0.151563
0 0.603906 0.490625 0.042188 0.071875
0 0.624219 0.489063 0.026563 0.059375
0 0.657813 0.531250 0.040625 0.084375
0 0.689063 0.501563 0.037500 0.059375
0 0.713281 0.576562 0.054688 0.115625
0 0.742188 0.550000 0.059375 0.096875
0 0.800781 0.486719 0.039062 0.060938
0 0.853125 0.443750 0.040625 0.062500
0 0.894531 0.556250 0.060938 0.109375
0 0.903125 0.510156 0.050000 0.067187
0 0.914062 0.475000 0.034375 0.062500
0 0.953906 0.553906 0.057813 0.092188
0 0.932031 0.756250 0.126562 0.228125
0 0.948438 0.650781 0.096875 0.129688
