0 0.210156 0.230469 0.017188 0.032813
0 0.358594 0.297656 0.023438 0.032813
0 0.400000 0.292187 0.021875 0.043750
0 0.368750 0.195312 0.021875 0.034375
0 0.396875 0.181250 0.018750 0.034375
0 0.410938 0.196875 0.021875 0.037500
0 0.454688 0.178906 0.015625 0.029688
0 0.464844 0.228906 0.020313 0.032813
0 0.482031 0.181250 0.014063 0.037500
0 0.496875 0.200781 0.018750 0.035938
0 0.494531 0.234375 0.020313 0.040625
0 0.578906 0.136719 0.014063 0.029688
0 0.495313 0.302344 0.028125 0.048438
0 0.615625 0.264063 0.028125 0.040625
0 0.717969 0.192188 0.020313 0.040625
0 0.865625 0.075000 0.015625 0.028125
0 0.770313 0.219531 0.021875 0.048438
0 0.410156 0.225000 0.023438 0.034375
