0 0.164844 0.469531 0.045313 0.092188
0 0.238281 0.343750 0.017188 0.037500
0 0.267188 0.351562 0.021875 0.046875
0 0.296094 0.368750 0.023438 0.046875
0 0.291406 0.310156 0.020313 0.039062
0 0.339844 0.378125 0.023438 0.050000
0 0.359375 0.296094 0.015625 0.032813
0 0.377344 0.325781 0.014063 0.039062
0 0.388281 0.342188 0.017188 0.034375
0 0.413281 0.340625 0.020313 0.037500
0 0.432813 0.351562 0.018750 0.046875
0 0.414844 0.300000 0.017188 0.037500
0 0.405469 0.282813 0.014063 0.031250
0 0.400781 0.258594 0.014063 0.032813
0 0.433594 0.283594 0.014063 0.032813
0 0.447656 0.314844 0.020313 0.039062
0 0.472656 0.307031 0.017188 0.032813
0 0.428906 0.263281 0.014063 0.023438
0 0.474219 0.269531 0.017188 0.032813
0 0.460938 0.252344 0.015625 0.026563
0 0.471094 0.242969 0.014063 0.026563
0 0.503906 0.261719 0.014063 0.029688
0 0.517969 0.278125 0.017188 0.028125
0 0.521094 0.252344 0.014063 0.026563
0 0.539844 0.252344 0.017188 0.032813
0 0.550781 0.278125 0.017188 0.034375
0 0.568750 0.257812 0.018750 0.034375
0 0.554688 0.228125 0.015625 0.028125
0 0.574219 0.227344 0.014063 0.026563
0 0.602344 0.225781 0.014063 0.026563
0 0.603906 0.254688 0.017188 0.028125
0 0.615625 0.207813 0.012500 0.028125
0 0.628125 0.216406 0.012500 0.026563
0 0.647656 0.251563 0.014063 0.028125
0 0.659375 0.220313 0.012500 0.025000
0 0.675781 0.233594 0.014063 0.026563
0 0.689063 0.232813 0.012500 0.031250
0 0.525781 0.313281 0.020313 0.042188
0 0.502344 0.372656 0.029688 0.060938
0 0.548438 0.405469 0.025000 0.051563
0 0.542969 0.375781 0.029688 0.042188
0 0.601562 0.327344 0.025000 0.048438
0 0.582031 0.421875 0.023438 0.046875
0 0.617188 0.433594 0.031250 0.070312
0 0.664844 0.457031 0.032813 0.073438
0 0.667188 0.367969 0.028125 0.054688
0 0.647656 0.342188 0.020313 0.050000
0 0.637500 0.310938 0.021875 0.043750
0 0.684375 0.268750 0.012500 0.031250
0 0.704688 0.264063 0.015625 0.034375
0 0.717188 0.287500 0.015625 0.037500
0 0.740625 0.253125 0.012500 0.031250
0 0.750000 0.271094 0.018750 0.032813
0 0.746094 0.225000 0.014063 0.031250
0 0.778906 0.239063 0.014063 0.037500
0 0.767188 0.285938 0.012500 0.031250
0 0.810938 0.250781 0.015625 0.032813
0 0.812500 0.307813 0.018750 0.037500
0 0.824219 0.341406 0.017188 0.039062
0 0.809375 0.371094 0.025000 0.048438
0 0.784375 0.415625 0.028125 0.059375
0 0.742969 0.405469 0.026563 0.048438
0 0.689844 0.349219 0.023438 0.048438
0 0.712500 0.502344 0.037500 0.079688
0 0.834375 0.512500 0.034375 0.078125
0 0.850000 0.468750 0.031250 0.056250
0 0.864063 0.415625 0.025000 0.059375
0 0.874219 0.351562 0.020313 0.037500
0 0.844531 0.309375 0.017188 0.034375
0 0.855469 0.287500 0.014063 0.034375
0 0.860938 0.265625 0.015625 0.028125
0 0.842188 0.259375 0.015625 0.034375
0 0.873438 0.260156 0.012500 0.032813
0 0.899219 0.292969 0.014063 0.039062
0 0.884375 0.321875 0.018750 0.040625
0 0.907031 0.471875 0.029688 0.068750
0 0.917188 0.400000 0.025000 0.053125
0 0.928906 0.359375 0.020313 0.046875
0 0.924219 0.328906 0.017188 0.035938
0 0.933594 0.317188 0.014063 0.037500
0 0.935156 0.286719 0.014063 0.029688
