0 0.061719 0.325781 0.064063 0.160938
0 0.114844 0.331250 0.079688 0.159375
0 0.227344 0.322656 0.079688 0.185938
0 0.309375 0.276562 0.109375 0.225000
0 0.397656 0.357813 0.120313 0.246875
0 0.557813 0.325781 0.146875 0.335938
0 0.659375 0.162500 0.050000 0.125000
0 0.732813 0.204688 0.071875 0.150000
0 0.874219 0.354688 0.232813 0.575000
0 0.928125 0.077344 0.062500 0.132812
0 0.817969 0.048438 0.035938 0.078125
0 0.682031 0.081250 0.042188 0.096875
0 0.601562 0.054688 0.031250 0.078125
0 0.553125 0.043750 0.031250 0.059375
0 0.514844 0.057031 0.026563 0.057813
0 0.478906 0.097656 0.026563 0.057813
0 0.438281 0.103906 0.035938 0.079688
0 0.343750 0.142187 0.034375 0.084375
0 0.330469 0.113281 0.029688 0.057813
0 0.359375 0.106250 0.025000 0.062500
0 0.283594 0.124219 0.026563 0.064063
0 0.238281 0.167188 0.039062 0.065625
0 0.232031 0.113281 0.032813 0.064063
0 0.153906 0.158594 0.035938 0.073438
0 0.105469 0.192188 0.039062 0.081250
0 0.080469 0.174219 0.032813 0.064063
0 0.025781 0.158594 0.032813 0.064063
