0 0.574219 0.605469 0.132812 0.164062
0 0.780469 0.503125 0.117188 0.162500
0 0.764844 0.370313 0.070312 0.096875
0 0.475781 0.422656 0.060938 0.079688
0 0.335156 0.389063 0.079688 0.096875
0 0.191406 0.437500 0.089063 0.134375
0 0.185156 0.363281 0.060938 0.085938
0 0.110938 0.409375 0.068750 0.087500
0 0.146875 0.271094 0.040625 0.057813
0 0.126562 0.241406 0.037500 0.048438
0 0.075000 0.235156 0.034375 0.045313
0 0.075781 0.202344 0.023438 0.039062
0 0.046094 0.246094 0.035938 0.048438
0 0.213281 0.275781 0.039062 0.051563
0 0.243750 0.299219 0.040625 0.045313
0 0.242969 0.222656 0.026563 0.045313
0 0.290625 0.252344 0.028125 0.039062
0 0.337500 0.246875 0.021875 0.037500
0 0.344531 0.331250 0.035938 0.056250
0 0.412500 0.294531 0.040625 0.057813
0 0.401563 0.232031 0.028125 0.035938
0 0.435156 0.275000 0.032813 0.056250
0 0.449219 0.235938 0.026563 0.037500
0 0.478125 0.250000 0.028125 0.043750
0 0.496875 0.286719 0.031250 0.042188
0 0.541406 0.282031 0.029688 0.048438
0 0.519531 0.238281 0.032813 0.035938
0 0.563281 0.250781 0.020313 0.032813
0 0.614844 0.274219 0.023438 0.042188
0 0.577344 0.314063 0.032813 0.053125
0 0.617188 0.239063 0.025000 0.031250
0 0.646875 0.227344 0.021875 0.035938
0 0.667969 0.265625 0.026563 0.040625
0 0.694531 0.300781 0.039062 0.057813
0 0.673438 0.235938 0.021875 0.034375
0 0.695312 0.250781 0.028125 0.042188
0 0.742969 0.268750 0.026563 0.034375
0 0.807031 0.303906 0.032813 0.042188
0 0.812500 0.271094 0.028125 0.042188
0 0.896875 0.375000 0.071875 0.084375
0 0.896875 0.311719 0.031250 0.042188
0 0.893750 0.278906 0.025000 0.039062
0 0.917188 0.284375 0.028125 0.046875
0 0.969531 0.296094 0.026563 0.045313
0 0.984375 0.369531 0.031250 0.064063
