0 0.069531 0.338281 0.020313 0.032813
0 0.351562 0.275000 0.021875 0.043750
0 0.392188 0.266406 0.021875 0.048438
0 0.419531 0.259375 0.023438 0.046875
0 0.464844 0.235156 0.026563 0.045313
0 0.453906 0.189063 0.014063 0.037500
0 0.473438 0.196875 0.015625 0.034375
0 0.482813 0.188281 0.012500 0.029688
0 0.496875 0.202344 0.018750 0.035938
0 0.495313 0.232813 0.018750 0.040625
0 0.499219 0.105469 0.017188 0.029688
0 0.584375 0.142969 0.015625 0.032813
0 0.585156 0.067969 0.014063 0.023438
0 0.613281 0.264844 0.026563 0.048438
0 0.498438 0.312500 0.031250 0.053125
0 0.723438 0.187500 0.021875 0.040625
0 0.763281 0.235156 0.026563 0.054688
