0 0.050000 0.489844 0.053125 0.042188
0 0.231250 0.642969 0.146875 0.117188
0 0.190625 0.517188 0.075000 0.056250
0 0.360938 0.436719 0.071875 0.060938
0 0.303906 0.474219 0.051563 0.039062
0 0.385938 0.467188 0.037500 0.037500
0 0.444531 0.497656 0.051563 0.042188
0 0.521094 0.478906 0.042188 0.035938
0 0.501563 0.461719 0.037500 0.032813
0 0.592969 0.510156 0.054688 0.042188
0 0.578906 0.570312 0.089063 0.075000
0 0.635156 0.492969 0.035938 0.039062
0 0.604688 0.471094 0.031250 0.029688
0 0.738281 0.475000 0.039062 0.037500
0 0.760938 0.493750 0.043750 0.040625
0 0.814063 0.524219 0.065625 0.057813
0 0.877344 0.479688 0.032813 0.034375
0 0.953125 0.489844 0.046875 0.048438
