0 0.110938 0.512500 0.046875 0.059375
0 0.131250 0.546094 0.046875 0.064063
0 0.157813 0.587500 0.059375 0.084375
0 0.206250 0.614063 0.093750 0.131250
0 0.508594 0.834375 0.204688 0.271875
0 0.474219 0.649219 0.098438 0.126562
0 0.505469 0.580469 0.060938 0.092188
0 0.516406 0.520313 0.054688 0.084375
0 0.353125 0.600000 0.059375 0.087500
0 0.385938 0.517969 0.046875 0.082813
0 0.271875 0.539844 0.053125 0.057813
0 0.607813 0.532031 0.050000 0.070312
0 0.649219 0.625781 0.073438 0.098438
0 0.697656 0.538281 0.048438 0.079688
0 0.739063 0.506250 0.040625 0.050000
0 0.795313 0.503906 0.034375 0.054688
0 0.813281 0.616406 0.082813 0.107813
0 0.814844 0.563281 0.057813 0.070312
0 0.858594 0.516406 0.048438 0.070312
0 0.940625 0.638281 0.071875 0.104688
0 0.960156 0.748438 0.082813 0.218750
