0 0.122656 0.599219 0.092188 0.129688
0 0.150000 0.510938 0.056250 0.071875
0 0.110156 0.517188 0.035938 0.050000
0 0.101562 0.484375 0.034375 0.037500
0 0.211719 0.513281 0.045313 0.067187
0 0.235156 0.496875 0.039062 0.053125
0 0.283594 0.528125 0.039062 0.062500
0 0.320312 0.542188 0.062500 0.087500
0 0.375000 0.563281 0.084375 0.123438
0 0.477344 0.526563 0.042188 0.059375
0 0.447656 0.497656 0.032813 0.045313
0 0.476562 0.381250 0.031250 0.046875
0 0.503906 0.491406 0.029688 0.051563
0 0.533594 0.513281 0.035938 0.054688
0 0.560937 0.496094 0.034375 0.060938
0 0.551563 0.650000 0.128125 0.203125
0 0.663281 0.551563 0.070312 0.100000
0 0.628906 0.521875 0.035938 0.071875
0 0.641406 0.496094 0.032813 0.051563
0 0.673438 0.489063 0.028125 0.034375
0 0.721875 0.522656 0.046875 0.073438
0 0.725781 0.498438 0.029688 0.053125
0 0.781250 0.509375 0.034375 0.046875
0 0.819531 0.506250 0.029688 0.050000
0 0.842969 0.500000 0.026563 0.046875
0 0.881250 0.504688 0.034375 0.059375
0 0.913281 0.540625 0.042188 0.065625
0 0.830469 0.562500 0.064063 0.078125
0 0.966406 0.584375 0.064063 0.134375
0 0.931250 0.505469 0.031250 0.051563
0 0.968750 0.500781 0.034375 0.054688
