0 0.401563 0.246094 0.021875 0.042188
0 0.390625 0.241406 0.015625 0.032813
0 0.377344 0.202344 0.023438 0.048438
0 0.417969 0.200000 0.017188 0.034375
0 0.432031 0.203906 0.017188 0.042188
0 0.451563 0.250781 0.025000 0.054688
0 0.471875 0.210938 0.018750 0.040625
0 0.433594 0.170313 0.014063 0.028125
0 0.414062 0.164062 0.012500 0.037500
0 0.464063 0.167188 0.015625 0.031250
0 0.498438 0.200000 0.021875 0.037500
0 0.517188 0.222656 0.021875 0.042188
0 0.532813 0.199219 0.018750 0.051563
0 0.554688 0.167188 0.018750 0.037500
0 0.537500 0.157813 0.015625 0.040625
0 0.529687 0.145313 0.012500 0.028125
0 0.496875 0.121875 0.012500 0.021875
0 0.487500 0.154688 0.015625 0.037500
0 0.466406 0.143750 0.014063 0.028125
0 0.492969 0.142187 0.017188 0.025000
0 0.560156 0.129688 0.007812 0.025000
0 0.575781 0.142187 0.017188 0.034375
0 0.602344 0.165625 0.017188 0.031250
0 0.601562 0.136719 0.012500 0.026563
0 0.600781 0.114844 0.014063 0.026563
0 0.623438 0.101562 0.012500 0.021875
0 0.623438 0.127344 0.012500 0.023438
0 0.649219 0.148438 0.017188 0.034375
0 0.657031 0.112500 0.017188 0.031250
0 0.692188 0.123438 0.015625 0.031250
0 0.704688 0.115625 0.015625 0.031250
0 0.625781 0.214063 0.017188 0.037500
0 0.607031 0.257031 0.029688 0.057813
0 0.561719 0.271094 0.026563 0.048438
0 0.633594 0.296094 0.035938 0.051563
0 0.682813 0.357813 0.034375 0.068750
0 0.758594 0.345313 0.051563 0.106250
0 0.742969 0.270313 0.029688 0.065625
0 0.757812 0.242969 0.025000 0.051563
0 0.757031 0.196094 0.020313 0.039062
0 0.746094 0.164844 0.017188 0.039062
0 0.727344 0.153125 0.017188 0.034375
0 0.718750 0.160156 0.015625 0.035938
0 0.716406 0.199219 0.017188 0.035938
0 0.679688 0.188281 0.018750 0.042188
0 0.759375 0.139844 0.012500 0.029688
0 0.782813 0.132812 0.012500 0.034375
0 0.792969 0.157813 0.014063 0.037500
0 0.803125 0.178125 0.018750 0.040625
0 0.796094 0.210156 0.017188 0.039062
0 0.821094 0.274219 0.023438 0.051563
0 0.843750 0.222656 0.015625 0.039062
0 0.828125 0.182813 0.015625 0.043750
0 0.840625 0.160938 0.018750 0.037500
0 0.857813 0.184375 0.015625 0.034375
0 0.879688 0.175781 0.015625 0.032813
0 0.872656 0.260937 0.020313 0.053125
0 0.859375 0.317969 0.025000 0.060938
0 0.925781 0.321094 0.026563 0.054688
0 0.886719 0.244531 0.017188 0.045313
0 0.906250 0.220313 0.015625 0.040625
0 0.898438 0.194531 0.012500 0.029688
0 0.938281 0.168750 0.017188 0.037500
0 0.941406 0.198438 0.014063 0.034375
0 0.946094 0.220313 0.020313 0.034375
0 0.931250 0.246875 0.015625 0.040625
