0 0.109375 0.550000 0.046875 0.100000
0 0.214844 0.268750 0.010938 0.025000
0 0.226562 0.304688 0.025000 0.043750
0 0.272656 0.243750 0.017188 0.046875
0 0.305469 0.248438 0.017188 0.037500
0 0.325781 0.235938 0.017188 0.050000
0 0.342188 0.221094 0.015625 0.039062
0 0.362500 0.268750 0.018750 0.050000
0 0.392188 0.255469 0.015625 0.032813
0 0.383594 0.200781 0.017188 0.032813
0 0.438281 0.313281 0.020313 0.057813
0 0.427344 0.208594 0.014063 0.048438
0 0.440625 0.167969 0.012500 0.032813
0 0.468750 0.254688 0.018750 0.053125
0 0.490625 0.157813 0.012500 0.034375
0 0.496875 0.217188 0.015625 0.046875
0 0.516406 0.178125 0.017188 0.037500
0 0.546094 0.233594 0.017188 0.039062
0 0.559375 0.168750 0.015625 0.037500
0 0.551563 0.140625 0.012500 0.034375
0 0.575000 0.142187 0.012500 0.037500
0 0.596094 0.130469 0.014063 0.032813
0 0.610938 0.182813 0.015625 0.037500
0 0.622656 0.203125 0.014063 0.040625
0 0.628125 0.134375 0.012500 0.031250
0 0.653125 0.150781 0.012500 0.035938
0 0.665625 0.133594 0.012500 0.032813
0 0.655469 0.191406 0.014063 0.035938
0 0.714063 0.157813 0.015625 0.034375
0 0.571875 0.335938 0.018750 0.043750
0 0.589844 0.402344 0.017188 0.073438
0 0.607813 0.309375 0.018750 0.053125
0 0.659375 0.412500 0.025000 0.056250
0 0.721094 0.424219 0.026563 0.064063
0 0.785938 0.460938 0.028125 0.081250
0 0.878906 0.484375 0.020313 0.078125
0 0.891406 0.402344 0.020313 0.060938
0 0.962500 0.451563 0.021875 0.065625
0 0.661719 0.260156 0.023438 0.057813
0 0.696094 0.221094 0.017188 0.042188
0 0.711719 0.278125 0.017188 0.056250
0 0.752344 0.300781 0.023438 0.064063
0 0.740625 0.238281 0.018750 0.045313
0 0.746875 0.199219 0.015625 0.042188
0 0.771094 0.191406 0.014063 0.048438
0 0.810938 0.193750 0.015625 0.037500
0 0.785938 0.219531 0.015625 0.039062
0 0.800000 0.251563 0.018750 0.053125
0 0.824219 0.234375 0.017188 0.050000
0 0.817969 0.305469 0.020313 0.057813
0 0.844531 0.222656 0.017188 0.045313
0 0.871875 0.238281 0.015625 0.042188
0 0.883594 0.223438 0.010938 0.028125
0 0.907813 0.232813 0.015625 0.031250
0 0.904688 0.264844 0.018750 0.042188
0 0.932813 0.275781 0.015625 0.042188
0 0.956250 0.255469 0.012500 0.035938
0 0.989844 0.260156 0.014063 0.035938
0 0.869531 0.324219 0.020313 0.060938
0 0.929688 0.339063 0.015625 0.056250
0 0.977344 0.374219 0.017188 0.054688
0 0.849219 0.385938 0.020313 0.056250
0 0.604688 0.160156 0.015625 0.029688
0 0.580469 0.178906 0.014063 0.042188
0 0.359375 0.202344 0.015625 0.032813
0 0.977344 0.338281 0.014063 0.042188
0 0.891406 0.300000 0.017188 0.043750
0 0.689844 0.144531 0.014063 0.035938
0 0.695312 0.158594 0.015625 0.035938
