0 0.182031 0.359375 0.054688 0.090625
0 0.317969 0.229688 0.010938 0.034375
0 0.622656 0.099219 0.010938 0.026563
0 0.634375 0.102344 0.012500 0.020313
0 0.660938 0.107031 0.012500 0.029688
0 0.592187 0.105469 0.012500 0.023438
0 0.554688 0.120313 0.015625 0.031250
0 0.514844 0.107031 0.014063 0.023438
0 0.703125 0.117969 0.015625 0.026563
0 0.476562 0.126562 0.012500 0.028125
0 0.415625 0.157813 0.015625 0.028125
0 0.350781 0.200781 0.017188 0.035938
0 0.322656 0.204688 0.017188 0.028125
0 0.414844 0.199219 0.017188 0.029688
0 0.448438 0.203906 0.018750 0.029688
0 0.491406 0.153125 0.017188 0.034375
0 0.514062 0.149219 0.018750 0.039062
0 0.538281 0.144531 0.020313 0.032813
0 0.577344 0.133594 0.020313 0.035938
0 0.560156 0.182031 0.023438 0.042188
0 0.605469 0.142187 0.017188 0.037500
0 0.644531 0.144531 0.017188 0.035938
0 0.674219 0.139063 0.017188 0.031250
0 0.487500 0.213281 0.025000 0.048438
0 0.763281 0.146094 0.017188 0.032813
0 0.786719 0.133594 0.017188 0.029688
0 0.528906 0.271875 0.032813 0.050000
0 0.587500 0.282031 0.021875 0.057813
0 0.604688 0.301563 0.043750 0.075000
0 0.622656 0.254688 0.026563 0.053125
0 0.642188 0.196875 0.021875 0.043750
0 0.670313 0.207813 0.028125 0.056250
0 0.714844 0.182031 0.020313 0.039062
0 0.723438 0.227344 0.021875 0.048438
0 0.685938 0.260937 0.028125 0.050000
0 0.701563 0.321875 0.031250 0.075000
0 0.739063 0.387500 0.031250 0.053125
0 0.803125 0.209375 0.025000 0.040625
0 0.802344 0.167188 0.017188 0.031250
0 0.775781 0.189063 0.020313 0.037500
0 0.846875 0.150781 0.015625 0.035938
0 0.883594 0.152344 0.014063 0.035938
0 0.918750 0.168750 0.015625 0.037500
0 0.945312 0.170313 0.012500 0.040625
0 0.860156 0.199219 0.017188 0.045313
0 0.806250 0.285156 0.031250 0.067187
0 0.834375 0.228125 0.028125 0.053125
0 0.885156 0.190625 0.020313 0.040625
0 0.941406 0.224219 0.023438 0.045313
0 0.878125 0.260156 0.018750 0.051563
0 0.828125 0.354688 0.031250 0.062500
0 0.933594 0.288281 0.023438 0.064063
0 0.923438 0.361719 0.025000 0.048438
0 0.897656 0.413281 0.035938 0.070312
0 0.464063 0.149219 0.012500 0.029688
0 0.532031 0.123438 0.017188 0.021875
0 0.557031 0.153906 0.017188 0.035938
0 0.617969 0.116406 0.020313 0.042188
0 0.593750 0.169531 0.015625 0.039062
0 0.762500 0.125000 0.015625 0.028125
0 0.821875 0.183594 0.021875 0.051563
0 0.849219 0.311719 0.029688 0.057813
0 0.880469 0.224219 0.020313 0.051563
0 0.939063 0.196875 0.021875 0.050000
0 0.425000 0.172656 0.015625 0.026563
0 0.659375 0.135156 0.015625 0.032813
0 0.594531 0.235938 0.023438 0.053125
