0 0.069531 0.517188 0.042188 0.090625
0 0.275000 0.265625 0.018750 0.034375
0 0.282813 0.238281 0.018750 0.035938
0 0.317188 0.239844 0.018750 0.039062
0 0.331250 0.222656 0.018750 0.039062
0 0.342188 0.250000 0.018750 0.043750
0 0.375000 0.271094 0.018750 0.039062
0 0.390625 0.282031 0.025000 0.045313
0 0.360156 0.227344 0.017188 0.042188
0 0.371875 0.239844 0.015625 0.026563
0 0.380469 0.231250 0.014063 0.031250
0 0.377344 0.192969 0.014063 0.029688
0 0.391406 0.183594 0.017188 0.032813
0 0.413281 0.196094 0.017188 0.039062
0 0.431250 0.240625 0.021875 0.046875
0 0.445312 0.179688 0.018750 0.040625
0 0.464063 0.198438 0.018750 0.037500
0 0.471094 0.240625 0.023438 0.040625
0 0.467969 0.142187 0.014063 0.031250
0 0.484375 0.136719 0.012500 0.029688
0 0.486719 0.159375 0.017188 0.034375
0 0.492969 0.200781 0.020313 0.042188
0 0.506250 0.166406 0.015625 0.039062
0 0.525000 0.217188 0.025000 0.050000
0 0.538281 0.167969 0.017188 0.045313
0 0.547656 0.157813 0.017188 0.034375
0 0.564063 0.164844 0.021875 0.045313
0 0.567969 0.118750 0.014063 0.037500
0 0.588281 0.146875 0.014063 0.031250
0 0.611719 0.146094 0.014063 0.032813
0 0.596094 0.121094 0.014063 0.026563
0 0.615625 0.118750 0.009375 0.028125
0 0.639063 0.143750 0.018750 0.037500
0 0.642969 0.117969 0.020313 0.035938
0 0.485938 0.312500 0.034375 0.062500
0 0.545312 0.306250 0.031250 0.068750
0 0.590625 0.221094 0.025000 0.057813
0 0.618750 0.208594 0.021875 0.045313
0 0.608594 0.253906 0.026563 0.054688
0 0.617188 0.317969 0.037500 0.064063
0 0.664844 0.257031 0.026563 0.060938
0 0.652344 0.215625 0.023438 0.046875
0 0.668750 0.179688 0.018750 0.040625
0 0.689844 0.144531 0.017188 0.035938
0 0.696875 0.181250 0.018750 0.040625
0 0.696875 0.218750 0.021875 0.050000
0 0.737500 0.199219 0.018750 0.045313
0 0.726562 0.164844 0.021875 0.032813
0 0.713281 0.139844 0.017188 0.035938
0 0.735156 0.115625 0.017188 0.037500
0 0.753906 0.144531 0.017188 0.032813
0 0.765625 0.168750 0.018750 0.037500
0 0.775781 0.138281 0.017188 0.035938
0 0.790625 0.140625 0.012500 0.040625
0 0.808594 0.125781 0.017188 0.039062
0 0.835156 0.140625 0.017188 0.040625
0 0.816406 0.157813 0.017188 0.031250
0 0.802344 0.178906 0.017188 0.035938
0 0.780469 0.210156 0.023438 0.042188
0 0.760938 0.240625 0.021875 0.056250
0 0.722656 0.281250 0.023438 0.056250
0 0.773438 0.296875 0.025000 0.056250
0 0.840625 0.311719 0.028125 0.067187
0 0.824219 0.224219 0.023438 0.048438
0 0.840625 0.186719 0.015625 0.039062
0 0.853906 0.161719 0.014063 0.039062
0 0.882031 0.250781 0.026563 0.051563
0 0.917969 0.271875 0.026563 0.053125
0 0.921094 0.225781 0.020313 0.048438
0 0.889844 0.206250 0.017188 0.046875
0 0.892969 0.175781 0.017188 0.032813
0 0.900000 0.155469 0.015625 0.039062
