0 0.123438 0.415625 0.053125 0.106250
0 0.292969 0.203906 0.014063 0.032813
0 0.310156 0.210938 0.010938 0.034375
0 0.325781 0.210938 0.014063 0.031250
0 0.342188 0.234375 0.018750 0.040625
0 0.347656 0.202344 0.014063 0.035938
0 0.343750 0.165625 0.012500 0.034375
0 0.353125 0.185938 0.012500 0.034375
0 0.370313 0.201563 0.015625 0.034375
0 0.389844 0.201563 0.017188 0.037500
0 0.401563 0.249219 0.018750 0.045313
0 0.401563 0.164062 0.015625 0.031250
0 0.397656 0.155469 0.017188 0.026563
0 0.420313 0.150781 0.012500 0.023438
0 0.435938 0.157031 0.015625 0.026563
0 0.430469 0.181250 0.014063 0.031250
0 0.440625 0.192188 0.018750 0.031250
0 0.464063 0.196094 0.015625 0.035938
0 0.463281 0.124219 0.010938 0.029688
0 0.482813 0.139844 0.009375 0.029688
0 0.504688 0.190625 0.018750 0.031250
0 0.500000 0.174219 0.015625 0.035938
0 0.499219 0.140625 0.014063 0.028125
0 0.497656 0.116406 0.010938 0.023438
0 0.519531 0.121875 0.010938 0.018750
0 0.533594 0.125781 0.010938 0.026563
0 0.531250 0.159375 0.015625 0.031250
0 0.553125 0.177344 0.015625 0.042188
0 0.555469 0.145313 0.014063 0.028125
0 0.546094 0.117188 0.010938 0.028125
0 0.573438 0.128906 0.012500 0.029688
0 0.600781 0.151563 0.017188 0.034375
0 0.622656 0.127344 0.014063 0.026563
0 0.640625 0.148438 0.012500 0.025000
0 0.660938 0.166406 0.012500 0.029688
0 0.646094 0.108594 0.010938 0.029688
0 0.602344 0.100000 0.007812 0.021875
0 0.628906 0.112500 0.010938 0.021875
0 0.560937 0.228906 0.021875 0.051563
0 0.635938 0.238281 0.021875 0.042188
0 0.625000 0.203125 0.015625 0.037500
0 0.659375 0.235156 0.015625 0.045313
0 0.685938 0.253125 0.021875 0.046875
0 0.670313 0.328906 0.028125 0.070312
0 0.749219 0.374219 0.026563 0.064063
0 0.796094 0.281250 0.023438 0.050000
0 0.761719 0.243750 0.023438 0.043750
0 0.737500 0.231250 0.018750 0.037500
0 0.715625 0.180469 0.015625 0.042188
0 0.700000 0.171875 0.015625 0.031250
0 0.685156 0.108594 0.010938 0.029688
0 0.682813 0.097656 0.012500 0.029688
0 0.700000 0.101562 0.012500 0.025000
0 0.734375 0.137500 0.012500 0.028125
0 0.732813 0.166406 0.012500 0.035938
0 0.751563 0.189063 0.018750 0.040625
0 0.796875 0.200000 0.015625 0.034375
0 0.789844 0.160938 0.014063 0.031250
0 0.759375 0.125781 0.009375 0.029688
0 0.775000 0.119531 0.009375 0.026563
0 0.789062 0.131250 0.009375 0.021875
0 0.799219 0.122656 0.010938 0.029688
0 0.824219 0.132031 0.010938 0.026563
0 0.839063 0.145313 0.009375 0.031250
0 0.828906 0.166406 0.014063 0.026563
0 0.815625 0.190625 0.015625 0.034375
0 0.821094 0.252344 0.017188 0.048438
0 0.840625 0.217969 0.018750 0.048438
0 0.852344 0.208594 0.014063 0.035938
0 0.867969 0.169531 0.014063 0.039062
0 0.874219 0.160156 0.014063 0.035938
0 0.919531 0.340625 0.023438 0.056250
0 0.891406 0.226562 0.017188 0.040625
0 0.930469 0.253125 0.017188 0.040625
0 0.932031 0.210938 0.014063 0.037500
0 0.938281 0.195312 0.014063 0.037500
0 0.946094 0.182031 0.010938 0.035938
0 0.896094 0.178125 0.010938 0.028125
0 0.910156 0.180469 0.010938 0.026563
