0 0.080469 0.447656 0.020313 0.054688
0 0.067969 0.512500 0.020313 0.053125
0 0.124219 0.628906 0.023438 0.076563
0 0.046875 0.253125 0.012500 0.031250
0 0.049219 0.235156 0.010938 0.035938
0 0.159375 0.166406 0.012500 0.039062
0 0.126562 0.238281 0.015625 0.039062
0 0.186719 0.214844 0.010938 0.035938
0 0.174219 0.285156 0.014063 0.039062
0 0.245313 0.304688 0.015625 0.050000
0 0.236719 0.367188 0.020313 0.056250
0 0.209375 0.456250 0.018750 0.056250
0 0.192188 0.150781 0.009375 0.032813
0 0.225781 0.160938 0.010938 0.028125
0 0.244531 0.142187 0.010938 0.031250
0 0.297656 0.174219 0.014063 0.042188
0 0.295313 0.218750 0.015625 0.037500
0 0.310156 0.248438 0.017188 0.040625
0 0.328125 0.246094 0.012500 0.032813
0 0.357813 0.105469 0.009375 0.029688
0 0.379688 0.192969 0.012500 0.035938
0 0.400000 0.110938 0.012500 0.028125
0 0.421094 0.108594 0.010938 0.026563
0 0.420313 0.198438 0.015625 0.028125
0 0.456250 0.136719 0.015625 0.020313
0 0.465625 0.135938 0.009375 0.031250
0 0.507031 0.124219 0.010938 0.020313
0 0.537500 0.092969 0.009375 0.026563
0 0.475000 0.234375 0.018750 0.043750
0 0.478906 0.303906 0.020313 0.045313
0 0.499219 0.196875 0.010938 0.037500
0 0.557031 0.328906 0.020313 0.045313
0 0.547656 0.185938 0.010938 0.037500
0 0.575781 0.111719 0.007812 0.026563
0 0.572656 0.160156 0.010938 0.032813
0 0.591406 0.150781 0.010938 0.026563
0 0.615625 0.132031 0.012500 0.023438
0 0.572656 0.218750 0.010938 0.037500
0 0.616406 0.236719 0.014063 0.035938
0 0.642969 0.166406 0.010938 0.029688
0 0.558594 0.505469 0.026563 0.060938
0 0.677344 0.349219 0.020313 0.054688
0 0.688281 0.232031 0.014063 0.032813
0 0.720313 0.237500 0.009375 0.031250
0 0.711719 0.196094 0.010938 0.029688
0 0.768750 0.230469 0.015625 0.029688
0 0.808594 0.253125 0.014063 0.034375
0 0.780469 0.390625 0.017188 0.050000
0 0.838281 0.285156 0.014063 0.035938
0 0.918750 0.381250 0.018750 0.043750
0 0.702344 0.289062 0.017188 0.040625
0 0.464844 0.180469 0.010938 0.023438
