0 0.107813 0.578906 0.081250 0.157813
0 0.061719 0.526563 0.048438 0.106250
0 0.066406 0.446094 0.035938 0.067187
0 0.171094 0.390625 0.023438 0.043750
0 0.201563 0.391406 0.028125 0.057813
0 0.242188 0.396094 0.034375 0.067187
0 0.278125 0.370313 0.025000 0.043750
0 0.320312 0.435938 0.043750 0.087500
0 0.332813 0.371094 0.028125 0.057813
0 0.380469 0.334375 0.023438 0.043750
0 0.396094 0.378906 0.032813 0.067187
0 0.435938 0.340625 0.021875 0.043750
0 0.461719 0.328906 0.020313 0.039062
0 0.484375 0.496094 0.071875 0.120313
0 0.505469 0.388281 0.035938 0.073438
0 0.523438 0.352344 0.031250 0.060938
0 0.604688 0.342969 0.025000 0.060938
0 0.620313 0.378906 0.034375 0.067187
0 0.650781 0.443750 0.048438 0.096875
0 0.690625 0.364063 0.025000 0.050000
0 0.742969 0.388281 0.045313 0.073438
0 0.791406 0.387500 0.029688 0.056250
0 0.721094 0.585156 0.089063 0.182813
0 0.849219 0.505469 0.060938 0.120313
0 0.888281 0.444531 0.035938 0.076563
0 0.932031 0.410938 0.029688 0.062500
