0 0.092188 0.250781 0.015625 0.029688
0 0.195312 0.357813 0.034375 0.071875
0 0.221094 0.336719 0.042188 0.085938
0 0.208594 0.260156 0.035938 0.060938
0 0.229688 0.198438 0.021875 0.046875
0 0.276562 0.157813 0.021875 0.046875
0 0.345313 0.200781 0.018750 0.042188
0 0.364063 0.207813 0.021875 0.043750
0 0.391406 0.196094 0.020313 0.042188
0 0.436719 0.240625 0.032813 0.065625
0 0.436719 0.180469 0.026563 0.057813
0 0.423438 0.145313 0.018750 0.040625
0 0.400000 0.140625 0.021875 0.037500
0 0.381250 0.153125 0.018750 0.037500
0 0.456250 0.150781 0.018750 0.042188
0 0.476562 0.202344 0.025000 0.060938
0 0.489063 0.135938 0.018750 0.046875
0 0.472656 0.124219 0.014063 0.032813
0 0.509375 0.125781 0.012500 0.029688
0 0.528125 0.153906 0.015625 0.042188
0 0.549219 0.177344 0.017188 0.042188
0 0.554688 0.157813 0.018750 0.034375
0 0.541406 0.137500 0.017188 0.028125
0 0.533594 0.064063 0.014063 0.025000
0 0.547656 0.061719 0.014063 0.023438
0 0.567969 0.064844 0.017188 0.026563
0 0.582031 0.153906 0.017188 0.035938
0 0.628906 0.147656 0.023438 0.048438
0 0.630469 0.112500 0.020313 0.031250
0 0.664062 0.113281 0.018750 0.039062
0 0.684375 0.114844 0.015625 0.035938
0 0.696094 0.097656 0.017188 0.032813
0 0.732031 0.086719 0.017188 0.032813
0 0.698438 0.157813 0.015625 0.034375
0 0.710156 0.178906 0.020313 0.039062
0 0.620313 0.266406 0.028125 0.057813
0 0.417188 0.363281 0.053125 0.095313
0 0.694531 0.307813 0.032813 0.071875
0 0.729688 0.297656 0.021875 0.048438
0 0.753906 0.260156 0.023438 0.051563
0 0.750000 0.200781 0.021875 0.051563
0 0.738281 0.157031 0.017188 0.032813
0 0.751563 0.129688 0.018750 0.037500
0 0.764844 0.167969 0.017188 0.039062
0 0.783594 0.129688 0.020313 0.037500
0 0.807031 0.153906 0.017188 0.035938
0 0.800781 0.210156 0.017188 0.035938
0 0.737500 0.374219 0.034375 0.079688
0 0.820312 0.377344 0.031250 0.070312
0 0.866406 0.440625 0.039062 0.090625
0 0.854688 0.306250 0.025000 0.062500
0 0.810938 0.255469 0.025000 0.048438
0 0.876563 0.185938 0.028125 0.062500
0 0.926563 0.298438 0.028125 0.065625
0 0.939063 0.172656 0.025000 0.057813
