0 0.382031 0.181250 0.014063 0.025000
0 0.420313 0.171094 0.009375 0.029688
0 0.509375 0.186719 0.015625 0.039062
0 0.504688 0.128125 0.009375 0.025000
0 0.526563 0.132031 0.012500 0.029688
0 0.545312 0.147656 0.012500 0.026563
0 0.563281 0.120313 0.010938 0.021875
0 0.578906 0.145313 0.010938 0.031250
0 0.605469 0.130469 0.014063 0.032813
0 0.603906 0.158594 0.014063 0.032813
0 0.630469 0.141406 0.014063 0.026563
0 0.636719 0.127344 0.014063 0.026563
0 0.659375 0.126562 0.012500 0.031250
0 0.682813 0.111719 0.009375 0.026563
0 0.709375 0.126562 0.009375 0.025000
0 0.628125 0.225781 0.015625 0.032813
0 0.664844 0.190625 0.017188 0.034375
0 0.675781 0.232031 0.017188 0.045313
0 0.720313 0.239063 0.018750 0.050000
0 0.703906 0.171875 0.010938 0.031250
0 0.717188 0.187500 0.015625 0.037500
0 0.737500 0.150781 0.012500 0.032813
0 0.743750 0.175781 0.015625 0.035938
0 0.757031 0.134375 0.010938 0.025000
0 0.778906 0.146094 0.014063 0.032813
0 0.777344 0.185156 0.017188 0.032813
0 0.803125 0.169531 0.012500 0.032813
0 0.794531 0.216406 0.017188 0.039062
0 0.827344 0.139844 0.010938 0.029688
0 0.838281 0.190625 0.014063 0.034375
0 0.878125 0.278125 0.018750 0.053125
0 0.905469 0.213281 0.010938 0.032813
0 0.922656 0.178906 0.010938 0.026563
0 0.939844 0.178125 0.010938 0.025000
0 0.940625 0.213281 0.012500 0.026563
0 0.936719 0.240625 0.014063 0.031250
0 0.815625 0.158594 0.012500 0.032813
0 0.432031 0.152344 0.010938 0.029688
0 0.445312 0.171875 0.012500 0.031250
0 0.453906 0.152344 0.010938 0.026563
0 0.463281 0.170313 0.010938 0.031250
0 0.482813 0.178906 0.021875 0.045313
