0 0.166406 0.503125 0.045313 0.096875
0 0.228125 0.353906 0.018750 0.035938
0 0.260937 0.363281 0.018750 0.045313
0 0.291406 0.385156 0.020313 0.045313
0 0.295313 0.314063 0.018750 0.040625
0 0.339063 0.377344 0.021875 0.054688
0 0.362500 0.340625 0.015625 0.031250
0 0.360938 0.305469 0.018750 0.029688
0 0.392969 0.352344 0.020313 0.039062
0 0.418750 0.347656 0.021875 0.045313
0 0.415625 0.314063 0.015625 0.031250
0 0.412500 0.290625 0.015625 0.028125
0 0.404688 0.270313 0.015625 0.031250
0 0.433594 0.275000 0.014063 0.028125
0 0.453906 0.274219 0.014063 0.035938
0 0.446875 0.324219 0.021875 0.042188
0 0.477344 0.314063 0.017188 0.034375
0 0.481250 0.363281 0.028125 0.042188
0 0.514844 0.332031 0.017188 0.039062
0 0.480469 0.281250 0.017188 0.028125
0 0.470313 0.256250 0.012500 0.028125
0 0.477344 0.248438 0.017188 0.031250
0 0.510156 0.278125 0.017188 0.034375
0 0.527344 0.293750 0.017188 0.034375
0 0.550781 0.260156 0.017188 0.029688
0 0.562500 0.297656 0.018750 0.039062
0 0.592969 0.271094 0.017188 0.029688
0 0.585156 0.260937 0.014063 0.028125
0 0.581250 0.230469 0.012500 0.026563
0 0.615625 0.234375 0.015625 0.028125
0 0.630469 0.253125 0.010938 0.025000
0 0.625781 0.215625 0.010938 0.028125
0 0.642969 0.230469 0.014063 0.023438
0 0.654688 0.257812 0.012500 0.025000
0 0.690625 0.240625 0.015625 0.025000
0 0.682813 0.225000 0.012500 0.028125
0 0.594531 0.234375 0.010938 0.025000
0 0.514844 0.397656 0.029688 0.064063
0 0.554688 0.423438 0.028125 0.059375
0 0.607031 0.396094 0.026563 0.057813
0 0.610938 0.342969 0.025000 0.045313
0 0.629688 0.447656 0.034375 0.073438
0 0.658594 0.486719 0.039062 0.067187
0 0.682031 0.385938 0.026563 0.043750
0 0.663281 0.364063 0.023438 0.040625
0 0.648438 0.325000 0.021875 0.040625
0 0.687500 0.294531 0.018750 0.039062
0 0.724219 0.265625 0.017188 0.037500
0 0.703125 0.240625 0.015625 0.031250
0 0.732813 0.317188 0.018750 0.040625
0 0.707813 0.369531 0.025000 0.048438
0 0.758594 0.428906 0.026563 0.057813
0 0.723438 0.531250 0.046875 0.084375
0 0.825781 0.517969 0.035938 0.057813
0 0.748438 0.262500 0.015625 0.034375
0 0.767969 0.274219 0.017188 0.035938
0 0.785156 0.296875 0.017188 0.037500
0 0.766406 0.233594 0.014063 0.029688
0 0.803906 0.249219 0.017188 0.029688
0 0.803906 0.277344 0.017188 0.032813
0 0.832813 0.258594 0.018750 0.039062
0 0.841406 0.318750 0.020313 0.034375
0 0.863281 0.270313 0.017188 0.034375
0 0.875000 0.283594 0.015625 0.032813
0 0.884375 0.285938 0.012500 0.028125
0 0.896094 0.270313 0.014063 0.031250
0 0.872656 0.323438 0.020313 0.037500
0 0.887500 0.378906 0.025000 0.057813
0 0.832813 0.372656 0.021875 0.051563
0 0.808594 0.441406 0.026563 0.057813
0 0.871875 0.469531 0.031250 0.070312
0 0.935938 0.475000 0.031250 0.065625
0 0.940625 0.414062 0.018750 0.050000
0 0.953125 0.374219 0.018750 0.039062
0 0.925781 0.344531 0.017188 0.045313
0 0.926563 0.290625 0.018750 0.040625
0 0.958594 0.318750 0.017188 0.031250
0 0.952344 0.346094 0.020313 0.035938
0 0.961719 0.295313 0.017188 0.031250
