0 0.203906 0.470313 0.035938 0.081250
0 0.265625 0.262500 0.015625 0.034375
0 0.279688 0.262500 0.015625 0.031250
0 0.303906 0.266406 0.020313 0.039062
0 0.325000 0.285156 0.021875 0.042188
0 0.314063 0.220313 0.018750 0.034375
0 0.343750 0.216406 0.015625 0.029688
0 0.385938 0.253906 0.018750 0.045313
0 0.406250 0.281250 0.021875 0.050000
0 0.405469 0.228125 0.020313 0.040625
0 0.445312 0.217188 0.021875 0.037500
0 0.424219 0.183594 0.014063 0.042188
0 0.407813 0.185938 0.015625 0.031250
0 0.446875 0.159375 0.018750 0.031250
0 0.467969 0.164062 0.014063 0.031250
0 0.465625 0.142969 0.012500 0.023438
0 0.474219 0.228125 0.023438 0.046875
0 0.480469 0.204688 0.017188 0.034375
0 0.486719 0.138281 0.017188 0.032813
0 0.507812 0.196094 0.021875 0.039062
0 0.517969 0.128906 0.014063 0.026563
0 0.524219 0.143750 0.014063 0.031250
0 0.539844 0.185938 0.020313 0.037500
0 0.553125 0.141406 0.015625 0.029688
0 0.559375 0.162500 0.015625 0.028125
0 0.587500 0.150781 0.018750 0.039062
0 0.585938 0.109375 0.012500 0.031250
0 0.619531 0.142969 0.014063 0.032813
0 0.610938 0.120313 0.012500 0.021875
0 0.644531 0.118750 0.014063 0.028125
0 0.665625 0.121875 0.015625 0.031250
0 0.650781 0.171094 0.020313 0.039062
0 0.624219 0.208594 0.020313 0.045313
0 0.557813 0.255469 0.031250 0.051563
0 0.493750 0.292187 0.031250 0.059375
0 0.549219 0.303125 0.032813 0.059375
0 0.603125 0.250000 0.028125 0.056250
0 0.654688 0.257812 0.028125 0.053125
0 0.657813 0.210156 0.021875 0.045313
0 0.691406 0.157031 0.017188 0.039062
0 0.709375 0.173438 0.015625 0.031250
0 0.716406 0.219531 0.020313 0.039062
0 0.696875 0.304688 0.031250 0.071875
0 0.721875 0.293750 0.028125 0.059375
0 0.759375 0.349219 0.028125 0.070312
0 0.756250 0.221094 0.021875 0.039062
0 0.735938 0.185938 0.018750 0.043750
0 0.724219 0.149219 0.017188 0.032813
0 0.753906 0.174219 0.017188 0.039062
0 0.749219 0.142969 0.017188 0.026563
0 0.770313 0.129688 0.015625 0.037500
0 0.781250 0.208594 0.018750 0.039062
0 0.791406 0.285156 0.023438 0.057813
0 0.858594 0.320312 0.026563 0.062500
0 0.863281 0.247656 0.020313 0.054688
0 0.826563 0.227344 0.021875 0.045313
0 0.805469 0.175000 0.010938 0.031250
0 0.801563 0.135938 0.015625 0.037500
0 0.819531 0.154688 0.017188 0.037500
0 0.833594 0.138281 0.014063 0.035938
0 0.868750 0.143750 0.012500 0.031250
0 0.843750 0.188281 0.015625 0.035938
0 0.870313 0.208594 0.018750 0.039062
0 0.882031 0.193750 0.014063 0.037500
0 0.909375 0.273438 0.021875 0.050000
