0 0.225000 0.503906 0.131250 0.295313
0 0.396875 0.810156 0.137500 0.251563
0 0.310938 0.324219 0.093750 0.204688
0 0.247656 0.087500 0.060938 0.140625
0 0.145313 0.354688 0.112500 0.221875
0 0.114063 0.112500 0.056250 0.109375
0 0.182813 0.273438 0.078125 0.159375
0 0.389063 0.262500 0.078125 0.162500
0 0.344531 0.056250 0.070312 0.109375
0 0.442969 0.050000 0.060938 0.096875
0 0.489063 0.286719 0.062500 0.132812
0 0.635938 0.208594 0.062500 0.135938
0 0.661719 0.119531 0.048438 0.089063
0 0.632031 0.041406 0.045313 0.079688
0 0.739844 0.051563 0.051563 0.093750
0 0.818750 0.205469 0.059375 0.145313
0 0.871094 0.172656 0.064063 0.142187
0 0.825781 0.057813 0.042188 0.096875
0 0.925781 0.061719 0.048438 0.104688
0 0.963281 0.161719 0.051563 0.126562
