0 0.546094 0.061719 0.017188 0.026563
0 0.471094 0.164062 0.014063 0.037500
0 0.485938 0.178125 0.018750 0.040625
0 0.450000 0.234375 0.021875 0.034375
0 0.414062 0.210938 0.021875 0.034375
0 0.550781 0.175000 0.017188 0.034375
0 0.564063 0.184375 0.018750 0.046875
0 0.638281 0.120313 0.017188 0.028125
0 0.675781 0.172656 0.017188 0.045313
0 0.634375 0.216406 0.021875 0.048438
0 0.621875 0.278906 0.021875 0.048438
0 0.639844 0.328125 0.032813 0.065625
0 0.681250 0.286719 0.021875 0.045313
0 0.682031 0.217188 0.020313 0.053125
0 0.727344 0.219531 0.020313 0.060938
0 0.941406 0.241406 0.020313 0.054688
