0 0.459375 0.548438 0.009375 0.012500
0 0.679688 0.585156 0.021875 0.029688
0 0.913281 0.556250 0.020313 0.028125
0 0.961719 0.642188 0.029688 0.037500
0 0.922656 0.711719 0.048438 0.051563
0 0.910156 0.662500 0.035938 0.050000
0 0.913281 0.620313 0.023438 0.034375
0 0.890625 0.635156 0.025000 0.035938
0 0.830469 0.679688 0.042188 0.053125
0 0.847656 0.642969 0.023438 0.039062
0 0.857813 0.625781 0.021875 0.029688
0 0.821875 0.635938 0.025000 0.040625
0 0.782813 0.642188 0.021875 0.031250
0 0.765625 0.628906 0.028125 0.039062
0 0.729688 0.614844 0.021875 0.029688
0 0.649219 0.725000 0.057813 0.065625
0 0.621875 0.672656 0.031250 0.054688
0 0.646094 0.659375 0.039062 0.043750
0 0.627344 0.630469 0.020313 0.029688
0 0.560156 0.616406 0.026563 0.029688
0 0.529687 0.656250 0.031250 0.040625
0 0.528906 0.629688 0.020313 0.025000
0 0.485156 0.646875 0.026563 0.031250
0 0.453906 0.694531 0.039062 0.054688
0 0.389844 0.729688 0.054688 0.075000
0 0.373438 0.675000 0.040625 0.043750
0 0.413281 0.626563 0.026563 0.040625
0 0.432813 0.616406 0.021875 0.035938
0 0.462500 0.617188 0.018750 0.028125
0 0.476562 0.610156 0.015625 0.023438
0 0.353906 0.619531 0.023438 0.029688
0 0.370313 0.606250 0.018750 0.025000
0 0.312500 0.614844 0.025000 0.032813
0 0.282813 0.635938 0.025000 0.028125
0 0.223438 0.726562 0.059375 0.068750
0 0.217188 0.670313 0.037500 0.043750
0 0.242188 0.625000 0.021875 0.028125
0 0.237500 0.606250 0.018750 0.025000
0 0.208594 0.610156 0.020313 0.026563
0 0.190625 0.622656 0.025000 0.029688
0 0.144531 0.635156 0.032813 0.032813
0 0.117969 0.679688 0.039062 0.046875
0 0.133594 0.610156 0.017188 0.023438
0 0.088281 0.636719 0.026563 0.029688
0 0.064844 0.653125 0.035938 0.037500
0 0.035156 0.679688 0.039062 0.046875
0 0.035156 0.628906 0.020313 0.026563
0 0.028125 0.613281 0.015625 0.023438
0 0.081250 0.610938 0.018750 0.028125
0 0.105469 0.607813 0.017188 0.028125
