0 0.166406 0.818750 0.157813 0.256250
0 0.275781 0.908594 0.151563 0.182813
0 0.097656 0.542969 0.042188 0.060938
0 0.115625 0.564844 0.028125 0.054688
0 0.156250 0.554688 0.031250 0.050000
0 0.175000 0.520313 0.031250 0.046875
0 0.224219 0.531250 0.032813 0.043750
0 0.235938 0.512500 0.025000 0.043750
0 0.251563 0.526563 0.028125 0.040625
0 0.337500 0.458594 0.025000 0.039062
0 0.360938 0.538281 0.040625 0.070312
0 0.371094 0.525000 0.032813 0.053125
0 0.450781 0.525000 0.035938 0.053125
0 0.444531 0.586719 0.042188 0.070312
0 0.493750 0.542969 0.034375 0.064063
0 0.529687 0.555469 0.040625 0.076563
0 0.567188 0.574219 0.062500 0.095313
0 0.661719 0.657031 0.132812 0.198438
0 0.675000 0.464063 0.021875 0.043750
0 0.721094 0.453125 0.032813 0.046875
0 0.774219 0.542969 0.029688 0.054688
0 0.800000 0.542969 0.034375 0.057813
0 0.867188 0.596094 0.059375 0.089063
0 0.943750 0.596875 0.059375 0.103125
0 0.925000 0.737500 0.137500 0.228125
0 0.798438 0.867188 0.115625 0.196875
