0 0.111719 0.557813 0.057813 0.106250
0 0.252344 0.270313 0.017188 0.037500
0 0.272656 0.278125 0.020313 0.040625
0 0.300781 0.273438 0.020313 0.037500
0 0.349219 0.271094 0.020313 0.039062
0 0.375781 0.271875 0.020313 0.040625
0 0.392188 0.296875 0.025000 0.050000
0 0.308594 0.237500 0.020313 0.034375
0 0.331250 0.235938 0.018750 0.037500
0 0.355469 0.235156 0.020313 0.039062
0 0.382812 0.229688 0.018750 0.040625
0 0.435938 0.255469 0.021875 0.045313
0 0.378125 0.185938 0.012500 0.031250
0 0.387500 0.197656 0.015625 0.029688
0 0.420313 0.199219 0.015625 0.032813
0 0.443750 0.199219 0.018750 0.032813
0 0.442969 0.177344 0.017188 0.029688
0 0.472656 0.236719 0.020313 0.045313
0 0.483594 0.204688 0.020313 0.040625
0 0.462500 0.154688 0.015625 0.031250
0 0.482031 0.145313 0.014063 0.028125
0 0.509375 0.176563 0.018750 0.031250
0 0.535938 0.190625 0.018750 0.040625
0 0.531250 0.175000 0.015625 0.031250
0 0.560937 0.153125 0.012500 0.028125
0 0.564844 0.125781 0.014063 0.029688
0 0.594531 0.127344 0.010938 0.029688
0 0.614844 0.125781 0.014063 0.029688
0 0.595313 0.150781 0.012500 0.032813
0 0.570312 0.183594 0.018750 0.039062
0 0.577344 0.220313 0.020313 0.050000
0 0.619531 0.149219 0.014063 0.032813
0 0.635156 0.142969 0.014063 0.035938
0 0.673438 0.126562 0.015625 0.028125
0 0.682813 0.163281 0.015625 0.042188
0 0.721094 0.140625 0.014063 0.037500
0 0.756250 0.145313 0.015625 0.031250
0 0.756250 0.132812 0.015625 0.028125
0 0.769531 0.163281 0.017188 0.035938
0 0.788281 0.157813 0.014063 0.037500
0 0.798438 0.182813 0.018750 0.040625
0 0.833594 0.158594 0.017188 0.029688
0 0.847656 0.165625 0.017188 0.040625
0 0.893750 0.168750 0.015625 0.031250
0 0.892188 0.159375 0.015625 0.031250
0 0.845313 0.196094 0.018750 0.045313
0 0.885156 0.194531 0.017188 0.048438
0 0.907813 0.240625 0.018750 0.046875
0 0.928906 0.264844 0.023438 0.057813
0 0.848438 0.243750 0.025000 0.059375
0 0.848438 0.296875 0.028125 0.059375
0 0.775781 0.207813 0.020313 0.046875
0 0.757031 0.236719 0.026563 0.054688
0 0.773438 0.276562 0.028125 0.062500
0 0.714844 0.280469 0.023438 0.064063
0 0.669531 0.266406 0.023438 0.057813
0 0.610938 0.271094 0.025000 0.057813
0 0.618750 0.301563 0.028125 0.056250
0 0.582813 0.295313 0.028125 0.056250
0 0.624219 0.212500 0.020313 0.040625
0 0.669531 0.223438 0.023438 0.050000
0 0.701563 0.235156 0.025000 0.054688
0 0.706250 0.192188 0.018750 0.043750
0 0.728125 0.207813 0.018750 0.046875
0 0.504688 0.295313 0.028125 0.056250
