0 0.076563 0.242969 0.065625 0.157813
0 0.054688 0.154688 0.043750 0.084375
0 0.012500 0.224219 0.018750 0.114063
0 0.179688 0.192188 0.040625 0.084375
0 0.195312 0.255469 0.037500 0.085938
0 0.279688 0.239063 0.056250 0.115625
0 0.301563 0.197656 0.050000 0.095313
0 0.392969 0.226562 0.042188 0.090625
0 0.485156 0.211719 0.035938 0.073438
0 0.520313 0.212500 0.053125 0.115625
0 0.560937 0.187500 0.034375 0.103125
0 0.595313 0.179688 0.031250 0.071875
0 0.664062 0.206250 0.037500 0.096875
0 0.697656 0.203906 0.035938 0.079688
0 0.793750 0.188281 0.034375 0.095313
0 0.928125 0.417969 0.109375 0.235938
