0 0.109375 0.581250 0.084375 0.146875
0 0.167969 0.483594 0.054688 0.095313
0 0.209375 0.441406 0.046875 0.067187
0 0.248438 0.669531 0.140625 0.201563
0 0.308594 0.437500 0.042188 0.071875
0 0.367188 0.404688 0.031250 0.056250
0 0.428906 0.521875 0.054688 0.093750
0 0.404688 0.464063 0.046875 0.075000
0 0.481250 0.432813 0.046875 0.071875
0 0.492188 0.619531 0.112500 0.154688
0 0.612500 0.538281 0.084375 0.126562
0 0.554688 0.480469 0.056250 0.104688
0 0.560156 0.428125 0.035938 0.043750
0 0.547656 0.396875 0.026563 0.043750
0 0.650000 0.417969 0.034375 0.060938
0 0.674219 0.489844 0.054688 0.095313
0 0.747656 0.528125 0.060938 0.115625
0 0.773438 0.418750 0.040625 0.078125
0 0.843750 0.485156 0.071875 0.104688
0 0.916406 0.475781 0.054688 0.085938
0 0.935156 0.451563 0.042188 0.081250
