0 0.953906 0.179688 0.076563 0.128125
0 0.532813 0.713281 0.112500 0.170313
0 0.267188 0.942188 0.171875 0.118750
0 0.068750 0.682031 0.115625 0.173438
0 0.271094 0.617969 0.073438 0.142187
0 0.613281 0.616406 0.079688 0.129688
0 0.712500 0.485938 0.071875 0.087500
0 0.756250 0.469531 0.046875 0.098438
0 0.780469 0.446875 0.051563 0.078125
0 0.799219 0.419531 0.032813 0.067187
0 0.807031 0.392969 0.029688 0.054688
0 0.781250 0.381250 0.031250 0.062500
0 0.681250 0.383594 0.034375 0.060938
0 0.653125 0.407031 0.040625 0.076563
0 0.594531 0.453906 0.045313 0.070312
0 0.550781 0.488281 0.051563 0.092188
0 0.479688 0.499219 0.062500 0.104688
0 0.550781 0.403906 0.032813 0.051563
0 0.567188 0.372656 0.034375 0.051563
0 0.439844 0.386719 0.026563 0.054688
0 0.410156 0.384375 0.035938 0.053125
0 0.392188 0.435938 0.043750 0.075000
0 0.345313 0.452344 0.046875 0.079688
0 0.358594 0.388281 0.035938 0.051563
0 0.333594 0.378906 0.029688 0.054688
0 0.292187 0.394531 0.034375 0.054688
0 0.250781 0.480469 0.060938 0.095313
0 0.233594 0.430469 0.039062 0.054688
0 0.249219 0.405469 0.035938 0.067187
0 0.167969 0.382031 0.035938 0.057813
0 0.151563 0.457813 0.046875 0.087500
0 0.131250 0.411719 0.031250 0.054688
0 0.077344 0.435156 0.035938 0.067187
0 0.051563 0.471875 0.059375 0.078125
0 0.051563 0.550781 0.084375 0.104688
