0 0.203125 0.487500 0.046875 0.087500
0 0.304688 0.245313 0.018750 0.034375
0 0.342188 0.277344 0.021875 0.042188
0 0.435156 0.282031 0.023438 0.042188
0 0.392188 0.207031 0.015625 0.032813
0 0.433594 0.218750 0.014063 0.034375
0 0.453906 0.224219 0.017188 0.035938
0 0.457031 0.190625 0.017188 0.031250
0 0.437500 0.173438 0.015625 0.031250
0 0.485938 0.193750 0.015625 0.028125
0 0.464063 0.159375 0.012500 0.028125
0 0.482031 0.158594 0.014063 0.029688
0 0.510938 0.167969 0.012500 0.032813
0 0.495313 0.135938 0.012500 0.025000
0 0.568750 0.151563 0.012500 0.025000
0 0.591406 0.160156 0.017188 0.029688
0 0.545312 0.146875 0.012500 0.028125
0 0.551563 0.127344 0.012500 0.026563
0 0.573438 0.126562 0.015625 0.018750
0 0.607813 0.061719 0.012500 0.020313
0 0.650000 0.060938 0.012500 0.028125
0 0.634375 0.117969 0.015625 0.026563
0 0.622656 0.143750 0.010938 0.025000
0 0.601562 0.125000 0.012500 0.021875
0 0.490625 0.326563 0.025000 0.043750
0 0.568750 0.303125 0.028125 0.050000
0 0.574219 0.250000 0.020313 0.037500
0 0.617188 0.251563 0.018750 0.037500
0 0.632031 0.303125 0.026563 0.053125
0 0.675781 0.264063 0.020313 0.050000
0 0.635938 0.199219 0.021875 0.035938
0 0.680469 0.210156 0.020313 0.032813
0 0.719531 0.203125 0.017188 0.040625
0 0.701563 0.161719 0.015625 0.032813
0 0.708594 0.107031 0.014063 0.029688
0 0.731250 0.146094 0.012500 0.026563
0 0.742969 0.179688 0.014063 0.031250
0 0.763281 0.192188 0.017188 0.028125
0 0.772656 0.153906 0.014063 0.026563
0 0.755469 0.121094 0.014063 0.029688
0 0.771875 0.114063 0.012500 0.031250
0 0.776563 0.183594 0.012500 0.026563
0 0.819531 0.190625 0.020313 0.040625
0 0.834375 0.133594 0.012500 0.020313
0 0.850781 0.154688 0.014063 0.028125
0 0.871875 0.188281 0.015625 0.029688
0 0.896094 0.234375 0.017188 0.031250
0 0.909375 0.194531 0.015625 0.042188
0 0.946094 0.200000 0.017188 0.034375
0 0.793750 0.316406 0.021875 0.048438
0 0.735156 0.284375 0.020313 0.053125
0 0.480469 0.217188 0.020313 0.037500
