0 0.790625 0.673438 0.087500 0.128125
0 0.756250 0.605469 0.059375 0.098438
0 0.718750 0.526563 0.040625 0.065625
0 0.707031 0.488281 0.042188 0.064063
0 0.676563 0.501563 0.037500 0.046875
0 0.760938 0.489844 0.031250 0.051563
0 0.822656 0.496875 0.042188 0.053125
0 0.843750 0.551563 0.050000 0.071875
0 0.899219 0.534375 0.045313 0.065625
0 0.925781 0.611719 0.076563 0.085938
0 0.957031 0.549219 0.060938 0.076563
0 0.633594 0.392188 0.029688 0.037500
0 0.226562 0.600781 0.081250 0.117188
0 0.182031 0.525000 0.045313 0.071875
0 0.175781 0.492188 0.048438 0.046875
0 0.232813 0.468750 0.034375 0.053125
0 0.253125 0.506250 0.034375 0.053125
0 0.288281 0.464844 0.032813 0.048438
0 0.318750 0.478906 0.037500 0.045313
0 0.354688 0.503906 0.037500 0.051563
0 0.393750 0.510938 0.046875 0.068750
0 0.408594 0.466406 0.032813 0.042188
0 0.446875 0.492969 0.040625 0.064063
0 0.075781 0.521875 0.051563 0.065625
0 0.068750 0.461719 0.034375 0.042188
0 0.040625 0.450781 0.034375 0.045313
