0 0.057031 0.550000 0.082813 0.096875
0 0.154688 0.525781 0.068750 0.082813
0 0.104688 0.346094 0.078125 0.098438
0 0.050781 0.317188 0.064063 0.075000
0 0.021875 0.351562 0.037500 0.078125
0 0.225000 0.334375 0.075000 0.100000
0 0.277344 0.500000 0.067187 0.081250
0 0.334375 0.380469 0.065625 0.082813
0 0.355469 0.328906 0.060938 0.073438
0 0.407031 0.322656 0.051563 0.060938
0 0.443750 0.358594 0.056250 0.064063
0 0.425000 0.529687 0.059375 0.068750
0 0.505469 0.494531 0.057813 0.076563
0 0.500781 0.325000 0.051563 0.078125
0 0.546875 0.362500 0.046875 0.062500
0 0.604688 0.481250 0.056250 0.068750
0 0.675000 0.464844 0.056250 0.079688
0 0.591406 0.316406 0.042188 0.064063
0 0.653906 0.343750 0.045313 0.059375
0 0.707813 0.325000 0.043750 0.065625
0 0.750781 0.449219 0.057813 0.070312
0 0.749219 0.353906 0.042188 0.042188
0 0.815625 0.448438 0.046875 0.059375
0 0.844531 0.335938 0.039062 0.053125
0 0.961719 0.365625 0.051563 0.068750
