0 0.110156 0.381250 0.070312 0.118750
0 0.192188 0.495313 0.093750 0.134375
0 0.309375 0.563281 0.125000 0.192188
0 0.393750 0.375781 0.056250 0.085938
0 0.346875 0.356250 0.046875 0.062500
0 0.274219 0.364844 0.057813 0.089063
0 0.240625 0.308594 0.037500 0.054688
0 0.210156 0.301563 0.032813 0.043750
0 0.166406 0.328125 0.039062 0.068750
0 0.280469 0.270313 0.026563 0.031250
0 0.301563 0.281250 0.025000 0.037500
0 0.345313 0.303906 0.028125 0.051563
0 0.409375 0.311719 0.028125 0.048438
0 0.418750 0.275000 0.021875 0.034375
0 0.399219 0.265625 0.020313 0.028125
0 0.363281 0.221875 0.014063 0.025000
0 0.335938 0.263281 0.021875 0.032813
0 0.324219 0.270313 0.017188 0.025000
0 0.447656 0.284375 0.020313 0.028125
0 0.466406 0.317969 0.035938 0.048438
0 0.507812 0.330469 0.034375 0.051563
0 0.542188 0.370313 0.053125 0.081250
0 0.604688 0.342188 0.037500 0.053125
0 0.571094 0.236719 0.026563 0.042188
0 0.526563 0.276562 0.021875 0.025000
0 0.540625 0.269531 0.018750 0.026563
0 0.491406 0.288281 0.020313 0.032813
0 0.497656 0.267188 0.020313 0.025000
0 0.454688 0.238281 0.015625 0.026563
0 0.615625 0.310938 0.025000 0.037500
0 0.602344 0.276562 0.017188 0.021875
0 0.635938 0.299219 0.018750 0.032813
0 0.662500 0.307813 0.025000 0.043750
0 0.662500 0.283594 0.015625 0.026563
0 0.631250 0.280469 0.015625 0.020313
0 0.709375 0.251563 0.015625 0.021875
0 0.752344 0.250000 0.017188 0.028125
0 0.735938 0.309375 0.028125 0.034375
0 0.749219 0.345313 0.032813 0.043750
0 0.785938 0.436719 0.059375 0.110938
0 0.767188 0.293750 0.025000 0.031250
0 0.808594 0.302344 0.026563 0.039062
0 0.849219 0.295313 0.020313 0.034375
0 0.925000 0.316406 0.034375 0.048438
0 0.978125 0.354688 0.043750 0.068750
