0 0.155469 0.260937 0.167188 0.262500
0 0.487500 0.485938 0.040625 0.059375
0 0.544531 0.510938 0.035938 0.071875
0 0.591406 0.471875 0.032813 0.059375
0 0.618750 0.542188 0.040625 0.071875
0 0.669531 0.509375 0.035938 0.059375
0 0.750000 0.617969 0.046875 0.095313
0 0.767188 0.526563 0.037500 0.068750
0 0.713281 0.476562 0.026563 0.050000
0 0.769531 0.485938 0.029688 0.040625
0 0.780469 0.464063 0.026563 0.040625
0 0.835156 0.464063 0.026563 0.059375
0 0.849219 0.474219 0.023438 0.035938
0 0.852344 0.519531 0.029688 0.054688
0 0.889063 0.560937 0.043750 0.071875
0 0.960156 0.544531 0.039062 0.067187
0 0.937500 0.490625 0.031250 0.059375
0 0.902344 0.485938 0.026563 0.059375
