0 0.341406 0.207813 0.017188 0.028125
0 0.532813 0.205469 0.021875 0.039062
0 0.542969 0.224219 0.023438 0.051563
0 0.589844 0.220313 0.020313 0.050000
0 0.627344 0.201563 0.020313 0.043750
0 0.631250 0.225000 0.025000 0.053125
0 0.666406 0.214844 0.020313 0.048438
0 0.682031 0.175781 0.020313 0.045313
0 0.707031 0.194531 0.017188 0.042188
0 0.747656 0.271094 0.023438 0.051563
0 0.823438 0.267969 0.028125 0.054688
0 0.875781 0.278906 0.026563 0.051563
0 0.882812 0.332031 0.040625 0.085938
0 0.921094 0.291406 0.020313 0.048438
0 0.937500 0.286719 0.021875 0.064063
