0 0.984375 0.406250 0.031250 0.034375
0 0.907813 0.421875 0.053125 0.046875
0 0.785156 0.469531 0.070312 0.064063
0 0.798438 0.429688 0.059375 0.043750
0 0.700000 0.510938 0.040625 0.043750
0 0.698438 0.477344 0.040625 0.032813
0 0.526563 0.348438 0.043750 0.037500
0 0.537500 0.484375 0.078125 0.059375
0 0.328125 0.569531 0.071875 0.051563
0 0.260937 0.526563 0.078125 0.056250
0 0.182813 0.514844 0.059375 0.045313
0 0.086719 0.448438 0.092188 0.068750
0 0.023438 0.478906 0.043750 0.032813
0 0.025781 0.353906 0.032813 0.039062
0 0.125781 0.342969 0.045313 0.035938
0 0.222656 0.339844 0.035938 0.039062
0 0.337500 0.339063 0.028125 0.028125
0 0.392969 0.414844 0.029688 0.023438
0 0.323438 0.402344 0.031250 0.029688
0 0.252344 0.417969 0.048438 0.029688
0 0.164062 0.428125 0.056250 0.040625
