0 0.775000 0.650781 0.115625 0.220313
0 0.873438 0.623438 0.103125 0.162500
0 0.967188 0.628125 0.068750 0.153125
0 0.669531 0.605469 0.029688 0.070312
0 0.641406 0.607031 0.020313 0.048438
0 0.614063 0.587500 0.015625 0.034375
0 0.583594 0.571875 0.032813 0.065625
0 0.682813 0.600000 0.021875 0.056250
0 0.557813 0.637500 0.059375 0.115625
0 0.510156 0.587500 0.042188 0.090625
0 0.483594 0.575000 0.029688 0.062500
0 0.451563 0.569531 0.025000 0.051563
0 0.446094 0.647656 0.070312 0.139063
0 0.403125 0.578906 0.037500 0.073438
0 0.348438 0.607031 0.056250 0.104688
0 0.342188 0.550781 0.040625 0.076563
0 0.273438 0.579688 0.037500 0.087500
0 0.215625 0.557813 0.028125 0.050000
0 0.179688 0.584375 0.043750 0.081250
0 0.105469 0.559375 0.032813 0.068750
