0 0.118750 0.573438 0.056250 0.109375
0 0.271875 0.260156 0.015625 0.039062
0 0.282813 0.253125 0.015625 0.040625
0 0.292187 0.289062 0.018750 0.040625
0 0.375000 0.283594 0.021875 0.039062
0 0.362500 0.268750 0.015625 0.034375
0 0.348438 0.240625 0.015625 0.028125
0 0.370313 0.242188 0.018750 0.031250
0 0.377344 0.189063 0.014063 0.031250
0 0.394531 0.193750 0.017188 0.028125
0 0.417969 0.183594 0.014063 0.032813
0 0.416406 0.148438 0.014063 0.028125
0 0.450000 0.186719 0.018750 0.035938
0 0.467188 0.189063 0.018750 0.037500
0 0.477344 0.225781 0.020313 0.042188
0 0.451563 0.228125 0.025000 0.043750
0 0.445312 0.164062 0.012500 0.025000
0 0.477344 0.154688 0.014063 0.028125
0 0.472656 0.135938 0.010938 0.021875
0 0.490625 0.196094 0.018750 0.045313
0 0.507812 0.179688 0.015625 0.031250
0 0.525000 0.207031 0.021875 0.048438
0 0.509375 0.135156 0.012500 0.026563
0 0.525781 0.142969 0.017188 0.029688
0 0.543750 0.124219 0.015625 0.026563
0 0.553906 0.115625 0.014063 0.028125
0 0.560156 0.135156 0.014063 0.029688
0 0.571875 0.151563 0.012500 0.031250
0 0.587500 0.178125 0.015625 0.040625
0 0.582813 0.106250 0.012500 0.028125
0 0.600000 0.110938 0.009375 0.028125
0 0.614844 0.101562 0.014063 0.031250
0 0.612500 0.160156 0.015625 0.029688
0 0.654688 0.173438 0.018750 0.040625
0 0.647656 0.136719 0.014063 0.029688
0 0.650000 0.120313 0.012500 0.028125
0 0.642969 0.103906 0.014063 0.029688
0 0.675000 0.102344 0.015625 0.032813
0 0.698438 0.117969 0.012500 0.029688
0 0.551563 0.181250 0.015625 0.031250
0 0.499219 0.292969 0.032813 0.064063
0 0.541406 0.321875 0.026563 0.053125
0 0.576562 0.246875 0.021875 0.040625
0 0.621094 0.246875 0.023438 0.046875
0 0.635156 0.203125 0.017188 0.034375
0 0.665625 0.214844 0.025000 0.048438
0 0.702344 0.151563 0.014063 0.031250
0 0.710938 0.179688 0.018750 0.046875
0 0.731250 0.197656 0.018750 0.048438
0 0.728906 0.249219 0.020313 0.054688
0 0.703125 0.235938 0.025000 0.046875
0 0.755469 0.135938 0.014063 0.031250
0 0.751563 0.115625 0.012500 0.025000
0 0.765625 0.126562 0.015625 0.031250
0 0.796094 0.139844 0.017188 0.039062
0 0.812500 0.146094 0.015625 0.042188
0 0.833594 0.139844 0.014063 0.032813
0 0.854688 0.127344 0.012500 0.032813
0 0.867969 0.131250 0.014063 0.025000
0 0.862500 0.167188 0.015625 0.037500
0 0.871875 0.158594 0.012500 0.023438
0 0.887500 0.203125 0.018750 0.034375
0 0.890625 0.172656 0.015625 0.026563
0 0.901563 0.164844 0.012500 0.029688
0 0.899219 0.133594 0.007812 0.026563
0 0.928125 0.211719 0.018750 0.039062
0 0.932031 0.249219 0.020313 0.035938
0 0.916406 0.267188 0.020313 0.040625
0 0.913281 0.312500 0.029688 0.059375
0 0.899219 0.409375 0.035938 0.084375
0 0.814844 0.408594 0.035938 0.079688
0 0.746094 0.382031 0.032813 0.073438
0 0.696094 0.307813 0.039062 0.075000
0 0.628906 0.315625 0.039062 0.068750
0 0.764063 0.245313 0.028125 0.068750
0 0.774219 0.183594 0.020313 0.039062
0 0.812500 0.254688 0.025000 0.053125
0 0.832813 0.210938 0.018750 0.053125
0 0.846094 0.286719 0.029688 0.057813
0 0.880469 0.260156 0.023438 0.054688
