0 0.187500 0.380469 0.040625 0.076563
0 0.298438 0.217969 0.015625 0.035938
0 0.307031 0.239063 0.017188 0.037500
0 0.323438 0.244531 0.018750 0.042188
0 0.347656 0.249219 0.017188 0.035938
0 0.355469 0.204688 0.017188 0.034375
0 0.343750 0.183594 0.012500 0.023438
0 0.378906 0.200781 0.017188 0.032813
0 0.380469 0.244531 0.017188 0.035938
0 0.413281 0.242969 0.020313 0.035938
0 0.414062 0.192188 0.012500 0.028125
0 0.414844 0.160156 0.010938 0.023438
0 0.442188 0.168750 0.015625 0.034375
0 0.467188 0.171875 0.015625 0.034375
0 0.470313 0.148438 0.015625 0.025000
0 0.488281 0.146094 0.014063 0.026563
0 0.487500 0.171875 0.015625 0.034375
0 0.485156 0.214844 0.014063 0.039062
0 0.452344 0.222656 0.017188 0.029688
0 0.497656 0.133594 0.014063 0.023438
0 0.525781 0.135156 0.014063 0.029688
0 0.506250 0.172656 0.012500 0.026563
0 0.525000 0.171094 0.015625 0.029688
0 0.531250 0.180469 0.015625 0.029688
0 0.494531 0.283594 0.023438 0.048438
0 0.548438 0.281250 0.025000 0.053125
0 0.565625 0.249219 0.021875 0.048438
0 0.595313 0.330469 0.028125 0.054688
0 0.622656 0.244531 0.023438 0.048438
0 0.632812 0.217188 0.018750 0.034375
0 0.624219 0.151563 0.010938 0.025000
0 0.591406 0.175781 0.014063 0.029688
0 0.557031 0.183594 0.014063 0.029688
0 0.555469 0.163281 0.014063 0.026563
0 0.570312 0.153906 0.012500 0.023438
0 0.550000 0.146094 0.012500 0.020313
0 0.557813 0.131250 0.015625 0.025000
0 0.588281 0.123438 0.014063 0.034375
0 0.607031 0.126562 0.014063 0.031250
0 0.625781 0.124219 0.010938 0.026563
0 0.634375 0.110938 0.012500 0.025000
0 0.667969 0.107813 0.010938 0.025000
0 0.659375 0.138281 0.012500 0.023438
0 0.693750 0.122656 0.012500 0.023438
0 0.696875 0.106250 0.009375 0.018750
0 0.720313 0.106250 0.009375 0.018750
0 0.667969 0.181250 0.014063 0.028125
0 0.694531 0.200781 0.020313 0.029688
0 0.704688 0.175781 0.012500 0.023438
0 0.752344 0.138281 0.014063 0.032813
0 0.676563 0.271875 0.021875 0.050000
0 0.700000 0.310156 0.028125 0.054688
0 0.731250 0.300000 0.021875 0.046875
0 0.750000 0.391406 0.028125 0.070312
0 0.783594 0.308594 0.020313 0.054688
0 0.769531 0.232813 0.020313 0.037500
0 0.737500 0.221875 0.018750 0.034375
0 0.759375 0.196875 0.015625 0.031250
0 0.735938 0.194531 0.015625 0.026563
0 0.795313 0.143750 0.012500 0.028125
0 0.802344 0.164844 0.014063 0.035938
0 0.807813 0.214844 0.015625 0.032813
0 0.808594 0.255469 0.020313 0.048438
0 0.857031 0.292969 0.020313 0.051563
0 0.822656 0.414844 0.026563 0.067187
0 0.874219 0.260937 0.017188 0.040625
0 0.883594 0.231250 0.017188 0.040625
0 0.932813 0.218750 0.015625 0.043750
0 0.928906 0.289844 0.020313 0.042188
0 0.928125 0.334375 0.021875 0.056250
0 0.907031 0.413281 0.032813 0.073438
