0 0.096875 0.568750 0.037500 0.071875
0 0.191406 0.345313 0.017188 0.031250
0 0.222656 0.372656 0.020313 0.035938
0 0.262500 0.372656 0.015625 0.035938
0 0.289062 0.405469 0.021875 0.042188
0 0.251563 0.316406 0.015625 0.029688
0 0.320312 0.350781 0.018750 0.035938
0 0.326563 0.305469 0.015625 0.032813
0 0.357031 0.348438 0.014063 0.031250
0 0.385156 0.342188 0.017188 0.037500
0 0.366406 0.272656 0.017188 0.032813
0 0.383594 0.310938 0.017188 0.025000
0 0.380469 0.282813 0.010938 0.025000
0 0.451563 0.328906 0.018750 0.039062
0 0.416406 0.319531 0.020313 0.032813
0 0.425781 0.265625 0.014063 0.028125
0 0.408594 0.259375 0.014063 0.025000
0 0.442969 0.280469 0.017188 0.029688
0 0.444531 0.250781 0.014063 0.026563
0 0.453125 0.235938 0.012500 0.021875
0 0.492188 0.274219 0.012500 0.032813
0 0.508594 0.278906 0.014063 0.032813
0 0.490625 0.332031 0.015625 0.032813
0 0.432031 0.357813 0.023438 0.034375
0 0.454688 0.419531 0.028125 0.067187
0 0.505469 0.249219 0.014063 0.026563
0 0.546875 0.283594 0.015625 0.035938
0 0.541406 0.247656 0.014063 0.029688
0 0.566406 0.253906 0.014063 0.032813
0 0.560156 0.218750 0.010938 0.025000
0 0.571094 0.213281 0.010938 0.023438
0 0.596094 0.252344 0.014063 0.029688
0 0.642188 0.250000 0.012500 0.028125
0 0.639063 0.221875 0.012500 0.021875
0 0.613281 0.201563 0.010938 0.025000
0 0.669531 0.211719 0.010938 0.026563
0 0.678125 0.229688 0.009375 0.025000
0 0.684375 0.214844 0.015625 0.029688
0 0.672656 0.282813 0.017188 0.031250
0 0.710156 0.263281 0.017188 0.029688
0 0.593750 0.344531 0.021875 0.042188
0 0.531250 0.422656 0.028125 0.045313
0 0.524219 0.389844 0.026563 0.042188
0 0.582813 0.416406 0.025000 0.039062
0 0.575000 0.479688 0.031250 0.059375
0 0.637500 0.483594 0.037500 0.067187
0 0.667188 0.390625 0.021875 0.043750
0 0.642969 0.364063 0.020313 0.040625
0 0.632031 0.312500 0.017188 0.028125
0 0.689844 0.327344 0.017188 0.035938
0 0.718750 0.307031 0.015625 0.039062
0 0.753125 0.253906 0.012500 0.029688
0 0.765625 0.221875 0.012500 0.031250
0 0.703906 0.563281 0.035938 0.070312
0 0.726562 0.420313 0.028125 0.046875
0 0.694531 0.376563 0.023438 0.040625
0 0.828125 0.371875 0.021875 0.046875
0 0.788281 0.447656 0.023438 0.057813
0 0.839063 0.520313 0.031250 0.062500
0 0.867188 0.475781 0.028125 0.057813
0 0.939063 0.500000 0.028125 0.065625
0 0.877344 0.386719 0.023438 0.048438
0 0.892188 0.343750 0.015625 0.037500
0 0.922656 0.333594 0.017188 0.039062
0 0.949219 0.371875 0.017188 0.043750
0 0.958594 0.332031 0.014063 0.035938
0 0.972656 0.323438 0.017188 0.031250
0 0.965625 0.291406 0.015625 0.029688
0 0.917969 0.282031 0.017188 0.029688
0 0.900000 0.264063 0.015625 0.031250
0 0.865625 0.284375 0.015625 0.028125
0 0.876563 0.265625 0.015625 0.031250
0 0.860938 0.256250 0.018750 0.031250
0 0.837500 0.277344 0.015625 0.035938
0 0.821094 0.296875 0.017188 0.028125
0 0.868750 0.332813 0.018750 0.037500
0 0.842188 0.352344 0.018750 0.042188
0 0.782813 0.293750 0.018750 0.034375
0 0.775781 0.260937 0.014063 0.025000
0 0.792969 0.274219 0.017188 0.035938
0 0.793750 0.243750 0.015625 0.034375
0 0.825781 0.244531 0.017188 0.029688
