0 0.102344 0.750781 0.057813 0.089063
0 0.147656 0.701563 0.051563 0.093750
0 0.152344 0.807813 0.060938 0.096875
0 0.133594 0.886719 0.085938 0.129688
0 0.183594 0.959375 0.132812 0.081250
0 0.261719 0.713281 0.067187 0.110938
0 0.289062 0.684375 0.046875 0.087500
0 0.342188 0.804688 0.062500 0.090625
0 0.393750 0.443750 0.043750 0.090625
0 0.479688 0.519531 0.050000 0.079688
0 0.516406 0.514062 0.048438 0.075000
0 0.567188 0.499219 0.040625 0.079688
0 0.653125 0.496875 0.050000 0.084375
0 0.668750 0.490625 0.034375 0.075000
0 0.717188 0.499219 0.046875 0.076563
0 0.739844 0.495313 0.045313 0.081250
0 0.764063 0.456250 0.040625 0.078125
0 0.565625 0.746875 0.056250 0.096875
0 0.542969 0.689063 0.054688 0.090625
0 0.633594 0.714063 0.064063 0.103125
0 0.652344 0.663281 0.051563 0.082813
0 0.718750 0.803906 0.075000 0.117188
0 0.921094 0.789844 0.079688 0.110938
0 0.876563 0.719531 0.059375 0.082813
0 0.847656 0.661719 0.054688 0.076563
