1 0.685156 0.630469 0.073438 0.101562
1 0.710156 0.407813 0.039062 0.078125
1 0.428125 0.564063 0.050000 0.084375
1 0.459375 0.445312 0.040625 0.062500
1 0.482031 0.432813 0.029688 0.062500
1 0.544531 0.424219 0.029688 0.060938
1 0.802344 0.406250 0.035938 0.065625
1 0.842188 0.399219 0.037500 0.064063
1 0.963281 0.407031 0.032813 0.070312
1 0.312500 0.392969 0.062500 0.107813
1 0.601562 0.345313 0.056250 0.112500
1 0.355469 0.464063 0.032813 0.065625
1 0.393750 0.435156 0.034375 0.070312
1 0.224219 0.309375 0.073438 0.125000
1 0.121094 0.384375 0.048438 0.075000
1 0.014844 0.466406 0.026563 0.060938
1 0.011719 0.368750 0.020313 0.075000
