0 0.088281 0.317969 0.020313 0.045313
0 0.151563 0.301563 0.021875 0.043750
0 0.387500 0.267969 0.021875 0.042188
0 0.357813 0.244531 0.021875 0.042188
0 0.425000 0.164844 0.018750 0.032813
0 0.471875 0.225000 0.021875 0.046875
0 0.499219 0.315625 0.026563 0.059375
0 0.549219 0.334375 0.032813 0.056250
0 0.547656 0.144531 0.017188 0.029688
0 0.584375 0.138281 0.015625 0.035938
0 0.607031 0.121094 0.010938 0.026563
0 0.644531 0.241406 0.020313 0.035938
0 0.660156 0.228906 0.020313 0.042188
0 0.807813 0.278125 0.025000 0.059375
0 0.866406 0.314063 0.035938 0.062500
0 0.928125 0.153125 0.012500 0.025000
0 0.957813 0.157813 0.015625 0.034375
