0 0.101562 0.403906 0.050000 0.076563
0 0.267969 0.538281 0.107813 0.160938
0 0.334375 0.417969 0.059375 0.085938
0 0.276562 0.349219 0.050000 0.079688
0 0.411719 0.331250 0.039062 0.065625
0 0.450000 0.363281 0.046875 0.070312
0 0.518750 0.423438 0.075000 0.096875
0 0.505469 0.303125 0.026563 0.056250
0 0.640625 0.314844 0.037500 0.060938
0 0.671094 0.375781 0.042188 0.073438
0 0.742969 0.338281 0.042188 0.067187
0 0.777344 0.314844 0.029688 0.039062
0 0.716406 0.606250 0.135938 0.184375
0 0.876563 0.444531 0.075000 0.126562
0 0.892969 0.392969 0.057813 0.082813
