0 0.095313 0.342969 0.043750 0.073438
0 0.282031 0.221875 0.020313 0.040625
0 0.314063 0.223438 0.018750 0.040625
0 0.333594 0.219531 0.017188 0.039062
0 0.349219 0.223438 0.020313 0.043750
0 0.378906 0.237500 0.023438 0.043750
0 0.404688 0.235156 0.018750 0.039062
0 0.430469 0.247656 0.020313 0.042188
0 0.421094 0.201563 0.020313 0.040625
0 0.373438 0.203906 0.015625 0.023438
0 0.391406 0.191406 0.017188 0.032813
0 0.372656 0.185938 0.017188 0.028125
0 0.348438 0.174219 0.015625 0.032813
0 0.378125 0.169531 0.018750 0.026563
0 0.413281 0.160156 0.014063 0.029688
0 0.428906 0.156250 0.014063 0.031250
0 0.442188 0.163281 0.012500 0.026563
0 0.456250 0.208594 0.018750 0.039062
0 0.455469 0.189844 0.017188 0.026563
0 0.496094 0.167188 0.017188 0.037500
0 0.516406 0.182813 0.017188 0.034375
0 0.556250 0.182813 0.015625 0.037500
0 0.484375 0.148438 0.015625 0.028125
0 0.499219 0.119531 0.010938 0.023438
0 0.503125 0.139844 0.015625 0.026563
0 0.533594 0.158594 0.014063 0.029688
0 0.530469 0.121875 0.014063 0.028125
0 0.551563 0.127344 0.012500 0.026563
0 0.547656 0.157813 0.014063 0.028125
0 0.566406 0.143750 0.014063 0.034375
0 0.580469 0.176563 0.020313 0.040625
0 0.596094 0.164062 0.014063 0.028125
0 0.600000 0.119531 0.012500 0.026563
0 0.610938 0.119531 0.012500 0.026563
0 0.608594 0.139063 0.010938 0.028125
0 0.626563 0.135156 0.012500 0.032813
0 0.645313 0.154688 0.015625 0.034375
0 0.650000 0.115625 0.012500 0.028125
0 0.690625 0.124219 0.015625 0.026563
0 0.712500 0.114063 0.015625 0.040625
0 0.691406 0.108594 0.010938 0.020313
0 0.578906 0.235938 0.026563 0.050000
0 0.619531 0.253125 0.029688 0.053125
0 0.616406 0.211719 0.023438 0.045313
0 0.662500 0.200000 0.018750 0.043750
0 0.680469 0.231250 0.020313 0.053125
0 0.700000 0.259375 0.021875 0.050000
0 0.710938 0.324219 0.031250 0.085938
0 0.770313 0.362500 0.028125 0.071875
0 0.733594 0.234375 0.023438 0.053125
0 0.718750 0.185156 0.021875 0.045313
0 0.733594 0.182031 0.014063 0.039062
0 0.735156 0.144531 0.017188 0.035938
0 0.754688 0.135156 0.012500 0.032813
0 0.772656 0.135938 0.014063 0.037500
0 0.764063 0.244531 0.021875 0.051563
0 0.760938 0.198438 0.015625 0.034375
0 0.795313 0.167188 0.015625 0.034375
0 0.786719 0.281250 0.032813 0.056250
0 0.817188 0.266406 0.025000 0.057813
0 0.795313 0.207813 0.021875 0.040625
0 0.816406 0.218750 0.017188 0.037500
0 0.825781 0.179688 0.017188 0.034375
0 0.834375 0.138281 0.012500 0.023438
0 0.790625 0.137500 0.012500 0.028125
0 0.848438 0.155469 0.015625 0.032813
0 0.857813 0.148438 0.012500 0.025000
0 0.867188 0.182031 0.015625 0.039062
0 0.840625 0.221875 0.021875 0.037500
0 0.917188 0.314063 0.028125 0.062500
0 0.889844 0.232813 0.017188 0.043750
0 0.903125 0.218750 0.015625 0.040625
0 0.900000 0.191406 0.015625 0.032813
0 0.908594 0.178125 0.010938 0.025000
0 0.910938 0.153906 0.012500 0.026563
0 0.921875 0.225000 0.018750 0.050000
0 0.935938 0.249219 0.018750 0.045313
0 0.934375 0.206250 0.015625 0.034375
0 0.946875 0.185156 0.015625 0.042188
