0 0.150000 0.339063 0.037500 0.078125
0 0.320312 0.207031 0.015625 0.032813
0 0.375000 0.233594 0.018750 0.035938
0 0.389844 0.209375 0.014063 0.028125
0 0.409375 0.263281 0.018750 0.039062
0 0.380469 0.188281 0.014063 0.032813
0 0.386719 0.167969 0.014063 0.023438
0 0.420313 0.179688 0.012500 0.021875
0 0.414844 0.213281 0.014063 0.029688
0 0.448438 0.210156 0.018750 0.035938
0 0.446875 0.175000 0.015625 0.028125
0 0.422656 0.157031 0.010938 0.023438
0 0.471094 0.184375 0.017188 0.031250
0 0.464844 0.157813 0.014063 0.021875
0 0.480469 0.146094 0.010938 0.020313
0 0.471094 0.130469 0.010938 0.023438
0 0.492969 0.127344 0.010938 0.026563
0 0.508594 0.194531 0.017188 0.032813
0 0.496875 0.222656 0.018750 0.035938
0 0.540625 0.195312 0.015625 0.031250
0 0.524219 0.166406 0.014063 0.029688
0 0.531250 0.147656 0.012500 0.026563
0 0.553125 0.129688 0.012500 0.025000
0 0.573438 0.114844 0.012500 0.026563
0 0.586719 0.166406 0.014063 0.032813
0 0.575000 0.153125 0.012500 0.031250
0 0.598438 0.131250 0.015625 0.028125
0 0.625000 0.140625 0.012500 0.025000
0 0.614063 0.109375 0.009375 0.021875
0 0.624219 0.121875 0.010938 0.021875
0 0.546875 0.168750 0.012500 0.028125
0 0.652344 0.147656 0.014063 0.023438
0 0.650000 0.107031 0.009375 0.023438
0 0.680469 0.124219 0.010938 0.023438
0 0.718750 0.115625 0.012500 0.021875
0 0.614063 0.247656 0.025000 0.051563
0 0.562500 0.265625 0.025000 0.050000
0 0.623438 0.303125 0.031250 0.046875
0 0.675000 0.360938 0.031250 0.062500
0 0.727344 0.308594 0.026563 0.054688
0 0.751563 0.248438 0.018750 0.043750
0 0.679688 0.189844 0.015625 0.032813
0 0.710938 0.188281 0.015625 0.032813
0 0.704688 0.157031 0.012500 0.026563
0 0.717969 0.148438 0.010938 0.031250
0 0.738281 0.166406 0.017188 0.026563
0 0.739063 0.148438 0.015625 0.031250
0 0.757031 0.167969 0.014063 0.029688
0 0.747656 0.200781 0.014063 0.032813
0 0.787500 0.221875 0.015625 0.034375
0 0.782813 0.178125 0.012500 0.031250
0 0.784375 0.132812 0.012500 0.025000
0 0.800781 0.161719 0.014063 0.032813
0 0.830469 0.187500 0.014063 0.034375
0 0.847656 0.164062 0.014063 0.037500
0 0.828125 0.264063 0.018750 0.043750
0 0.836719 0.222656 0.014063 0.029688
0 0.859375 0.314844 0.021875 0.051563
0 0.859375 0.264063 0.018750 0.043750
0 0.887500 0.249219 0.015625 0.039062
0 0.931250 0.331250 0.021875 0.046875
0 0.896875 0.203906 0.015625 0.039062
0 0.876563 0.176563 0.012500 0.034375
0 0.935938 0.239844 0.012500 0.039062
0 0.953125 0.216406 0.018750 0.032813
0 0.940625 0.195312 0.012500 0.037500
0 0.939063 0.166406 0.012500 0.029688
