0 0.096094 0.584375 0.048438 0.106250
0 0.201563 0.273438 0.021875 0.053125
0 0.221094 0.275781 0.020313 0.048438
0 0.267188 0.241406 0.021875 0.042188
0 0.298438 0.241406 0.018750 0.042188
0 0.319531 0.239063 0.020313 0.050000
0 0.311719 0.202344 0.020313 0.042188
0 0.350781 0.210938 0.014063 0.046875
0 0.360156 0.276562 0.020313 0.065625
0 0.397656 0.239063 0.017188 0.046875
0 0.363281 0.193750 0.017188 0.034375
0 0.392969 0.192969 0.017188 0.035938
0 0.410938 0.176563 0.012500 0.031250
0 0.428125 0.192969 0.015625 0.039062
0 0.442969 0.168750 0.017188 0.037500
0 0.455469 0.162500 0.014063 0.031250
0 0.475781 0.168750 0.017188 0.043750
0 0.489844 0.151563 0.017188 0.034375
0 0.496094 0.212500 0.017188 0.040625
0 0.469531 0.256250 0.023438 0.059375
0 0.435156 0.309375 0.026563 0.056250
0 0.526563 0.167188 0.018750 0.043750
0 0.553125 0.163281 0.018750 0.035938
0 0.553125 0.140625 0.015625 0.034375
0 0.577344 0.138281 0.017188 0.039062
0 0.552344 0.217969 0.020313 0.048438
0 0.574219 0.200000 0.017188 0.037500
0 0.610156 0.185938 0.014063 0.034375
0 0.598438 0.126562 0.015625 0.031250
0 0.622656 0.129688 0.014063 0.034375
0 0.614063 0.160156 0.015625 0.032813
0 0.640625 0.150000 0.015625 0.037500
0 0.653906 0.153906 0.014063 0.039062
0 0.627344 0.202344 0.017188 0.048438
0 0.615625 0.293750 0.021875 0.062500
0 0.563281 0.356250 0.029688 0.046875
0 0.608594 0.379688 0.026563 0.059375
0 0.655469 0.413281 0.026563 0.070312
0 0.662500 0.189063 0.012500 0.034375
0 0.662500 0.253125 0.018750 0.065625
0 0.689063 0.167188 0.015625 0.034375
0 0.694531 0.140625 0.014063 0.031250
0 0.707813 0.151563 0.015625 0.034375
0 0.713281 0.217969 0.014063 0.045313
0 0.733594 0.221875 0.017188 0.040625
0 0.719531 0.277344 0.020313 0.064063
0 0.730469 0.403125 0.026563 0.068750
0 0.756250 0.235156 0.018750 0.042188
0 0.759375 0.200781 0.015625 0.039062
0 0.782031 0.175781 0.014063 0.039062
0 0.782813 0.210156 0.015625 0.042188
0 0.796094 0.256250 0.017188 0.050000
0 0.767188 0.287500 0.015625 0.046875
0 0.805469 0.476562 0.035938 0.081250
0 0.860938 0.533594 0.031250 0.092188
0 0.875000 0.429688 0.021875 0.078125
0 0.818750 0.310156 0.018750 0.054688
0 0.862500 0.351562 0.018750 0.059375
0 0.814063 0.246875 0.018750 0.050000
0 0.813281 0.196094 0.017188 0.048438
0 0.834375 0.216406 0.018750 0.045313
0 0.874219 0.241406 0.014063 0.045313
0 0.878906 0.225000 0.014063 0.053125
0 0.907031 0.242969 0.014063 0.042188
0 0.901563 0.260156 0.015625 0.045313
0 0.890625 0.285938 0.018750 0.046875
0 0.923438 0.333594 0.018750 0.060938
0 0.939063 0.286719 0.015625 0.039062
0 0.950781 0.260156 0.017188 0.039062
0 0.988281 0.274219 0.014063 0.042188
0 0.979688 0.307813 0.015625 0.043750
0 0.977344 0.347656 0.014063 0.039062
0 0.978906 0.376563 0.020313 0.053125
0 0.950000 0.384375 0.021875 0.071875
0 0.964844 0.449219 0.026563 0.073438
