0 0.278125 0.247656 0.015625 0.039062
0 0.288281 0.255469 0.017188 0.032813
0 0.311719 0.255469 0.020313 0.035938
0 0.317969 0.292969 0.026563 0.039062
0 0.332813 0.261719 0.018750 0.035938
0 0.332031 0.221094 0.017188 0.039062
0 0.377344 0.253125 0.020313 0.037500
0 0.382812 0.304688 0.028125 0.046875
0 0.377344 0.201563 0.017188 0.034375
0 0.413281 0.227344 0.023438 0.035938
0 0.423438 0.194531 0.018750 0.039062
0 0.463281 0.161719 0.017188 0.035938
0 0.481250 0.220313 0.021875 0.046875
0 0.521094 0.203125 0.023438 0.037500
0 0.510938 0.151563 0.015625 0.034375
0 0.528125 0.178906 0.018750 0.032813
0 0.562500 0.175781 0.018750 0.035938
0 0.560937 0.147656 0.018750 0.032813
0 0.582813 0.150000 0.015625 0.034375
0 0.582813 0.103906 0.015625 0.026563
0 0.612500 0.123438 0.015625 0.028125
0 0.617188 0.144531 0.015625 0.035938
0 0.501563 0.300000 0.021875 0.062500
0 0.547656 0.301563 0.026563 0.059375
0 0.557813 0.259375 0.028125 0.050000
0 0.592969 0.261719 0.023438 0.051563
0 0.597656 0.221094 0.020313 0.042188
0 0.639844 0.182031 0.020313 0.039062
0 0.648438 0.228125 0.025000 0.043750
0 0.644531 0.258594 0.020313 0.045313
0 0.649219 0.306250 0.029688 0.065625
0 0.696094 0.227344 0.023438 0.051563
0 0.718750 0.246094 0.025000 0.057813
0 0.728906 0.183594 0.020313 0.042188
0 0.711719 0.157031 0.017188 0.042188
0 0.677344 0.168750 0.020313 0.037500
0 0.760938 0.134375 0.015625 0.028125
0 0.755469 0.180469 0.020313 0.032813
0 0.771094 0.194531 0.020313 0.039062
0 0.752344 0.221094 0.020313 0.045313
0 0.780469 0.282813 0.029688 0.059375
0 0.757812 0.360156 0.031250 0.067187
0 0.805469 0.237500 0.020313 0.046875
0 0.817188 0.214063 0.018750 0.046875
0 0.800781 0.182813 0.017188 0.043750
0 0.793750 0.142969 0.015625 0.032813
0 0.814063 0.153906 0.015625 0.035938
0 0.834375 0.192188 0.015625 0.040625
0 0.850781 0.163281 0.014063 0.029688
0 0.871875 0.198438 0.015625 0.034375
0 0.860938 0.253125 0.021875 0.059375
0 0.838281 0.295313 0.026563 0.062500
0 0.901563 0.272656 0.021875 0.048438
