0 0.212500 0.432031 0.059375 0.095313
0 0.267188 0.265625 0.021875 0.050000
0 0.293750 0.268750 0.021875 0.040625
0 0.322656 0.220313 0.017188 0.028125
0 0.327344 0.248438 0.020313 0.037500
0 0.357813 0.257031 0.021875 0.054688
0 0.367188 0.210938 0.015625 0.040625
0 0.389844 0.186719 0.017188 0.029688
0 0.399219 0.300781 0.026563 0.039062
0 0.407813 0.222656 0.018750 0.035938
0 0.421094 0.187500 0.017188 0.028125
0 0.457813 0.151563 0.018750 0.034375
0 0.448438 0.210938 0.021875 0.028125
0 0.495313 0.141406 0.015625 0.032813
0 0.481250 0.197656 0.015625 0.035938
0 0.503125 0.160156 0.015625 0.039062
0 0.522656 0.151563 0.017188 0.031250
0 0.477344 0.240625 0.026563 0.037500
0 0.396875 0.271875 0.028125 0.034375
0 0.537500 0.217969 0.021875 0.039062
0 0.560156 0.165625 0.020313 0.037500
0 0.539844 0.170313 0.017188 0.025000
0 0.574219 0.122656 0.020313 0.035938
0 0.579688 0.171094 0.015625 0.032813
0 0.596094 0.168750 0.020313 0.037500
0 0.612500 0.134375 0.018750 0.031250
0 0.514062 0.310156 0.040625 0.054688
0 0.590625 0.223438 0.025000 0.062500
0 0.656250 0.125000 0.021875 0.031250
0 0.656250 0.146875 0.025000 0.031250
0 0.624219 0.210938 0.023438 0.046875
0 0.595313 0.299219 0.025000 0.048438
0 0.639844 0.323438 0.026563 0.053125
0 0.669531 0.272656 0.023438 0.051563
0 0.664844 0.190625 0.020313 0.037500
0 0.682031 0.215625 0.020313 0.050000
0 0.716406 0.196094 0.023438 0.045313
0 0.714844 0.150781 0.017188 0.035938
0 0.725000 0.147656 0.018750 0.035938
0 0.746094 0.121094 0.014063 0.039062
0 0.745313 0.174219 0.015625 0.035938
0 0.757812 0.202344 0.021875 0.039062
0 0.731250 0.298438 0.028125 0.050000
0 0.765625 0.303125 0.034375 0.046875
0 0.775000 0.240625 0.025000 0.046875
0 0.776563 0.146094 0.018750 0.042188
0 0.791406 0.216406 0.023438 0.045313
0 0.815625 0.194531 0.021875 0.029688
0 0.825781 0.131250 0.017188 0.037500
0 0.861719 0.142187 0.023438 0.050000
0 0.852344 0.166406 0.020313 0.032813
0 0.850000 0.209375 0.031250 0.050000
0 0.851562 0.307813 0.031250 0.053125
0 0.858594 0.274219 0.029688 0.070312
0 0.889844 0.202344 0.017188 0.042188
0 0.896875 0.182813 0.015625 0.037500
0 0.907031 0.162500 0.023438 0.040625
0 0.933594 0.219531 0.026563 0.045313
0 0.927344 0.269531 0.026563 0.060938
0 0.689063 0.140625 0.021875 0.046875
0 0.701563 0.252344 0.025000 0.045313
