0 0.066406 0.685156 0.082813 0.132812
0 0.160156 0.715625 0.095313 0.137500
0 0.213281 0.821094 0.110938 0.167188
0 0.217969 0.634375 0.054688 0.100000
0 0.201563 0.542188 0.046875 0.075000
0 0.164844 0.503906 0.032813 0.060938
0 0.253125 0.500000 0.037500 0.062500
0 0.357813 0.490625 0.028125 0.053125
0 0.380469 0.503906 0.039062 0.070312
0 0.416406 0.530469 0.042188 0.073438
0 0.444531 0.542969 0.045313 0.073438
0 0.434375 0.651563 0.068750 0.109375
0 0.630469 0.681250 0.085938 0.115625
0 0.631250 0.605469 0.062500 0.098438
0 0.554688 0.417969 0.028125 0.042188
0 0.654688 0.497656 0.034375 0.054688
0 0.682031 0.540625 0.054688 0.078125
0 0.714844 0.522656 0.042188 0.076563
0 0.767969 0.556250 0.045313 0.075000
0 0.783594 0.492969 0.039062 0.051563
0 0.721094 0.753906 0.104688 0.145313
0 0.832031 0.628906 0.079688 0.110938
0 0.957031 0.674219 0.082813 0.129688
0 0.930469 0.589063 0.057813 0.084375
0 0.928125 0.521875 0.037500 0.059375
0 0.856250 0.511719 0.043750 0.060938
