0 0.113281 0.435938 0.051563 0.068750
0 0.231250 0.523438 0.053125 0.071875
0 0.346875 0.486719 0.050000 0.076563
0 0.435156 0.507812 0.064063 0.100000
0 0.507812 0.532031 0.062500 0.089063
0 0.461719 0.494531 0.039062 0.073438
0 0.528906 0.486719 0.048438 0.060938
0 0.614844 0.510938 0.045313 0.059375
0 0.694531 0.506250 0.082813 0.140625
0 0.651563 0.482031 0.031250 0.048438
0 0.793750 0.514062 0.078125 0.112500
0 0.857031 0.542188 0.067187 0.109375
0 0.858594 0.482031 0.048438 0.082813
0 0.942969 0.495313 0.067187 0.096875
0 0.980469 0.479688 0.039062 0.071875
