0 0.167969 0.190625 0.170313 0.268750
0 0.353906 0.125000 0.045313 0.078125
0 0.391406 0.120313 0.039062 0.065625
0 0.446094 0.114063 0.039062 0.062500
0 0.532813 0.077344 0.034375 0.057813
0 0.576562 0.073438 0.034375 0.050000
0 0.596094 0.046875 0.029688 0.043750
0 0.632031 0.075781 0.029688 0.048438
0 0.658594 0.122656 0.032813 0.067187
0 0.601562 0.190625 0.062500 0.081250
0 0.749219 0.209375 0.057813 0.096875
0 0.756250 0.142187 0.053125 0.065625
0 0.753125 0.092969 0.034375 0.067187
0 0.708594 0.060938 0.029688 0.053125
0 0.666406 0.066406 0.026563 0.032813
0 0.799219 0.050000 0.029688 0.065625
0 0.845313 0.042188 0.031250 0.050000
0 0.875781 0.077344 0.032813 0.057813
0 0.860938 0.142187 0.043750 0.087500
0 0.910938 0.157813 0.040625 0.062500
0 0.914062 0.296094 0.062500 0.110938
0 0.960156 0.218750 0.054688 0.103125
0 0.947656 0.107813 0.039062 0.062500
0 0.931250 0.061719 0.034375 0.054688
0 0.986719 0.060938 0.029688 0.065625
