0 0.038281 0.646094 0.070312 0.145313
0 0.121094 0.701563 0.092188 0.140625
0 0.107031 0.570312 0.060938 0.106250
0 0.239844 0.617188 0.070312 0.128125
0 0.312500 0.626563 0.081250 0.121875
0 0.348438 0.539062 0.071875 0.103125
0 0.460156 0.574219 0.082813 0.117188
0 0.474219 0.769531 0.123438 0.207813
0 0.655469 0.615625 0.104688 0.165625
0 0.778906 0.885156 0.189063 0.217188
0 0.792969 0.590625 0.092188 0.134375
0 0.883594 0.544531 0.085938 0.123438
0 0.958594 0.675781 0.082813 0.160938
0 0.596094 0.295313 0.064063 0.100000
