0 0.121094 0.398438 0.051563 0.096875
0 0.280469 0.229688 0.023438 0.037500
0 0.305469 0.223438 0.017188 0.028125
0 0.314844 0.228906 0.014063 0.032813
0 0.336719 0.200000 0.017188 0.037500
0 0.353906 0.223438 0.020313 0.040625
0 0.359375 0.246875 0.021875 0.043750
0 0.361719 0.194531 0.017188 0.035938
0 0.384375 0.217188 0.015625 0.031250
0 0.379688 0.169531 0.012500 0.026563
0 0.410938 0.240625 0.018750 0.040625
0 0.403125 0.173438 0.015625 0.031250
0 0.420313 0.158594 0.012500 0.023438
0 0.435938 0.160156 0.012500 0.023438
0 0.417188 0.200781 0.015625 0.032813
0 0.434375 0.200781 0.012500 0.035938
0 0.445312 0.189063 0.012500 0.028125
0 0.446094 0.242969 0.020313 0.042188
0 0.471094 0.199219 0.020313 0.035938
0 0.476562 0.191406 0.021875 0.029688
0 0.475781 0.155469 0.014063 0.029688
0 0.485938 0.148438 0.012500 0.021875
0 0.494531 0.160156 0.010938 0.035938
0 0.498438 0.126562 0.009375 0.025000
0 0.506250 0.151563 0.015625 0.031250
0 0.529687 0.128125 0.012500 0.025000
0 0.543750 0.135156 0.012500 0.026563
0 0.557813 0.131250 0.012500 0.025000
0 0.568750 0.136719 0.012500 0.032813
0 0.538281 0.165625 0.017188 0.031250
0 0.524219 0.180469 0.020313 0.035938
0 0.555469 0.187500 0.017188 0.037500
0 0.571094 0.167188 0.014063 0.034375
0 0.585938 0.177344 0.015625 0.035938
0 0.593750 0.167188 0.012500 0.025000
0 0.602344 0.117188 0.010938 0.025000
0 0.609375 0.139063 0.015625 0.025000
0 0.631250 0.154688 0.015625 0.031250
0 0.627344 0.136719 0.014063 0.023438
0 0.633594 0.115625 0.010938 0.021875
0 0.657813 0.114063 0.012500 0.028125
0 0.656250 0.149219 0.015625 0.029688
0 0.657031 0.221875 0.020313 0.050000
0 0.655469 0.188281 0.017188 0.042188
0 0.593750 0.233594 0.018750 0.048438
0 0.637500 0.246094 0.021875 0.048438
0 0.677344 0.113281 0.007812 0.020313
0 0.700000 0.126562 0.012500 0.028125
0 0.678906 0.137500 0.014063 0.028125
0 0.686719 0.228906 0.017188 0.042188
0 0.681250 0.262500 0.018750 0.050000
0 0.713281 0.325000 0.026563 0.062500
0 0.761719 0.354688 0.023438 0.065625
0 0.714063 0.240625 0.018750 0.043750
0 0.730469 0.147656 0.014063 0.029688
0 0.701563 0.179688 0.018750 0.046875
0 0.746094 0.186719 0.017188 0.032813
0 0.756250 0.132812 0.012500 0.028125
0 0.769531 0.129688 0.010938 0.025000
0 0.786719 0.143750 0.014063 0.025000
0 0.803906 0.137500 0.010938 0.028125
0 0.796094 0.170313 0.014063 0.031250
0 0.802344 0.207813 0.017188 0.040625
0 0.767969 0.235938 0.020313 0.046875
0 0.793750 0.298438 0.028125 0.062500
0 0.821094 0.136719 0.010938 0.023438
0 0.842969 0.153125 0.010938 0.025000
0 0.859375 0.151563 0.009375 0.031250
0 0.828906 0.176563 0.014063 0.040625
0 0.823438 0.200000 0.015625 0.034375
0 0.847656 0.228906 0.017188 0.045313
0 0.828906 0.250781 0.023438 0.048438
0 0.908594 0.159375 0.014063 0.028125
0 0.868750 0.185156 0.015625 0.035938
0 0.905469 0.184375 0.014063 0.028125
0 0.942188 0.182813 0.015625 0.028125
0 0.935156 0.196094 0.017188 0.026563
0 0.938281 0.214063 0.014063 0.034375
0 0.927344 0.242188 0.014063 0.037500
0 0.930469 0.271875 0.017188 0.046875
0 0.904688 0.225781 0.015625 0.042188
0 0.905469 0.200781 0.014063 0.035938
0 0.894531 0.238281 0.020313 0.042188
0 0.909375 0.333594 0.025000 0.064063
