1 0.301563 0.473438 0.018750 0.031250
1 0.266406 0.503906 0.023438 0.039062
1 0.178906 0.355469 0.026563 0.035938
1 0.197656 0.271875 0.020313 0.037500
1 0.255469 0.419531 0.023438 0.039062
1 0.248438 0.380469 0.021875 0.029688
1 0.415625 0.588281 0.021875 0.035938
1 0.809375 0.373438 0.018750 0.025000
1 0.813281 0.321094 0.020313 0.026563
1 0.759375 0.287500 0.018750 0.025000
1 0.869531 0.660938 0.023438 0.028125
1 0.521094 0.648438 0.020313 0.031250
1 0.151563 0.217188 0.021875 0.034375
1 0.171875 0.183594 0.021875 0.029688
1 0.158594 0.157031 0.020313 0.026563
1 0.136719 0.121875 0.020313 0.034375
1 0.128125 0.099219 0.018750 0.023438
1 0.608594 0.185156 0.014063 0.023438
1 0.500781 0.493750 0.017188 0.028125
0 0.445312 0.322656 0.012500 0.020313
0 0.433594 0.364844 0.017188 0.026563
0 0.462500 0.378906 0.012500 0.023438
0 0.469531 0.406250 0.014063 0.021875
0 0.420313 0.437500 0.015625 0.021875
0 0.410156 0.404688 0.014063 0.021875
