0 0.850781 0.159375 0.010938 0.028125
0 0.889844 0.176563 0.014063 0.034375
0 0.920313 0.214063 0.012500 0.037500
0 0.867188 0.224219 0.015625 0.042188
0 0.879688 0.311719 0.018750 0.057813
0 0.904688 0.340625 0.021875 0.053125
0 0.885156 0.395313 0.026563 0.065625
0 0.816406 0.368750 0.023438 0.065625
0 0.775000 0.292187 0.018750 0.043750
0 0.820312 0.208594 0.015625 0.042188
0 0.703125 0.231250 0.018750 0.046875
0 0.650781 0.218750 0.017188 0.046875
0 0.570312 0.231250 0.018750 0.043750
0 0.487500 0.192188 0.015625 0.034375
0 0.430469 0.212500 0.014063 0.040625
0 0.401563 0.201563 0.012500 0.028125
0 0.407813 0.216406 0.015625 0.039062
0 0.368750 0.236719 0.015625 0.032813
0 0.327344 0.242188 0.014063 0.031250
0 0.259375 0.282813 0.021875 0.046875
0 0.191406 0.296875 0.017188 0.040625
0 0.200781 0.482813 0.035938 0.068750
0 0.589063 0.101562 0.009375 0.021875
