0 0.015625 0.416406 0.025000 0.051563
0 0.230469 0.334375 0.014063 0.034375
0 0.290625 0.300781 0.012500 0.032813
0 0.259375 0.371875 0.018750 0.040625
0 0.296094 0.363281 0.020313 0.048438
0 0.338281 0.357031 0.026563 0.045313
0 0.357031 0.285938 0.014063 0.031250
0 0.363281 0.329688 0.020313 0.037500
0 0.387500 0.325000 0.021875 0.040625
0 0.395313 0.257031 0.012500 0.026563
0 0.411719 0.260937 0.014063 0.031250
0 0.411719 0.295313 0.014063 0.025000
0 0.413281 0.335156 0.023438 0.039062
0 0.442969 0.300000 0.020313 0.037500
0 0.430469 0.253125 0.014063 0.031250
0 0.452344 0.260937 0.014063 0.037500
0 0.474219 0.228906 0.023438 0.029688
0 0.478125 0.261719 0.012500 0.035938
0 0.475000 0.300781 0.018750 0.029688
0 0.452344 0.336719 0.020313 0.029688
0 0.507031 0.318750 0.017188 0.040625
0 0.515625 0.257031 0.012500 0.035938
0 0.526563 0.272656 0.021875 0.048438
0 0.533594 0.243750 0.023438 0.031250
0 0.529687 0.314844 0.015625 0.032813
0 0.540625 0.353125 0.021875 0.043750
0 0.471094 0.403125 0.026563 0.056250
0 0.562500 0.272656 0.018750 0.039062
0 0.553906 0.244531 0.010938 0.032813
0 0.565625 0.217188 0.012500 0.021875
0 0.589844 0.253125 0.014063 0.028125
0 0.583594 0.216406 0.020313 0.026563
0 0.607813 0.213281 0.015625 0.029688
0 0.617969 0.199219 0.014063 0.029688
0 0.610156 0.246094 0.017188 0.035938
0 0.642969 0.245313 0.020313 0.031250
0 0.635938 0.209375 0.012500 0.018750
0 0.648438 0.214063 0.018750 0.018750
0 0.603125 0.330469 0.021875 0.042188
0 0.666406 0.203125 0.010938 0.028125
0 0.709375 0.210156 0.021875 0.032813
0 0.686719 0.232813 0.020313 0.031250
0 0.689844 0.267969 0.020313 0.029688
0 0.713281 0.243750 0.020313 0.034375
0 0.644531 0.293750 0.020313 0.040625
0 0.626563 0.342188 0.021875 0.034375
0 0.535156 0.424219 0.029688 0.054688
0 0.607031 0.462500 0.032813 0.084375
0 0.662500 0.363281 0.028125 0.045313
0 0.650000 0.467969 0.037500 0.060938
0 0.699219 0.351562 0.014063 0.034375
0 0.697656 0.308594 0.020313 0.039062
0 0.736719 0.280469 0.014063 0.032813
0 0.756250 0.235938 0.012500 0.034375
0 0.721094 0.480469 0.039062 0.082813
0 0.751563 0.413281 0.028125 0.054688
0 0.774219 0.232813 0.014063 0.034375
0 0.784375 0.279688 0.015625 0.037500
0 0.790625 0.241406 0.012500 0.032813
0 0.799219 0.243750 0.007812 0.034375
0 0.796094 0.422656 0.026563 0.064063
0 0.851562 0.539844 0.031250 0.079688
0 0.858594 0.468750 0.032813 0.062500
0 0.823438 0.357813 0.025000 0.056250
0 0.831250 0.297656 0.015625 0.029688
0 0.835156 0.260156 0.014063 0.029688
0 0.854688 0.249219 0.012500 0.029688
0 0.885156 0.242188 0.010938 0.025000
0 0.871094 0.258594 0.020313 0.032813
0 0.853125 0.306250 0.018750 0.034375
0 0.858594 0.334375 0.020313 0.037500
0 0.871875 0.367969 0.021875 0.051563
0 0.888281 0.335156 0.023438 0.042188
0 0.908594 0.283594 0.017188 0.039062
0 0.927344 0.484375 0.026563 0.062500
0 0.953125 0.358594 0.021875 0.042188
0 0.931250 0.312500 0.015625 0.043750
0 0.948438 0.302344 0.028125 0.045313
0 0.952344 0.278125 0.014063 0.025000
0 0.867188 0.281250 0.015625 0.037500
