0 0.295313 0.397656 0.056250 0.110938
0 0.276562 0.220313 0.012500 0.037500
0 0.296875 0.228906 0.012500 0.029688
0 0.311719 0.227344 0.014063 0.039062
0 0.328125 0.206250 0.015625 0.031250
0 0.343750 0.225000 0.015625 0.037500
0 0.362500 0.187500 0.012500 0.034375
0 0.367188 0.239063 0.015625 0.040625
0 0.382812 0.213281 0.012500 0.029688
0 0.392969 0.210156 0.014063 0.026563
0 0.403906 0.238281 0.017188 0.042188
0 0.440625 0.235156 0.021875 0.039062
0 0.437500 0.160156 0.015625 0.029688
0 0.460938 0.201563 0.015625 0.046875
0 0.479688 0.155469 0.012500 0.023438
0 0.492188 0.155469 0.012500 0.032813
0 0.495313 0.117969 0.009375 0.017188
0 0.525000 0.124219 0.009375 0.026563
0 0.521875 0.172656 0.012500 0.039062
0 0.535938 0.162500 0.015625 0.021875
0 0.553125 0.183594 0.012500 0.042188
0 0.564063 0.157813 0.015625 0.031250
0 0.595313 0.111719 0.012500 0.023438
0 0.603906 0.155469 0.014063 0.045313
0 0.587500 0.216406 0.021875 0.048438
0 0.607813 0.228125 0.018750 0.040625
0 0.632812 0.234375 0.018750 0.043750
0 0.614844 0.105469 0.010938 0.023438
0 0.622656 0.135938 0.017188 0.034375
0 0.639063 0.155469 0.015625 0.032813
0 0.662500 0.110938 0.012500 0.031250
0 0.685938 0.120313 0.015625 0.037500
0 0.701563 0.115625 0.012500 0.028125
0 0.660156 0.179688 0.017188 0.034375
0 0.668750 0.231250 0.012500 0.046875
0 0.685156 0.259375 0.020313 0.046875
0 0.712500 0.329688 0.028125 0.071875
0 0.759375 0.354688 0.025000 0.071875
0 0.718750 0.229688 0.018750 0.046875
0 0.726562 0.143750 0.012500 0.028125
0 0.734375 0.187500 0.015625 0.040625
0 0.753906 0.132031 0.010938 0.039062
0 0.784375 0.138281 0.009375 0.029688
0 0.787500 0.165625 0.015625 0.028125
0 0.794531 0.203125 0.017188 0.037500
0 0.757812 0.240625 0.018750 0.043750
0 0.798438 0.289062 0.021875 0.053125
0 0.811719 0.255469 0.020313 0.054688
0 0.839063 0.149219 0.009375 0.020313
0 0.857813 0.147656 0.012500 0.032813
0 0.842188 0.221094 0.015625 0.042188
0 0.867188 0.180469 0.015625 0.039062
0 0.878906 0.230469 0.020313 0.048438
0 0.931250 0.211719 0.012500 0.035938
0 0.929688 0.261719 0.015625 0.042188
0 0.913281 0.319531 0.023438 0.054688
0 0.907031 0.179688 0.010938 0.028125
0 0.825000 0.173438 0.015625 0.034375
0 0.766406 0.124219 0.010938 0.023438
0 0.802344 0.138281 0.007812 0.023438
0 0.548438 0.136719 0.012500 0.026563
0 0.436719 0.203125 0.020313 0.040625
