0 0.045313 0.491406 0.078125 0.092188
0 0.069531 0.431250 0.042188 0.050000
0 0.164062 0.382812 0.037500 0.046875
0 0.214844 0.411719 0.054688 0.057813
0 0.249219 0.371094 0.029688 0.045313
0 0.293750 0.368750 0.034375 0.046875
0 0.333594 0.362500 0.032813 0.037500
0 0.317969 0.474219 0.076563 0.092188
0 0.389844 0.420313 0.048438 0.056250
0 0.439844 0.364844 0.042188 0.048438
0 0.450000 0.338281 0.021875 0.026563
0 0.555469 0.343750 0.029688 0.037500
0 0.664844 0.379688 0.035938 0.050000
0 0.690625 0.430469 0.053125 0.057813
0 0.708594 0.475781 0.070312 0.082813
0 0.735156 0.353906 0.035938 0.042188
0 0.816406 0.367188 0.035938 0.046875
0 0.842969 0.355469 0.029688 0.039062
0 0.892188 0.391406 0.050000 0.073438
0 0.950781 0.372656 0.035938 0.045313
0 0.978906 0.424219 0.045313 0.095313
0 0.957031 0.678125 0.085938 0.184375
