0 0.203906 0.480469 0.051563 0.101562
0 0.397656 0.479688 0.070312 0.146875
0 0.274219 0.228906 0.020313 0.039062
0 0.305469 0.216406 0.017188 0.035938
0 0.329688 0.180469 0.015625 0.039062
0 0.328906 0.237500 0.017188 0.031250
0 0.323438 0.216406 0.015625 0.029688
0 0.352344 0.193750 0.020313 0.034375
0 0.363281 0.244531 0.020313 0.039062
0 0.381250 0.202344 0.018750 0.039062
0 0.375781 0.167188 0.014063 0.031250
0 0.407813 0.257031 0.025000 0.045313
0 0.408594 0.214063 0.020313 0.040625
0 0.442188 0.203906 0.025000 0.035938
0 0.432813 0.129688 0.018750 0.028125
0 0.467969 0.116406 0.014063 0.032813
0 0.480469 0.145313 0.014063 0.034375
0 0.475781 0.153906 0.017188 0.029688
0 0.496875 0.189844 0.025000 0.032813
0 0.473438 0.184375 0.021875 0.034375
0 0.507812 0.151563 0.015625 0.031250
0 0.496875 0.111719 0.012500 0.023438
0 0.519531 0.127344 0.014063 0.032813
0 0.530469 0.126562 0.010938 0.025000
0 0.546094 0.125781 0.010938 0.029688
0 0.550781 0.167188 0.017188 0.031250
0 0.598438 0.114844 0.015625 0.032813
0 0.610156 0.117188 0.010938 0.028125
0 0.617969 0.103125 0.010938 0.018750
0 0.642969 0.108594 0.014063 0.029688
0 0.650000 0.133594 0.015625 0.029688
0 0.674219 0.117188 0.014063 0.028125
0 0.704688 0.111719 0.015625 0.029688
0 0.625781 0.173438 0.014063 0.031250
0 0.592187 0.152344 0.025000 0.026563
0 0.557813 0.229688 0.021875 0.046875
0 0.541406 0.209375 0.020313 0.040625
0 0.605469 0.243750 0.026563 0.053125
0 0.689063 0.278906 0.025000 0.057813
0 0.720313 0.321094 0.028125 0.054688
0 0.746875 0.330469 0.031250 0.064063
0 0.782031 0.300000 0.023438 0.056250
0 0.906250 0.385156 0.028125 0.051563
0 0.822656 0.265625 0.023438 0.046875
0 0.757031 0.244531 0.020313 0.042188
0 0.721094 0.231250 0.020313 0.037500
0 0.677344 0.216406 0.023438 0.045313
0 0.713281 0.192969 0.017188 0.035938
0 0.703125 0.169531 0.015625 0.035938
0 0.729688 0.171875 0.015625 0.037500
0 0.744531 0.198438 0.017188 0.037500
0 0.789844 0.232031 0.017188 0.039062
0 0.771875 0.155469 0.015625 0.029688
0 0.789844 0.156250 0.014063 0.028125
0 0.797656 0.137500 0.014063 0.018750
0 0.819531 0.203906 0.020313 0.032813
0 0.840625 0.157031 0.015625 0.035938
0 0.850781 0.147656 0.010938 0.026563
0 0.862500 0.175781 0.015625 0.035938
0 0.882031 0.271875 0.017188 0.037500
0 0.935156 0.257031 0.017188 0.042188
0 0.919531 0.208594 0.020313 0.042188
0 0.914844 0.177344 0.017188 0.029688
0 0.938281 0.164844 0.010938 0.035938
0 0.901563 0.199219 0.012500 0.042188
0 0.892188 0.189844 0.012500 0.039062
