0 0.207813 0.357813 0.040625 0.075000
0 0.316406 0.224219 0.014063 0.029688
0 0.327344 0.192188 0.017188 0.028125
0 0.352344 0.194531 0.014063 0.029688
0 0.408594 0.208594 0.017188 0.029688
0 0.424219 0.175781 0.017188 0.029688
0 0.428125 0.145313 0.012500 0.025000
0 0.449219 0.175781 0.017188 0.029688
0 0.447656 0.208594 0.017188 0.032813
0 0.455469 0.147656 0.014063 0.023438
0 0.466406 0.141406 0.014063 0.023438
0 0.490625 0.139844 0.012500 0.029688
0 0.489844 0.166406 0.014063 0.026563
0 0.492969 0.205469 0.017188 0.035938
0 0.503906 0.121875 0.010938 0.021875
0 0.511719 0.132812 0.014063 0.021875
0 0.535156 0.149219 0.014063 0.020313
0 0.535938 0.180469 0.018750 0.029688
0 0.551563 0.165625 0.015625 0.031250
0 0.562500 0.148438 0.015625 0.028125
0 0.547656 0.125781 0.010938 0.020313
0 0.527344 0.135156 0.010938 0.017188
0 0.586719 0.111719 0.014063 0.023438
0 0.594531 0.142969 0.014063 0.032813
0 0.580469 0.181250 0.014063 0.028125
0 0.623438 0.102344 0.009375 0.020313
0 0.646094 0.102344 0.010938 0.023438
0 0.668750 0.110938 0.012500 0.021875
0 0.657031 0.121875 0.010938 0.021875
0 0.675781 0.124219 0.010938 0.017188
0 0.700781 0.127344 0.014063 0.023438
0 0.635938 0.123438 0.012500 0.018750
0 0.628125 0.137500 0.012500 0.018750
0 0.642969 0.143750 0.014063 0.028125
0 0.590625 0.177344 0.012500 0.026563
0 0.635156 0.191406 0.020313 0.039062
0 0.672656 0.170313 0.017188 0.034375
0 0.704688 0.153906 0.015625 0.026563
0 0.618750 0.243750 0.018750 0.037500
0 0.591406 0.269531 0.023438 0.051563
0 0.569531 0.242188 0.020313 0.040625
0 0.530469 0.275781 0.026563 0.051563
0 0.636719 0.296094 0.026563 0.054688
0 0.678125 0.264063 0.021875 0.040625
0 0.689063 0.306250 0.028125 0.062500
0 0.675000 0.206250 0.018750 0.034375
0 0.713281 0.188281 0.017188 0.032813
0 0.724219 0.227344 0.020313 0.039062
0 0.742188 0.168750 0.015625 0.034375
0 0.756250 0.124219 0.012500 0.026563
0 0.766406 0.141406 0.014063 0.029688
0 0.782031 0.132031 0.014063 0.029688
0 0.801563 0.160156 0.012500 0.029688
0 0.780469 0.179688 0.014063 0.040625
0 0.794531 0.198438 0.017188 0.043750
0 0.828125 0.161719 0.012500 0.035938
0 0.837500 0.153906 0.012500 0.029688
0 0.878125 0.139844 0.012500 0.026563
0 0.874219 0.158594 0.014063 0.029688
0 0.864844 0.181250 0.010938 0.028125
0 0.850781 0.188281 0.014063 0.035938
0 0.846094 0.210938 0.017188 0.034375
0 0.805469 0.192969 0.014063 0.039062
0 0.914062 0.174219 0.012500 0.029688
0 0.942969 0.170313 0.014063 0.028125
0 0.932813 0.192969 0.015625 0.032813
0 0.894531 0.185938 0.014063 0.037500
0 0.892188 0.225000 0.012500 0.025000
0 0.929688 0.226562 0.018750 0.040625
0 0.880469 0.231250 0.014063 0.043750
0 0.924219 0.269531 0.020313 0.042188
0 0.873438 0.275781 0.018750 0.051563
0 0.840625 0.290625 0.021875 0.043750
0 0.805469 0.265625 0.020313 0.043750
0 0.777344 0.278125 0.023438 0.053125
0 0.742969 0.328906 0.029688 0.060938
0 0.819531 0.348438 0.029688 0.065625
0 0.910156 0.379688 0.026563 0.065625
0 0.896094 0.380469 0.029688 0.045313
