0 0.208594 0.313281 0.026563 0.051563
0 0.039844 0.700781 0.051563 0.092188
0 0.099219 0.656250 0.039062 0.100000
0 0.145313 0.857813 0.096875 0.193750
0 0.255469 0.847656 0.101562 0.207813
0 0.312500 0.807813 0.062500 0.137500
0 0.222656 0.653125 0.054688 0.106250
0 0.218750 0.584375 0.046875 0.078125
0 0.366406 0.619531 0.051563 0.110938
0 0.372656 0.541406 0.042188 0.082813
0 0.478125 0.550000 0.040625 0.078125
0 0.457031 0.542969 0.026563 0.070312
0 0.575781 0.525781 0.035938 0.082813
0 0.763281 0.600781 0.070312 0.139063
0 0.853906 0.450000 0.029688 0.059375
0 0.974219 0.500000 0.048438 0.118750
0 0.933594 0.488281 0.042188 0.067187
0 0.930469 0.438281 0.035938 0.064063
