0 0.156250 0.393750 0.037500 0.103125
0 0.382812 0.153906 0.012500 0.029688
0 0.387500 0.209375 0.015625 0.037500
0 0.415625 0.210156 0.015625 0.032813
0 0.445312 0.220313 0.015625 0.034375
0 0.473438 0.164844 0.018750 0.035938
0 0.571094 0.118750 0.010938 0.028125
0 0.511719 0.184375 0.017188 0.037500
0 0.551563 0.187500 0.015625 0.040625
0 0.616406 0.252344 0.026563 0.042188
0 0.782813 0.210938 0.015625 0.050000
0 0.832813 0.257031 0.021875 0.048438
0 0.935156 0.195312 0.020313 0.050000
0 0.921875 0.265625 0.021875 0.040625
