0 0.160156 0.350781 0.045313 0.079688
0 0.260156 0.282031 0.017188 0.042188
0 0.298438 0.274219 0.021875 0.035938
0 0.316406 0.246094 0.020313 0.039062
0 0.328906 0.215625 0.014063 0.031250
0 0.350781 0.217188 0.017188 0.034375
0 0.367188 0.218750 0.012500 0.034375
0 0.372656 0.242969 0.014063 0.045313
0 0.385156 0.228125 0.014063 0.031250
0 0.389063 0.200781 0.018750 0.035938
0 0.416406 0.169531 0.014063 0.023438
0 0.428906 0.189063 0.017188 0.028125
0 0.436719 0.222656 0.014063 0.045313
0 0.450781 0.192969 0.017188 0.039062
0 0.460156 0.175781 0.014063 0.035938
0 0.458594 0.228125 0.020313 0.040625
0 0.474219 0.163281 0.014063 0.029688
0 0.482813 0.189063 0.012500 0.037500
0 0.493750 0.171875 0.015625 0.031250
0 0.500781 0.189844 0.014063 0.035938
0 0.522656 0.209375 0.020313 0.037500
0 0.479688 0.250781 0.021875 0.029688
0 0.492188 0.132812 0.012500 0.025000
0 0.531250 0.133594 0.012500 0.029688
0 0.555469 0.158594 0.014063 0.035938
0 0.584375 0.085938 0.012500 0.025000
0 0.603906 0.125781 0.014063 0.026563
0 0.580469 0.121875 0.014063 0.028125
0 0.576562 0.186719 0.018750 0.035938
0 0.585156 0.165625 0.017188 0.031250
0 0.624219 0.154688 0.020313 0.031250
0 0.637500 0.103906 0.012500 0.023438
0 0.653906 0.102344 0.014063 0.026563
0 0.678125 0.070312 0.015625 0.031250
0 0.631250 0.210938 0.021875 0.040625
0 0.575781 0.246094 0.020313 0.039062
0 0.491406 0.302344 0.032813 0.045313
0 0.542188 0.350000 0.028125 0.046875
0 0.600781 0.354688 0.029688 0.062500
0 0.675781 0.366406 0.029688 0.057813
0 0.615625 0.267969 0.025000 0.048438
0 0.667188 0.302344 0.025000 0.054688
0 0.674219 0.214063 0.020313 0.040625
0 0.675000 0.182031 0.018750 0.039062
0 0.696094 0.154688 0.017188 0.034375
0 0.702344 0.190625 0.017188 0.034375
0 0.698438 0.219531 0.021875 0.042188
0 0.753125 0.196875 0.018750 0.040625
0 0.737500 0.157813 0.018750 0.037500
0 0.755469 0.163281 0.014063 0.032813
0 0.725781 0.064063 0.014063 0.028125
0 0.785938 0.128906 0.012500 0.035938
0 0.804688 0.145313 0.012500 0.028125
0 0.830469 0.165625 0.014063 0.031250
0 0.817188 0.138281 0.012500 0.023438
0 0.842969 0.143750 0.014063 0.034375
0 0.799219 0.185156 0.020313 0.048438
0 0.858594 0.156250 0.014063 0.031250
0 0.871094 0.148438 0.014063 0.034375
0 0.876563 0.135156 0.012500 0.029688
0 0.907031 0.140625 0.010938 0.025000
0 0.903125 0.158594 0.012500 0.026563
0 0.900000 0.172656 0.015625 0.026563
0 0.892969 0.184375 0.017188 0.037500
0 0.936719 0.203125 0.017188 0.037500
0 0.942969 0.161719 0.014063 0.029688
0 0.853906 0.180469 0.014063 0.026563
0 0.885156 0.245313 0.020313 0.037500
0 0.927344 0.286719 0.023438 0.054688
0 0.822656 0.257031 0.020313 0.057813
0 0.754688 0.267969 0.025000 0.048438
0 0.728906 0.292187 0.026563 0.059375
0 0.799219 0.317969 0.023438 0.060938
0 0.508594 0.148438 0.014063 0.021875
0 0.793750 0.121094 0.012500 0.029688
