0 0.192188 0.425781 0.043750 0.092188
0 0.275781 0.265625 0.017188 0.040625
0 0.272656 0.257812 0.017188 0.040625
0 0.319531 0.251563 0.020313 0.037500
0 0.336719 0.253125 0.017188 0.040625
0 0.361719 0.243750 0.020313 0.040625
0 0.375000 0.265625 0.025000 0.040625
0 0.409375 0.264844 0.025000 0.051563
0 0.340625 0.209375 0.015625 0.037500
0 0.329688 0.214844 0.015625 0.035938
0 0.372656 0.194531 0.020313 0.032813
0 0.400000 0.172656 0.015625 0.029688
0 0.429688 0.175781 0.015625 0.032813
0 0.424219 0.214844 0.020313 0.042188
0 0.454688 0.218750 0.018750 0.040625
0 0.452344 0.148438 0.017188 0.037500
0 0.469531 0.150781 0.017188 0.035938
0 0.475000 0.191406 0.018750 0.035938
0 0.495313 0.213281 0.021875 0.042188
0 0.516406 0.186719 0.017188 0.032813
0 0.542188 0.183594 0.018750 0.042188
0 0.513281 0.150781 0.017188 0.032813
0 0.491406 0.131250 0.014063 0.021875
0 0.494531 0.160156 0.014063 0.035938
0 0.525000 0.133594 0.018750 0.032813
0 0.572656 0.157813 0.017188 0.037500
0 0.564063 0.139844 0.012500 0.029688
0 0.585938 0.144531 0.015625 0.035938
0 0.578125 0.132031 0.012500 0.029688
0 0.606250 0.143750 0.018750 0.037500
0 0.609375 0.099219 0.012500 0.029688
0 0.623438 0.127344 0.012500 0.032813
0 0.648438 0.119531 0.015625 0.032813
0 0.675781 0.118750 0.017188 0.031250
0 0.500000 0.292969 0.028125 0.060938
0 0.543750 0.307031 0.034375 0.064063
0 0.578125 0.234375 0.025000 0.050000
0 0.617969 0.207031 0.023438 0.051563
0 0.614844 0.255469 0.026563 0.054688
0 0.658594 0.258594 0.023438 0.051563
0 0.671875 0.195312 0.025000 0.040625
0 0.652344 0.173438 0.017188 0.043750
0 0.711719 0.266406 0.029688 0.060938
0 0.674219 0.339844 0.042188 0.070312
0 0.742969 0.346094 0.039062 0.067187
0 0.709375 0.210156 0.021875 0.045313
0 0.729688 0.197656 0.021875 0.045313
0 0.721875 0.150000 0.015625 0.031250
0 0.682813 0.160938 0.018750 0.034375
0 0.692969 0.188281 0.020313 0.035938
0 0.750000 0.146875 0.018750 0.037500
0 0.764844 0.158594 0.017188 0.048438
0 0.764063 0.128906 0.015625 0.035938
0 0.778125 0.141406 0.015625 0.042188
0 0.794531 0.141406 0.010938 0.029688
0 0.800000 0.170313 0.015625 0.040625
0 0.775781 0.194531 0.020313 0.045313
0 0.755469 0.221094 0.020313 0.045313
0 0.785938 0.288281 0.031250 0.057813
0 0.807031 0.220313 0.023438 0.053125
0 0.837500 0.204688 0.021875 0.040625
0 0.846875 0.178906 0.021875 0.042188
0 0.868750 0.139063 0.015625 0.040625
0 0.884375 0.185156 0.015625 0.042188
0 0.878125 0.214844 0.018750 0.045313
0 0.866406 0.226562 0.020313 0.046875
0 0.905469 0.248438 0.023438 0.050000
0 0.868750 0.302344 0.031250 0.057813
