0 0.089063 0.330469 0.021875 0.035938
0 0.121094 0.332031 0.017188 0.035938
0 0.191406 0.439844 0.067187 0.123438
0 0.279688 0.472656 0.059375 0.123438
0 0.299219 0.189844 0.023438 0.048438
0 0.332813 0.170313 0.018750 0.034375
0 0.379688 0.243750 0.031250 0.050000
0 0.386719 0.200781 0.017188 0.032813
0 0.371875 0.209375 0.021875 0.040625
0 0.438281 0.207031 0.026563 0.057813
0 0.484375 0.171875 0.025000 0.053125
0 0.509375 0.268750 0.028125 0.065625
0 0.537500 0.225781 0.031250 0.064063
0 0.559375 0.121094 0.018750 0.042188
0 0.565625 0.087500 0.018750 0.034375
0 0.603125 0.132031 0.018750 0.045313
0 0.596875 0.234375 0.031250 0.065625
0 0.646094 0.130469 0.023438 0.048438
0 0.695312 0.134375 0.021875 0.053125
