0 0.375781 0.132031 0.017188 0.032813
0 0.444531 0.110938 0.014063 0.028125
0 0.218750 0.222656 0.018750 0.029688
0 0.340625 0.267188 0.018750 0.037500
0 0.371094 0.264063 0.020313 0.040625
0 0.400000 0.271094 0.025000 0.045313
0 0.460938 0.229688 0.018750 0.037500
0 0.487500 0.232031 0.018750 0.035938
0 0.496094 0.302344 0.023438 0.042188
0 0.610156 0.259375 0.020313 0.037500
0 0.496094 0.198438 0.020313 0.028125
0 0.458594 0.178125 0.020313 0.034375
0 0.580469 0.135156 0.023438 0.032813
0 0.715625 0.185156 0.025000 0.029688
0 0.757031 0.227344 0.023438 0.051563
