0 0.712500 0.301563 0.034375 0.065625
0 0.596875 0.227344 0.021875 0.045313
0 0.623438 0.219531 0.021875 0.042188
0 0.658594 0.186719 0.017188 0.035938
0 0.682813 0.221875 0.018750 0.040625
0 0.722656 0.224219 0.020313 0.039062
0 0.714063 0.191406 0.018750 0.035938
0 0.698438 0.175000 0.018750 0.034375
0 0.739063 0.175000 0.015625 0.034375
0 0.728125 0.139844 0.012500 0.032813
0 0.745313 0.144531 0.012500 0.023438
0 0.764063 0.132031 0.012500 0.026563
0 0.317969 0.214063 0.017188 0.025000
0 0.371094 0.193750 0.014063 0.031250
0 0.376563 0.175000 0.015625 0.025000
0 0.420313 0.173438 0.015625 0.031250
0 0.437500 0.174219 0.012500 0.026563
0 0.445312 0.156250 0.012500 0.025000
0 0.442188 0.138281 0.012500 0.020313
0 0.471875 0.133594 0.012500 0.020313
0 0.475000 0.157813 0.012500 0.028125
0 0.459375 0.167188 0.012500 0.021875
0 0.469531 0.203125 0.017188 0.037500
0 0.474219 0.190625 0.014063 0.021875
0 0.525781 0.182813 0.017188 0.031250
0 0.559375 0.185938 0.015625 0.031250
0 0.487500 0.146875 0.015625 0.028125
0 0.499219 0.128125 0.010938 0.018750
0 0.526563 0.122656 0.012500 0.020313
0 0.532813 0.119531 0.006250 0.020313
0 0.529687 0.153906 0.012500 0.023438
0 0.537500 0.147656 0.012500 0.026563
0 0.546094 0.137500 0.010938 0.021875
0 0.578906 0.138281 0.010938 0.026563
0 0.585938 0.122656 0.012500 0.023438
0 0.598438 0.133594 0.012500 0.020313
0 0.616406 0.103125 0.010938 0.021875
0 0.631250 0.129688 0.012500 0.025000
0 0.635156 0.157031 0.014063 0.026563
0 0.660938 0.142187 0.009375 0.025000
0 0.656250 0.124219 0.009375 0.020313
0 0.662500 0.113281 0.009375 0.020313
0 0.678906 0.108594 0.010938 0.026563
0 0.710156 0.121875 0.010938 0.021875
0 0.686719 0.148438 0.014063 0.018750
0 0.779688 0.153125 0.012500 0.031250
0 0.796875 0.159375 0.012500 0.028125
0 0.800781 0.132812 0.010938 0.021875
0 0.814844 0.158594 0.010938 0.029688
0 0.800781 0.202344 0.014063 0.029688
0 0.817188 0.199219 0.012500 0.029688
0 0.835938 0.172656 0.012500 0.035938
0 0.829688 0.136719 0.012500 0.026563
0 0.858594 0.139063 0.010938 0.031250
0 0.866406 0.200781 0.010938 0.039062
0 0.879688 0.271094 0.015625 0.042188
0 0.888281 0.229688 0.014063 0.046875
0 0.898438 0.206250 0.012500 0.031250
0 0.942188 0.223438 0.012500 0.037500
0 0.942188 0.189844 0.012500 0.020313
0 0.917969 0.176563 0.014063 0.031250
0 0.945312 0.170313 0.009375 0.025000
0 0.896875 0.159375 0.012500 0.028125
