0 0.177344 0.467188 0.048438 0.093750
0 0.231250 0.334375 0.015625 0.031250
0 0.259375 0.342969 0.018750 0.042188
0 0.288281 0.303125 0.017188 0.037500
0 0.281250 0.370313 0.021875 0.043750
0 0.332813 0.356250 0.018750 0.046875
0 0.351562 0.316406 0.015625 0.032813
0 0.350781 0.290625 0.017188 0.031250
0 0.388281 0.318750 0.014063 0.034375
0 0.403906 0.329688 0.020313 0.037500
0 0.403125 0.295313 0.015625 0.034375
0 0.400000 0.272656 0.015625 0.026563
0 0.390625 0.255469 0.015625 0.029688
0 0.432031 0.300781 0.020313 0.042188
0 0.421875 0.261719 0.015625 0.029688
0 0.437500 0.263281 0.015625 0.035938
0 0.465625 0.296875 0.015625 0.028125
0 0.464063 0.258594 0.015625 0.032813
0 0.452344 0.246094 0.014063 0.026563
0 0.460156 0.234375 0.014063 0.025000
0 0.492188 0.314844 0.018750 0.039062
0 0.488281 0.266406 0.017188 0.032813
0 0.498438 0.253125 0.012500 0.025000
0 0.509375 0.276562 0.015625 0.034375
0 0.510938 0.241406 0.012500 0.029688
0 0.523438 0.245313 0.015625 0.037500
0 0.556250 0.218750 0.012500 0.025000
0 0.563281 0.236719 0.014063 0.026563
0 0.568750 0.256250 0.012500 0.031250
0 0.591406 0.239063 0.010938 0.028125
0 0.589063 0.219531 0.012500 0.023438
0 0.600781 0.205469 0.014063 0.026563
0 0.612500 0.217188 0.012500 0.025000
0 0.625781 0.246875 0.014063 0.031250
0 0.652344 0.210938 0.014063 0.031250
0 0.657813 0.228125 0.012500 0.028125
0 0.668750 0.225781 0.012500 0.029688
0 0.525000 0.355469 0.025000 0.057813
0 0.496094 0.376563 0.026563 0.062500
0 0.537500 0.397656 0.031250 0.051563
0 0.579688 0.380469 0.028125 0.054688
0 0.583594 0.325781 0.020313 0.045313
0 0.543750 0.277344 0.015625 0.032813
0 0.600781 0.421094 0.026563 0.060938
0 0.626563 0.453125 0.037500 0.075000
0 0.652344 0.364844 0.026563 0.048438
0 0.632031 0.335938 0.023438 0.046875
0 0.618750 0.302344 0.018750 0.042188
0 0.654688 0.278125 0.018750 0.037500
0 0.678125 0.349219 0.021875 0.057813
0 0.690625 0.507031 0.040625 0.082813
0 0.707031 0.397656 0.029688 0.054688
0 0.767188 0.420313 0.028125 0.056250
0 0.781250 0.491406 0.034375 0.067187
0 0.825000 0.434375 0.025000 0.062500
0 0.838281 0.371094 0.023438 0.051563
0 0.794531 0.358594 0.023438 0.048438
0 0.897656 0.461719 0.032813 0.064063
0 0.889844 0.392188 0.026563 0.053125
0 0.903125 0.351562 0.018750 0.040625
0 0.876563 0.325781 0.021875 0.045313
0 0.845313 0.332813 0.018750 0.043750
0 0.817188 0.303906 0.021875 0.045313
0 0.792188 0.300000 0.018750 0.037500
0 0.796875 0.274219 0.018750 0.035938
0 0.791406 0.246094 0.017188 0.032813
0 0.764063 0.261719 0.015625 0.032813
0 0.760156 0.236719 0.014063 0.029688
0 0.741406 0.283594 0.017188 0.039062
0 0.731250 0.263281 0.012500 0.029688
0 0.746875 0.260937 0.012500 0.031250
0 0.730469 0.232031 0.014063 0.032813
0 0.710938 0.250000 0.015625 0.034375
0 0.694531 0.303125 0.020313 0.037500
0 0.689063 0.250000 0.015625 0.034375
0 0.819531 0.257812 0.014063 0.034375
0 0.832031 0.271094 0.014063 0.035938
0 0.850000 0.256250 0.012500 0.037500
0 0.869531 0.275000 0.017188 0.037500
0 0.906250 0.306250 0.015625 0.028125
0 0.910156 0.280469 0.014063 0.023438
