0 0.232031 0.406250 0.051563 0.106250
0 0.246094 0.175781 0.014063 0.026563
0 0.382812 0.469531 0.059375 0.120313
0 0.443750 0.258594 0.021875 0.042188
0 0.433594 0.210938 0.014063 0.034375
0 0.404688 0.205469 0.018750 0.032813
0 0.485156 0.233594 0.020313 0.035938
0 0.467188 0.228906 0.018750 0.032813
0 0.572656 0.207813 0.020313 0.040625
0 0.609375 0.273438 0.025000 0.050000
0 0.592969 0.109375 0.014063 0.028125
0 0.612500 0.100781 0.009375 0.023438
0 0.637500 0.122656 0.009375 0.020313
0 0.663281 0.118750 0.010938 0.025000
