0 0.071875 0.376563 0.040625 0.065625
0 0.096875 0.361719 0.034375 0.067187
0 0.157031 0.335156 0.032813 0.057813
0 0.232031 0.334375 0.026563 0.043750
0 0.359375 0.309375 0.025000 0.053125
0 0.417969 0.308594 0.026563 0.039062
0 0.459375 0.294531 0.031250 0.045313
0 0.517188 0.304688 0.025000 0.046875
0 0.588281 0.318750 0.029688 0.046875
0 0.753125 0.334375 0.034375 0.065625
0 0.818750 0.357813 0.037500 0.059375
0 0.883594 0.379688 0.029688 0.056250
0 0.967969 0.391406 0.039062 0.064063
0 0.669531 0.781250 0.095313 0.150000
0 0.435156 0.898438 0.114063 0.190625
0 0.155469 0.903906 0.160938 0.176563
