0 0.578906 0.246094 0.029688 0.060938
0 0.289844 0.316406 0.035938 0.064063
0 0.229688 0.368750 0.043750 0.081250
0 0.162500 0.381250 0.050000 0.093750
0 0.207813 0.325000 0.043750 0.075000
0 0.103125 0.300781 0.031250 0.051563
0 0.069531 0.326563 0.039062 0.071875
0 0.026563 0.332813 0.043750 0.068750
0 0.678125 0.325781 0.025000 0.051563
0 0.701563 0.341406 0.040625 0.079688
0 0.754688 0.379688 0.053125 0.115625
0 0.816406 0.400000 0.064063 0.134375
0 0.817188 0.303906 0.021875 0.048438
0 0.832813 0.321094 0.021875 0.051563
0 0.861719 0.315625 0.023438 0.050000
0 0.893750 0.322656 0.040625 0.079688
0 0.940625 0.342969 0.046875 0.085938
