0 0.057031 0.279688 0.026563 0.046875
0 0.275000 0.210938 0.015625 0.031250
0 0.315625 0.217969 0.015625 0.039062
0 0.349219 0.164844 0.014063 0.035938
0 0.353125 0.212500 0.015625 0.034375
0 0.361719 0.183594 0.014063 0.035938
0 0.375781 0.223438 0.017188 0.034375
0 0.405469 0.224219 0.017188 0.045313
0 0.425781 0.241406 0.020313 0.045313
0 0.418750 0.191406 0.015625 0.039062
0 0.397656 0.148438 0.010938 0.025000
0 0.382812 0.195312 0.015625 0.034375
0 0.413281 0.152344 0.010938 0.035938
0 0.426563 0.162500 0.012500 0.025000
0 0.435156 0.189063 0.017188 0.028125
0 0.465625 0.191406 0.018750 0.039062
0 0.436719 0.150781 0.010938 0.020313
0 0.483594 0.187500 0.014063 0.034375
0 0.478906 0.124219 0.010938 0.020313
0 0.491406 0.151563 0.017188 0.028125
0 0.513281 0.146094 0.017188 0.029688
0 0.500781 0.112500 0.010938 0.021875
0 0.520313 0.121094 0.012500 0.023438
0 0.559375 0.115625 0.015625 0.021875
0 0.531250 0.164844 0.018750 0.029688
0 0.552344 0.177344 0.017188 0.039062
0 0.563281 0.146094 0.017188 0.029688
0 0.584375 0.157031 0.015625 0.042188
0 0.579688 0.124219 0.012500 0.020313
0 0.597656 0.104688 0.014063 0.028125
0 0.612500 0.120313 0.012500 0.034375
0 0.623438 0.104688 0.012500 0.028125
0 0.646875 0.107813 0.015625 0.028125
0 0.640625 0.147656 0.015625 0.029688
0 0.628125 0.192188 0.018750 0.034375
0 0.596094 0.217969 0.020313 0.039062
0 0.638281 0.223438 0.023438 0.043750
0 0.661719 0.171094 0.014063 0.032813
0 0.677344 0.121875 0.014063 0.025000
0 0.707813 0.102344 0.012500 0.026563
0 0.707031 0.156250 0.014063 0.031250
0 0.681250 0.210156 0.018750 0.039062
0 0.688281 0.248438 0.020313 0.043750
0 0.728906 0.219531 0.020313 0.045313
0 0.723438 0.169531 0.015625 0.035938
0 0.744531 0.179688 0.020313 0.043750
0 0.735156 0.134375 0.014063 0.028125
0 0.771875 0.118750 0.015625 0.025000
0 0.785156 0.157813 0.014063 0.028125
0 0.791406 0.192188 0.020313 0.031250
0 0.757031 0.243750 0.023438 0.043750
0 0.758594 0.342969 0.026563 0.054688
0 0.699219 0.307813 0.032813 0.065625
0 0.823438 0.134375 0.015625 0.028125
0 0.842969 0.143750 0.014063 0.031250
0 0.856250 0.142187 0.012500 0.034375
0 0.871875 0.168750 0.015625 0.043750
0 0.828125 0.164844 0.015625 0.026563
0 0.832031 0.237500 0.017188 0.040625
0 0.801563 0.276562 0.025000 0.050000
0 0.889844 0.225781 0.017188 0.039062
0 0.909375 0.139844 0.015625 0.029688
0 0.911719 0.178906 0.014063 0.039062
0 0.945312 0.177344 0.015625 0.035938
0 0.922656 0.167188 0.010938 0.034375
0 0.928125 0.235156 0.015625 0.042188
0 0.915625 0.321094 0.025000 0.057813
0 0.853125 0.203125 0.015625 0.034375
0 0.549219 0.151563 0.014063 0.028125
0 0.485156 0.139844 0.014063 0.026563
0 0.935938 0.208594 0.015625 0.035938
0 0.813281 0.182813 0.017188 0.034375
0 0.856250 0.183594 0.015625 0.029688
0 0.796094 0.131250 0.010938 0.025000
0 0.900781 0.208594 0.014063 0.045313
0 0.734375 0.158594 0.015625 0.035938
