0 0.099219 0.481250 0.051563 0.087500
0 0.073438 0.421094 0.046875 0.076563
0 0.021875 0.480469 0.037500 0.079688
0 0.153906 0.440625 0.045313 0.078125
0 0.129688 0.446875 0.031250 0.046875
0 0.181250 0.457031 0.028125 0.057813
0 0.014063 0.428906 0.025000 0.048438
0 0.239063 0.442969 0.043750 0.073438
0 0.222656 0.424219 0.029688 0.051563
0 0.275000 0.441406 0.037500 0.060938
0 0.286719 0.418750 0.023438 0.046875
0 0.219531 0.609375 0.117188 0.184375
0 0.344531 0.485938 0.064063 0.103125
0 0.336719 0.444531 0.039062 0.060938
0 0.360156 0.435156 0.029688 0.060938
0 0.361719 0.324219 0.023438 0.054688
0 0.410938 0.428906 0.034375 0.060938
0 0.450000 0.483594 0.056250 0.089063
0 0.468750 0.473438 0.046875 0.068750
0 0.520313 0.531250 0.075000 0.128125
0 0.535938 0.447656 0.037500 0.070312
0 0.583594 0.476562 0.042188 0.068750
0 0.630469 0.499219 0.054688 0.095313
0 0.599219 0.430469 0.035938 0.051563
0 0.639063 0.446875 0.037500 0.056250
0 0.614844 0.645313 0.132812 0.203125
0 0.741406 0.552344 0.073438 0.145313
0 0.706250 0.472656 0.037500 0.070312
0 0.692188 0.439844 0.034375 0.048438
0 0.751563 0.440625 0.031250 0.046875
0 0.782813 0.478125 0.053125 0.084375
0 0.789844 0.441406 0.035938 0.057813
0 0.832813 0.490625 0.046875 0.081250
0 0.859375 0.456250 0.037500 0.065625
0 0.880469 0.446875 0.026563 0.056250
