0 0.085938 0.414844 0.109375 0.179688
0 0.346875 0.541406 0.065625 0.114063
0 0.361719 0.461719 0.051563 0.079688
0 0.502344 0.488281 0.060938 0.079688
0 0.488281 0.419531 0.035938 0.064063
0 0.563281 0.413281 0.032813 0.064063
0 0.603125 0.438281 0.037500 0.067187
0 0.625781 0.410938 0.020313 0.050000
0 0.669531 0.425000 0.032813 0.059375
0 0.732031 0.409375 0.023438 0.046875
0 0.979688 0.517188 0.034375 0.103125
0 0.964063 0.464844 0.040625 0.060938
0 0.946094 0.431250 0.029688 0.053125
0 0.971875 0.414844 0.031250 0.060938
