0 0.091406 0.313281 0.023438 0.042188
0 0.156250 0.385156 0.043750 0.079688
0 0.264844 0.264844 0.017188 0.029688
0 0.280469 0.265625 0.017188 0.037500
0 0.352344 0.250781 0.020313 0.042188
0 0.392969 0.266406 0.020313 0.042188
0 0.371875 0.196094 0.015625 0.032813
0 0.399219 0.228125 0.017188 0.034375
0 0.400781 0.192969 0.010938 0.026563
0 0.410938 0.203125 0.012500 0.025000
0 0.410938 0.178125 0.012500 0.025000
0 0.439063 0.228906 0.018750 0.039062
0 0.439063 0.204688 0.018750 0.034375
0 0.453125 0.155469 0.015625 0.026563
0 0.471094 0.167969 0.017188 0.039062
0 0.492969 0.197656 0.017188 0.035938
0 0.484375 0.183594 0.015625 0.029688
0 0.504688 0.157813 0.012500 0.025000
0 0.524219 0.167969 0.017188 0.029688
0 0.528125 0.196094 0.018750 0.042188
0 0.520313 0.135156 0.012500 0.026563
0 0.534375 0.140625 0.015625 0.034375
0 0.550781 0.167969 0.017188 0.032813
0 0.567969 0.139063 0.014063 0.028125
0 0.560937 0.111719 0.012500 0.029688
0 0.554688 0.079688 0.015625 0.021875
0 0.596094 0.075000 0.010938 0.021875
0 0.586719 0.167188 0.017188 0.034375
0 0.585156 0.141406 0.014063 0.023438
0 0.591406 0.122656 0.010938 0.020313
0 0.600781 0.110938 0.010938 0.025000
0 0.622656 0.104688 0.010938 0.025000
0 0.647656 0.104688 0.010938 0.025000
0 0.650000 0.132812 0.012500 0.028125
0 0.657813 0.121094 0.012500 0.029688
0 0.667969 0.110156 0.010938 0.026563
0 0.706250 0.105469 0.015625 0.026563
0 0.616406 0.153906 0.017188 0.039062
0 0.504688 0.300781 0.025000 0.060938
0 0.518750 0.328906 0.025000 0.054688
0 0.559375 0.264844 0.025000 0.048438
0 0.608594 0.217969 0.020313 0.039062
0 0.610938 0.271875 0.021875 0.053125
0 0.623438 0.296094 0.028125 0.051563
0 0.677344 0.316406 0.035938 0.070312
0 0.661719 0.219531 0.020313 0.042188
0 0.692969 0.187500 0.020313 0.040625
0 0.753906 0.336719 0.035938 0.076563
0 0.796875 0.410938 0.040625 0.081250
0 0.750000 0.231250 0.021875 0.050000
0 0.749219 0.185156 0.020313 0.045313
0 0.782031 0.198438 0.020313 0.040625
0 0.784375 0.161719 0.018750 0.035938
0 0.806250 0.135938 0.015625 0.037500
0 0.826563 0.147656 0.015625 0.032813
0 0.834375 0.139844 0.015625 0.029688
0 0.847656 0.139844 0.014063 0.039062
0 0.870313 0.136719 0.015625 0.032813
0 0.860938 0.160156 0.015625 0.035938
0 0.873438 0.197656 0.018750 0.039062
0 0.886719 0.190625 0.020313 0.046875
0 0.829688 0.207031 0.025000 0.045313
0 0.799219 0.291406 0.023438 0.054688
0 0.769531 0.281250 0.023438 0.056250
0 0.834375 0.319531 0.028125 0.060938
0 0.811719 0.267969 0.023438 0.048438
0 0.921094 0.427344 0.039062 0.079688
0 0.905469 0.321875 0.032813 0.068750
0 0.871094 0.272656 0.020313 0.042188
0 0.922656 0.280469 0.020313 0.048438
0 0.928906 0.244531 0.023438 0.039062
0 0.928125 0.200000 0.021875 0.043750
0 0.932031 0.162500 0.017188 0.034375
0 0.906250 0.149219 0.012500 0.026563
0 0.961719 0.122656 0.010938 0.029688
