0 0.079688 0.495313 0.053125 0.100000
0 0.196875 0.536719 0.062500 0.104688
0 0.166406 0.488281 0.042188 0.070312
0 0.300000 0.688281 0.134375 0.251563
0 0.333594 0.550000 0.067187 0.121875
0 0.292187 0.490625 0.034375 0.075000
0 0.384375 0.512500 0.043750 0.090625
0 0.521094 0.595313 0.073438 0.134375
0 0.499219 0.518750 0.057813 0.121875
0 0.531250 0.479688 0.034375 0.068750
0 0.575781 0.512500 0.042188 0.075000
0 0.621875 0.506250 0.034375 0.068750
0 0.641406 0.556250 0.048438 0.100000
0 0.704688 0.843750 0.165625 0.300000
0 0.766406 0.573438 0.079688 0.143750
0 0.704688 0.542969 0.043750 0.082813
0 0.838281 0.582031 0.064063 0.107813
0 0.653906 0.362500 0.035938 0.068750
0 0.825000 0.516406 0.037500 0.073438
