0 0.216406 0.353125 0.042188 0.084375
0 0.279688 0.265625 0.018750 0.034375
0 0.330469 0.284375 0.020313 0.037500
0 0.341406 0.257812 0.014063 0.037500
0 0.421094 0.285938 0.023438 0.037500
0 0.361719 0.217188 0.017188 0.034375
0 0.377344 0.225781 0.014063 0.032813
0 0.381250 0.201563 0.015625 0.031250
0 0.417188 0.223438 0.015625 0.031250
0 0.438281 0.232031 0.017188 0.029688
0 0.460156 0.221094 0.010938 0.029688
0 0.464063 0.196094 0.018750 0.029688
0 0.435938 0.192969 0.015625 0.029688
0 0.420313 0.183594 0.015625 0.026563
0 0.450781 0.168750 0.014063 0.028125
0 0.441406 0.164844 0.010938 0.026563
0 0.467969 0.167188 0.014063 0.031250
0 0.485156 0.175000 0.014063 0.031250
0 0.480469 0.134375 0.010938 0.025000
0 0.505469 0.148438 0.014063 0.028125
0 0.525000 0.210938 0.015625 0.025000
0 0.538281 0.168750 0.014063 0.028125
0 0.562500 0.167969 0.015625 0.032813
0 0.527344 0.139063 0.014063 0.025000
0 0.551563 0.127344 0.012500 0.026563
0 0.584375 0.112500 0.012500 0.021875
0 0.605469 0.122656 0.014063 0.020313
0 0.679688 0.107813 0.012500 0.028125
0 0.476562 0.328125 0.025000 0.043750
0 0.543750 0.311719 0.025000 0.051563
0 0.562500 0.256250 0.018750 0.040625
0 0.600781 0.257031 0.020313 0.039062
0 0.611719 0.212500 0.023438 0.043750
0 0.660156 0.207031 0.017188 0.042188
0 0.675000 0.321875 0.028125 0.059375
0 0.590625 0.346875 0.025000 0.046875
0 0.704688 0.211719 0.018750 0.035938
0 0.706250 0.285156 0.025000 0.057813
0 0.670313 0.166406 0.015625 0.029688
0 0.700781 0.149219 0.017188 0.029688
0 0.694531 0.187500 0.014063 0.034375
0 0.744531 0.194531 0.017188 0.039062
0 0.732031 0.167188 0.010938 0.025000
0 0.742969 0.153906 0.010938 0.026563
0 0.727344 0.132812 0.010938 0.025000
0 0.744531 0.107813 0.014063 0.028125
0 0.759375 0.135156 0.012500 0.032813
0 0.790625 0.142187 0.015625 0.031250
0 0.802344 0.133594 0.010938 0.026563
0 0.792969 0.189844 0.017188 0.039062
0 0.764844 0.317969 0.026563 0.051563
0 0.810938 0.167188 0.012500 0.031250
0 0.839844 0.185938 0.014063 0.031250
0 0.864063 0.229688 0.021875 0.050000
0 0.914844 0.279688 0.023438 0.059375
0 0.910156 0.187500 0.017188 0.034375
0 0.884375 0.151563 0.012500 0.028125
0 0.896094 0.136719 0.014063 0.029688
0 0.863281 0.137500 0.010938 0.025000
0 0.855469 0.154688 0.014063 0.025000
0 0.826563 0.143750 0.012500 0.028125
0 0.839844 0.150781 0.014063 0.029688
0 0.830469 0.081250 0.010938 0.031250
