0 0.077344 0.472656 0.064063 0.117188
0 0.134375 0.481250 0.053125 0.106250
0 0.189844 0.609375 0.057813 0.106250
0 0.214844 0.528125 0.054688 0.087500
0 0.242188 0.462500 0.053125 0.087500
0 0.292187 0.517969 0.050000 0.092188
0 0.328125 0.582031 0.050000 0.101562
0 0.392188 0.603906 0.053125 0.095313
0 0.400000 0.517969 0.056250 0.092188
0 0.484375 0.517969 0.050000 0.092188
0 0.579688 0.578125 0.053125 0.103125
0 0.619531 0.546875 0.045313 0.090625
0 0.654688 0.501563 0.037500 0.081250
0 0.699219 0.539844 0.045313 0.092188
0 0.730469 0.629688 0.064063 0.125000
0 0.713281 0.501563 0.045313 0.081250
0 0.744531 0.521875 0.048438 0.084375
0 0.788281 0.497656 0.045313 0.079688
0 0.795313 0.587500 0.053125 0.090625
0 0.850781 0.543750 0.048438 0.090625
0 0.903125 0.539844 0.037500 0.076563
0 0.950781 0.534375 0.048438 0.087500
