0 0.185156 0.435938 0.032813 0.050000
0 0.255469 0.620313 0.048438 0.078125
0 0.317188 0.603906 0.062500 0.089063
0 0.314063 0.544531 0.037500 0.054688
0 0.279688 0.532031 0.034375 0.057813
0 0.399219 0.515625 0.042188 0.050000
0 0.384375 0.572656 0.046875 0.067187
0 0.585156 0.692969 0.076563 0.123438
0 0.562500 0.588281 0.046875 0.067187
0 0.522656 0.525000 0.039062 0.053125
0 0.573438 0.550000 0.040625 0.059375
0 0.588281 0.505469 0.029688 0.042188
0 0.628906 0.531250 0.048438 0.053125
0 0.678906 0.575000 0.054688 0.071875
0 0.780469 0.616406 0.079688 0.107813
0 0.760156 0.545312 0.042188 0.056250
0 0.820312 0.557813 0.046875 0.065625
0 0.807031 0.508594 0.039062 0.045313
0 0.837500 0.497656 0.028125 0.045313
0 0.855469 0.545312 0.032813 0.059375
0 0.894531 0.498438 0.032813 0.040625
0 0.957813 0.578125 0.071875 0.100000
0 0.967969 0.499219 0.032813 0.054688
