0 0.189844 0.419531 0.042188 0.082813
0 0.279688 0.250000 0.012500 0.028125
0 0.291406 0.252344 0.017188 0.039062
0 0.310156 0.272656 0.017188 0.039062
0 0.317188 0.239844 0.018750 0.039062
0 0.335938 0.276562 0.025000 0.043750
0 0.337500 0.250781 0.018750 0.039062
0 0.332031 0.214063 0.020313 0.034375
0 0.400000 0.260156 0.021875 0.045313
0 0.417188 0.262500 0.021875 0.050000
0 0.396094 0.221875 0.020313 0.043750
0 0.408594 0.189844 0.017188 0.032813
0 0.400000 0.177344 0.015625 0.029688
0 0.423438 0.179688 0.018750 0.037500
0 0.435938 0.226562 0.021875 0.043750
0 0.465625 0.225781 0.021875 0.042188
0 0.467969 0.154688 0.020313 0.034375
0 0.481250 0.203906 0.018750 0.039062
0 0.503125 0.188281 0.018750 0.035938
0 0.442969 0.163281 0.014063 0.026563
0 0.445312 0.148438 0.012500 0.021875
0 0.497656 0.128125 0.014063 0.028125
0 0.514844 0.152344 0.014063 0.029688
0 0.522656 0.128125 0.014063 0.028125
0 0.548438 0.144531 0.015625 0.026563
0 0.564063 0.163281 0.021875 0.042188
0 0.547656 0.200781 0.020313 0.045313
0 0.587500 0.150000 0.015625 0.031250
0 0.622656 0.145313 0.014063 0.031250
0 0.591406 0.109375 0.010938 0.028125
0 0.602344 0.109375 0.014063 0.028125
0 0.623438 0.126562 0.012500 0.021875
0 0.646094 0.117969 0.017188 0.032813
0 0.665625 0.122656 0.015625 0.032813
0 0.657031 0.168750 0.020313 0.043750
0 0.625000 0.200000 0.021875 0.046875
0 0.603125 0.250000 0.028125 0.059375
0 0.556250 0.259375 0.025000 0.046875
0 0.540625 0.314063 0.034375 0.056250
0 0.492188 0.298438 0.034375 0.053125
0 0.664844 0.239063 0.023438 0.050000
0 0.671094 0.203906 0.020313 0.045313
0 0.688281 0.160938 0.017188 0.037500
0 0.721094 0.153906 0.020313 0.039062
0 0.739844 0.186719 0.020313 0.042188
0 0.740625 0.232813 0.021875 0.046875
0 0.714844 0.264063 0.029688 0.059375
0 0.713281 0.217188 0.023438 0.040625
0 0.707031 0.313281 0.032813 0.064063
0 0.757812 0.370313 0.037500 0.068750
0 0.782813 0.293750 0.037500 0.059375
0 0.767969 0.156250 0.020313 0.034375
0 0.750781 0.139844 0.017188 0.035938
0 0.786719 0.140625 0.017188 0.028125
0 0.804688 0.173438 0.015625 0.037500
0 0.811719 0.237500 0.023438 0.053125
0 0.784375 0.211719 0.021875 0.039062
0 0.827344 0.214844 0.020313 0.039062
0 0.840625 0.182031 0.015625 0.035938
0 0.876563 0.148438 0.015625 0.034375
0 0.885938 0.185938 0.015625 0.034375
0 0.883594 0.218750 0.020313 0.037500
0 0.884375 0.261719 0.025000 0.048438
0 0.857031 0.313281 0.029688 0.064063
0 0.921875 0.264063 0.025000 0.062500
