0 0.397656 0.205469 0.039062 0.051563
0 0.300781 0.359375 0.039062 0.075000
0 0.322656 0.347656 0.035938 0.064063
0 0.253906 0.380469 0.054688 0.070312
0 0.167969 0.410938 0.067187 0.096875
0 0.201563 0.352344 0.043750 0.067187
0 0.150000 0.342969 0.043750 0.070312
0 0.093750 0.387500 0.053125 0.084375
0 0.077344 0.485938 0.092188 0.140625
0 0.025781 0.399219 0.045313 0.104688
0 0.546094 0.364063 0.051563 0.078125
0 0.550000 0.436719 0.075000 0.132812
0 0.616406 0.448438 0.073438 0.128125
0 0.707031 0.481250 0.101562 0.162500
0 0.698438 0.399219 0.053125 0.082813
0 0.664062 0.364063 0.037500 0.068750
0 0.832813 0.663281 0.137500 0.210938
0 0.856250 0.422656 0.071875 0.126562
0 0.976562 0.488281 0.046875 0.132812
0 0.977344 0.392188 0.042188 0.084375
