0 0.059375 0.674219 0.065625 0.092188
0 0.061719 0.606250 0.039062 0.059375
0 0.132812 0.679688 0.062500 0.106250
0 0.196094 0.656250 0.048438 0.081250
0 0.178125 0.625000 0.034375 0.053125
0 0.166406 0.928125 0.114063 0.146875
0 0.322656 0.683594 0.054688 0.104688
0 0.339063 0.597656 0.043750 0.070312
0 0.400000 0.675781 0.059375 0.089063
0 0.428906 0.610938 0.048438 0.071875
0 0.432031 0.807813 0.079688 0.140625
0 0.534375 0.441406 0.043750 0.089063
0 0.589063 0.480469 0.031250 0.076563
0 0.531250 0.597656 0.037500 0.067187
0 0.600781 0.645313 0.051563 0.078125
0 0.644531 0.579688 0.048438 0.075000
0 0.654688 0.783594 0.071875 0.135938
0 0.858594 0.916406 0.126562 0.170313
0 0.750781 0.651563 0.051563 0.093750
0 0.757031 0.585938 0.054688 0.071875
0 0.798438 0.608594 0.043750 0.064063
0 0.860938 0.664844 0.078125 0.101562
0 0.919531 0.632812 0.051563 0.090625
0 0.913281 0.588281 0.032813 0.057813
