0 0.021094 0.288281 0.039062 0.067187
0 0.021094 0.340625 0.039062 0.078125
0 0.094531 0.354688 0.067187 0.109375
0 0.205469 0.235938 0.173438 0.268750
0 0.311719 0.257031 0.042188 0.076563
0 0.385156 0.222656 0.051563 0.067187
0 0.402344 0.307813 0.048438 0.078125
0 0.471094 0.280469 0.095313 0.170313
0 0.539844 0.252344 0.045313 0.067187
0 0.649219 0.332813 0.145313 0.228125
0 0.717969 0.253906 0.039062 0.070312
0 0.768750 0.349219 0.040625 0.079688
0 0.802344 0.245313 0.029688 0.065625
0 0.862500 0.327344 0.040625 0.064063
0 0.934375 0.335938 0.068750 0.112500
