0 0.346094 0.235938 0.020313 0.037500
0 0.357031 0.311719 0.020313 0.039062
0 0.392969 0.301563 0.020313 0.037500
0 0.403125 0.228125 0.018750 0.034375
0 0.368750 0.203125 0.015625 0.028125
0 0.397656 0.189063 0.010938 0.031250
0 0.411719 0.204688 0.017188 0.034375
0 0.461719 0.233594 0.017188 0.032813
0 0.493750 0.232031 0.018750 0.039062
0 0.495313 0.205469 0.018750 0.032813
0 0.480469 0.189844 0.014063 0.029688
0 0.464063 0.207031 0.015625 0.026563
0 0.453906 0.184375 0.014063 0.028125
0 0.582031 0.144531 0.014063 0.026563
0 0.495313 0.308594 0.025000 0.045313
0 0.632031 0.251563 0.020313 0.046875
0 0.672656 0.062500 0.010938 0.021875
0 0.715625 0.193750 0.018750 0.043750
0 0.760938 0.246094 0.018750 0.051563
0 0.928906 0.230469 0.017188 0.039062
