0 0.046875 0.371094 0.025000 0.054688
0 0.250000 0.266406 0.018750 0.039062
0 0.303906 0.241406 0.017188 0.039062
0 0.321094 0.270313 0.017188 0.031250
0 0.304688 0.274219 0.015625 0.032813
0 0.325000 0.207813 0.015625 0.031250
0 0.334375 0.218750 0.015625 0.031250
0 0.351562 0.242969 0.015625 0.042188
0 0.364063 0.263281 0.021875 0.045313
0 0.392188 0.286719 0.025000 0.051563
0 0.359375 0.209375 0.018750 0.040625
0 0.366406 0.188281 0.017188 0.035938
0 0.385156 0.178125 0.014063 0.037500
0 0.380469 0.222656 0.020313 0.039062
0 0.403125 0.188281 0.018750 0.039062
0 0.426563 0.235156 0.021875 0.042188
0 0.439063 0.184375 0.015625 0.037500
0 0.445312 0.167188 0.015625 0.025000
0 0.461719 0.194531 0.020313 0.039062
0 0.471875 0.228125 0.025000 0.043750
0 0.458594 0.135938 0.014063 0.031250
0 0.492969 0.193750 0.017188 0.040625
0 0.502344 0.162500 0.014063 0.037500
0 0.485938 0.121094 0.012500 0.026563
0 0.484375 0.158594 0.015625 0.029688
0 0.523438 0.200000 0.021875 0.046875
0 0.527344 0.167969 0.020313 0.035938
0 0.545312 0.149219 0.018750 0.032813
0 0.565625 0.172656 0.018750 0.039062
0 0.567969 0.220313 0.026563 0.050000
0 0.485938 0.304688 0.028125 0.062500
0 0.577344 0.296875 0.029688 0.062500
0 0.564844 0.114063 0.014063 0.034375
0 0.578906 0.139844 0.014063 0.029688
0 0.592969 0.128906 0.014063 0.023438
0 0.614844 0.110156 0.010938 0.023438
0 0.617188 0.136719 0.015625 0.029688
0 0.632031 0.128906 0.010938 0.029688
0 0.634375 0.110938 0.009375 0.025000
0 0.674219 0.112500 0.014063 0.034375
0 0.662500 0.206250 0.018750 0.046875
0 0.645313 0.196094 0.015625 0.042188
0 0.632812 0.193750 0.015625 0.040625
0 0.626563 0.239844 0.025000 0.054688
0 0.628125 0.311719 0.031250 0.064063
0 0.656250 0.269531 0.025000 0.060938
0 0.706250 0.268750 0.025000 0.059375
0 0.700000 0.210156 0.018750 0.039062
0 0.687500 0.192969 0.018750 0.042188
0 0.684375 0.150000 0.018750 0.031250
0 0.709375 0.141406 0.018750 0.035938
0 0.732813 0.106250 0.015625 0.031250
0 0.752344 0.135938 0.017188 0.037500
0 0.770313 0.118750 0.018750 0.031250
0 0.718750 0.181250 0.015625 0.040625
0 0.732813 0.195312 0.018750 0.050000
0 0.757031 0.202344 0.020313 0.051563
0 0.763281 0.164062 0.017188 0.034375
0 0.773438 0.208594 0.015625 0.035938
0 0.767188 0.286719 0.028125 0.067187
0 0.836719 0.304688 0.029688 0.068750
0 0.852344 0.258594 0.023438 0.057813
0 0.914844 0.275000 0.023438 0.056250
0 0.914844 0.240625 0.023438 0.040625
0 0.882812 0.186719 0.018750 0.039062
0 0.884375 0.162500 0.018750 0.040625
0 0.890625 0.142969 0.012500 0.029688
0 0.860156 0.141406 0.014063 0.035938
0 0.838281 0.162500 0.017188 0.037500
0 0.828125 0.203125 0.018750 0.046875
0 0.807813 0.157813 0.018750 0.040625
0 0.789062 0.142969 0.015625 0.035938
0 0.809375 0.117969 0.015625 0.029688
0 0.833594 0.129688 0.014063 0.037500
