0 0.028906 0.672656 0.054688 0.104688
0 0.021875 0.592187 0.040625 0.068750
0 0.079688 0.623438 0.046875 0.071875
0 0.058594 0.594531 0.029688 0.057813
0 0.146875 0.605469 0.037500 0.060938
0 0.167188 0.589844 0.021875 0.048438
0 0.399219 0.539062 0.029688 0.053125
0 0.395313 0.584375 0.031250 0.059375
0 0.437500 0.607813 0.040625 0.081250
0 0.476562 0.646875 0.056250 0.084375
0 0.495313 0.569531 0.031250 0.048438
0 0.475000 0.467969 0.021875 0.035938
0 0.556250 0.604688 0.046875 0.068750
0 0.574219 0.701563 0.085938 0.143750
0 0.627344 0.653125 0.057813 0.090625
0 0.660938 0.558594 0.025000 0.045313
0 0.687500 0.575781 0.028125 0.042188
0 0.713281 0.558594 0.023438 0.039062
0 0.771875 0.817188 0.140625 0.231250
0 0.770313 0.691406 0.078125 0.123438
0 0.773438 0.600000 0.046875 0.078125
0 0.787500 0.570312 0.031250 0.056250
0 0.861719 0.555469 0.035938 0.051563
0 0.875000 0.626563 0.050000 0.084375
0 0.897656 0.539844 0.029688 0.048438
0 0.923438 0.566406 0.034375 0.054688
0 0.949219 0.615625 0.051563 0.081250
