0 0.089844 0.282031 0.023438 0.051563
0 0.284375 0.231250 0.018750 0.037500
0 0.296875 0.232813 0.015625 0.034375
0 0.334375 0.190625 0.015625 0.034375
0 0.357813 0.193750 0.015625 0.034375
0 0.359375 0.229688 0.018750 0.040625
0 0.379688 0.237500 0.018750 0.037500
0 0.387500 0.178125 0.012500 0.031250
0 0.407813 0.171875 0.012500 0.028125
0 0.382031 0.211719 0.014063 0.029688
0 0.413281 0.242969 0.017188 0.039062
0 0.427344 0.203125 0.017188 0.040625
0 0.427344 0.176563 0.014063 0.031250
0 0.444531 0.167969 0.014063 0.029688
0 0.460938 0.214844 0.018750 0.035938
0 0.450000 0.252344 0.018750 0.035938
0 0.489844 0.154688 0.010938 0.031250
0 0.500781 0.159375 0.014063 0.025000
0 0.504688 0.188281 0.015625 0.035938
0 0.507812 0.133594 0.012500 0.023438
0 0.522656 0.146875 0.017188 0.031250
0 0.529687 0.185938 0.018750 0.031250
0 0.542969 0.163281 0.014063 0.029688
0 0.553125 0.132812 0.012500 0.025000
0 0.554688 0.148438 0.015625 0.028125
0 0.561719 0.188281 0.017188 0.035938
0 0.571875 0.165625 0.015625 0.034375
0 0.579688 0.144531 0.012500 0.029688
0 0.596875 0.141406 0.012500 0.023438
0 0.601562 0.161719 0.015625 0.029688
0 0.609375 0.167188 0.015625 0.031250
0 0.597656 0.232031 0.020313 0.048438
0 0.628125 0.213281 0.018750 0.042188
0 0.639063 0.254688 0.021875 0.046875
0 0.674219 0.185938 0.014063 0.034375
0 0.647656 0.160156 0.014063 0.023438
0 0.628125 0.141406 0.012500 0.026563
0 0.618750 0.127344 0.012500 0.020313
0 0.612500 0.128125 0.015625 0.025000
0 0.646094 0.128125 0.014063 0.031250
0 0.661719 0.113281 0.010938 0.023438
0 0.667188 0.132031 0.012500 0.029688
0 0.685938 0.137500 0.012500 0.028125
0 0.690625 0.117188 0.012500 0.025000
0 0.710156 0.117188 0.010938 0.025000
0 0.783594 0.134375 0.010938 0.025000
0 0.739063 0.153906 0.012500 0.032813
0 0.741406 0.178906 0.017188 0.035938
0 0.721094 0.190625 0.014063 0.034375
0 0.707813 0.184375 0.015625 0.031250
0 0.685156 0.227344 0.020313 0.039062
0 0.695312 0.259375 0.021875 0.046875
0 0.698438 0.309375 0.025000 0.068750
0 0.738281 0.240625 0.017188 0.043750
0 0.771875 0.246094 0.018750 0.045313
0 0.796875 0.217969 0.015625 0.039062
0 0.800000 0.175000 0.012500 0.034375
0 0.807031 0.142969 0.010938 0.032813
0 0.835938 0.143750 0.012500 0.031250
0 0.836719 0.178125 0.014063 0.034375
0 0.857813 0.163281 0.012500 0.035938
0 0.878125 0.169531 0.015625 0.032813
0 0.870313 0.196094 0.015625 0.032813
0 0.916406 0.154688 0.010938 0.031250
0 0.907813 0.182813 0.015625 0.037500
0 0.953906 0.199219 0.010938 0.032813
0 0.937500 0.211719 0.015625 0.026563
0 0.947656 0.226562 0.014063 0.031250
0 0.925781 0.257812 0.017188 0.040625
0 0.918750 0.331250 0.021875 0.056250
0 0.889844 0.231250 0.017188 0.037500
0 0.898438 0.210938 0.018750 0.031250
0 0.858594 0.225000 0.014063 0.034375
0 0.844531 0.225000 0.017188 0.034375
0 0.821875 0.207813 0.015625 0.031250
0 0.825781 0.269531 0.017188 0.057813
0 0.795313 0.298438 0.021875 0.056250
0 0.750781 0.382812 0.026563 0.065625
0 0.764844 0.142187 0.014063 0.034375
0 0.757812 0.199219 0.018750 0.035938
0 0.660156 0.146875 0.014063 0.025000
0 0.338281 0.228125 0.014063 0.031250
0 0.457031 0.196094 0.014063 0.029688
