0 0.163281 0.462500 0.048438 0.093750
0 0.237500 0.335156 0.018750 0.035938
0 0.268750 0.345313 0.025000 0.050000
0 0.296094 0.362500 0.023438 0.043750
0 0.296094 0.298438 0.020313 0.040625
0 0.342969 0.367188 0.026563 0.046875
0 0.382812 0.323438 0.018750 0.043750
0 0.392969 0.339063 0.020313 0.034375
0 0.364063 0.291406 0.015625 0.035938
0 0.415625 0.336719 0.021875 0.039062
0 0.419531 0.296094 0.017188 0.029688
0 0.410156 0.278125 0.017188 0.028125
0 0.404688 0.253906 0.015625 0.026563
0 0.451563 0.303906 0.025000 0.032813
0 0.456250 0.339063 0.021875 0.046875
0 0.479688 0.302344 0.018750 0.035938
0 0.438281 0.276562 0.017188 0.031250
0 0.465625 0.245313 0.018750 0.034375
0 0.477344 0.265625 0.017188 0.031250
0 0.477344 0.236719 0.017188 0.026563
0 0.503125 0.259375 0.015625 0.034375
0 0.516406 0.255469 0.014063 0.026563
0 0.527344 0.274219 0.017188 0.029688
0 0.527344 0.311719 0.023438 0.042188
0 0.553906 0.268750 0.020313 0.034375
0 0.545312 0.247656 0.015625 0.032813
0 0.528906 0.246875 0.014063 0.025000
0 0.560937 0.223438 0.015625 0.028125
0 0.573438 0.247656 0.015625 0.029688
0 0.578906 0.218750 0.010938 0.025000
0 0.611719 0.250781 0.017188 0.029688
0 0.611719 0.218750 0.014063 0.028125
0 0.621875 0.202344 0.012500 0.029688
0 0.639844 0.217188 0.014063 0.028125
0 0.657031 0.248438 0.014063 0.028125
0 0.667188 0.214844 0.012500 0.029688
0 0.684375 0.225781 0.015625 0.032813
0 0.697656 0.225000 0.014063 0.028125
0 0.509375 0.389844 0.028125 0.057813
0 0.553125 0.405469 0.031250 0.060938
0 0.546094 0.367969 0.026563 0.048438
0 0.607813 0.325781 0.025000 0.045313
0 0.654688 0.333594 0.025000 0.051563
0 0.642969 0.303906 0.023438 0.042188
0 0.682031 0.270313 0.023438 0.037500
0 0.712500 0.258594 0.015625 0.029688
0 0.725781 0.285156 0.020313 0.035938
0 0.700781 0.342969 0.020313 0.051563
0 0.675000 0.366406 0.028125 0.051563
0 0.625781 0.425000 0.035938 0.062500
0 0.590625 0.414844 0.028125 0.054688
0 0.671875 0.460938 0.034375 0.071875
0 0.721094 0.503125 0.045313 0.084375
0 0.752344 0.395313 0.035938 0.056250
0 0.844531 0.507812 0.039062 0.075000
0 0.797656 0.398438 0.029688 0.053125
0 0.820312 0.367969 0.021875 0.042188
0 0.820312 0.336719 0.018750 0.035938
0 0.830469 0.303906 0.017188 0.032813
0 0.820312 0.278125 0.018750 0.037500
0 0.775781 0.280469 0.020313 0.035938
0 0.760156 0.270313 0.014063 0.031250
0 0.751563 0.253906 0.012500 0.023438
0 0.753125 0.223438 0.015625 0.028125
0 0.784375 0.253125 0.015625 0.034375
0 0.792969 0.234375 0.017188 0.037500
0 0.821094 0.245313 0.014063 0.028125
0 0.855469 0.255469 0.014063 0.035938
0 0.866406 0.285938 0.014063 0.040625
0 0.857813 0.313281 0.018750 0.039062
0 0.871094 0.259375 0.014063 0.031250
0 0.886719 0.253125 0.014063 0.037500
0 0.910156 0.287500 0.017188 0.040625
0 0.884375 0.308594 0.015625 0.039062
0 0.892188 0.350781 0.021875 0.048438
0 0.870313 0.405469 0.025000 0.060938
0 0.855469 0.452344 0.029688 0.057813
0 0.920313 0.462500 0.034375 0.071875
0 0.926563 0.394531 0.025000 0.060938
0 0.938281 0.353125 0.020313 0.040625
0 0.935938 0.322656 0.018750 0.035938
0 0.944531 0.315625 0.020313 0.028125
0 0.950000 0.282813 0.015625 0.031250
