0 0.021094 0.437500 0.029688 0.059375
0 0.626563 0.209375 0.012500 0.021875
0 0.482031 0.244531 0.014063 0.029688
0 0.291406 0.310938 0.017188 0.034375
0 0.242188 0.343750 0.018750 0.037500
0 0.368750 0.298438 0.012500 0.034375
0 0.272656 0.357031 0.023438 0.042188
0 0.294531 0.368750 0.020313 0.043750
0 0.397656 0.269531 0.014063 0.035938
0 0.348438 0.368750 0.021875 0.050000
0 0.391406 0.355469 0.017188 0.039062
0 0.436719 0.264844 0.010938 0.020313
0 0.418750 0.353906 0.021875 0.042188
0 0.423438 0.307813 0.015625 0.034375
0 0.456250 0.314063 0.018750 0.040625
0 0.465625 0.346094 0.021875 0.035938
0 0.485156 0.311719 0.017188 0.035938
0 0.517969 0.271875 0.020313 0.034375
0 0.534375 0.256250 0.012500 0.028125
0 0.553125 0.258594 0.012500 0.032813
0 0.566406 0.235156 0.014063 0.026563
0 0.589844 0.236719 0.017188 0.032813
0 0.577344 0.290625 0.014063 0.031250
0 0.535156 0.320312 0.014063 0.031250
0 0.622656 0.259375 0.010938 0.034375
0 0.646875 0.228125 0.015625 0.034375
0 0.660938 0.250781 0.018750 0.045313
0 0.676563 0.223438 0.009375 0.018750
0 0.688281 0.230469 0.014063 0.023438
0 0.702344 0.244531 0.014063 0.032813
0 0.721094 0.260937 0.017188 0.034375
0 0.690625 0.272656 0.025000 0.032813
0 0.652344 0.305469 0.020313 0.035938
0 0.608594 0.339063 0.023438 0.040625
0 0.760938 0.228906 0.012500 0.029688
0 0.802344 0.238281 0.014063 0.035938
0 0.830469 0.248438 0.014063 0.025000
0 0.513281 0.404688 0.023438 0.050000
0 0.553906 0.371875 0.023438 0.056250
0 0.555469 0.411719 0.023438 0.048438
0 0.622656 0.433594 0.029688 0.051563
0 0.626563 0.385156 0.031250 0.051563
0 0.666406 0.336719 0.017188 0.042188
0 0.683594 0.375781 0.026563 0.048438
0 0.681250 0.452344 0.031250 0.057813
0 0.700000 0.318750 0.025000 0.040625
0 0.709375 0.360938 0.021875 0.034375
0 0.741406 0.300000 0.017188 0.037500
0 0.765625 0.275000 0.015625 0.031250
0 0.784375 0.288281 0.012500 0.026563
0 0.761719 0.403906 0.029688 0.051563
0 0.733594 0.512500 0.039062 0.100000
0 0.853125 0.526563 0.031250 0.062500
0 0.812500 0.414844 0.025000 0.042188
0 0.868750 0.259375 0.018750 0.031250
0 0.880469 0.275000 0.017188 0.040625
0 0.896875 0.257812 0.012500 0.025000
0 0.833594 0.307813 0.014063 0.034375
0 0.869531 0.315625 0.014063 0.034375
0 0.897656 0.369531 0.026563 0.051563
0 0.903125 0.323438 0.015625 0.040625
0 0.916406 0.297656 0.014063 0.039062
0 0.940625 0.407031 0.025000 0.045313
0 0.865625 0.446094 0.034375 0.045313
0 0.829688 0.382812 0.015625 0.037500
0 0.932031 0.468750 0.032813 0.053125
0 0.949219 0.359375 0.017188 0.037500
0 0.959375 0.290625 0.015625 0.034375
0 0.475000 0.252344 0.015625 0.032813
0 0.638281 0.271094 0.014063 0.039062
0 0.620313 0.229688 0.012500 0.034375
0 0.639063 0.229688 0.009375 0.031250
0 0.959375 0.304688 0.012500 0.034375
0 0.883594 0.423438 0.017188 0.050000
