0 0.178906 0.639063 0.107813 0.200000
0 0.092969 0.448438 0.026563 0.046875
0 0.053125 0.447656 0.037500 0.070312
0 0.012500 0.454688 0.021875 0.053125
0 0.132812 0.459375 0.028125 0.046875
0 0.189063 0.491406 0.050000 0.079688
0 0.233594 0.464063 0.032813 0.050000
0 0.242969 0.379688 0.026563 0.037500
0 0.280469 0.502344 0.057813 0.079688
0 0.331250 0.444531 0.025000 0.039062
0 0.392188 0.442969 0.025000 0.042188
0 0.444531 0.429688 0.020313 0.037500
0 0.460156 0.450000 0.029688 0.043750
0 0.468750 0.463281 0.034375 0.064063
0 0.510156 0.451563 0.029688 0.046875
0 0.528906 0.500781 0.045313 0.070312
0 0.442969 0.551563 0.073438 0.093750
0 0.693750 0.591406 0.084375 0.114063
0 0.843750 0.493750 0.059375 0.096875
0 0.842969 0.445312 0.032813 0.053125
0 0.925000 0.448438 0.025000 0.040625
0 0.739063 0.460156 0.040625 0.064063
0 0.705469 0.445312 0.032813 0.046875
0 0.667188 0.441406 0.025000 0.039062
0 0.636719 0.440625 0.029688 0.050000
0 0.565625 0.429688 0.028125 0.037500
0 0.535156 0.431250 0.023438 0.034375
