0 0.205469 0.326563 0.085938 0.137500
0 0.234375 0.491406 0.031250 0.057813
0 0.279688 0.493750 0.050000 0.078125
0 0.319531 0.518750 0.076563 0.100000
0 0.371875 0.581250 0.106250 0.131250
0 0.325781 0.461719 0.035938 0.048438
0 0.367969 0.478125 0.035938 0.053125
0 0.404688 0.489063 0.040625 0.056250
0 0.408594 0.446094 0.029688 0.048438
0 0.441406 0.482813 0.032813 0.056250
0 0.486719 0.519531 0.067187 0.098438
0 0.482031 0.443750 0.039062 0.046875
0 0.529687 0.474219 0.046875 0.073438
0 0.594531 0.594531 0.107813 0.154688
0 0.566406 0.435938 0.032813 0.046875
0 0.641406 0.477344 0.057813 0.089063
0 0.633594 0.435156 0.032813 0.045313
0 0.616406 0.435938 0.032813 0.050000
0 0.692188 0.415625 0.040625 0.056250
0 0.713281 0.446875 0.042188 0.062500
0 0.750000 0.467969 0.056250 0.076563
0 0.749219 0.560937 0.110938 0.131250
0 0.821094 0.451563 0.054688 0.078125
0 0.814844 0.400781 0.029688 0.042188
0 0.870313 0.441406 0.046875 0.064063
0 0.938281 0.460156 0.085938 0.114063
