0 0.063281 0.327344 0.054688 0.067187
0 0.018750 0.322656 0.034375 0.067187
0 0.112500 0.321094 0.062500 0.073438
0 0.235938 0.467969 0.093750 0.117188
0 0.280469 0.371094 0.060938 0.082813
0 0.354688 0.332031 0.059375 0.073438
0 0.423438 0.315625 0.043750 0.062500
0 0.446094 0.410156 0.092188 0.107813
0 0.519531 0.332031 0.042188 0.067187
0 0.525000 0.297656 0.034375 0.045313
0 0.625000 0.292969 0.037500 0.048438
0 0.693750 0.360156 0.078125 0.110938
0 0.697656 0.292969 0.051563 0.082813
0 0.798438 0.303125 0.062500 0.087500
0 0.887500 0.368750 0.068750 0.078125
0 0.842188 0.334375 0.040625 0.071875
0 0.960156 0.496875 0.079688 0.162500
0 0.944531 0.264063 0.048438 0.050000
