0 0.040625 0.245313 0.012500 0.037500
0 0.196094 0.202344 0.020313 0.039062
0 0.208594 0.345313 0.039062 0.087500
0 0.314063 0.168750 0.021875 0.040625
0 0.296094 0.218750 0.017188 0.025000
0 0.386719 0.195312 0.020313 0.043750
0 0.412500 0.218750 0.021875 0.043750
0 0.417188 0.178125 0.015625 0.034375
0 0.434375 0.144531 0.021875 0.042188
0 0.610938 0.102344 0.012500 0.029688
0 0.650000 0.118750 0.015625 0.031250
0 0.635156 0.139063 0.010938 0.028125
0 0.647656 0.145313 0.017188 0.025000
0 0.753906 0.142187 0.010938 0.031250
0 0.768750 0.144531 0.018750 0.035938
0 0.865625 0.189844 0.012500 0.035938
0 0.939063 0.194531 0.015625 0.035938
0 0.886719 0.239844 0.017188 0.045313
0 0.919531 0.245313 0.020313 0.046875
0 0.820312 0.256250 0.021875 0.046875
