0 0.114844 0.827344 0.132812 0.257812
0 0.042188 0.711719 0.068750 0.154688
0 0.108594 0.607031 0.057813 0.098438
0 0.057031 0.529687 0.045313 0.087500
0 0.121875 0.415625 0.053125 0.087500
0 0.207813 0.573438 0.056250 0.106250
0 0.255469 0.670313 0.082813 0.156250
0 0.203906 0.397656 0.057813 0.095313
0 0.283594 0.491406 0.035938 0.064063
0 0.351562 0.493750 0.034375 0.059375
0 0.359375 0.350000 0.025000 0.059375
0 0.392969 0.521094 0.029688 0.064063
0 0.417969 0.494531 0.032813 0.067187
0 0.494531 0.510938 0.032813 0.065625
0 0.498438 0.599219 0.050000 0.082813
0 0.456250 0.804688 0.115625 0.190625
0 0.479688 0.478906 0.034375 0.082813
0 0.476562 0.376563 0.025000 0.059375
0 0.513281 0.392188 0.023438 0.053125
0 0.557031 0.522656 0.039062 0.073438
0 0.531250 0.456250 0.031250 0.059375
0 0.582813 0.461719 0.025000 0.057813
0 0.591406 0.395313 0.029688 0.059375
0 0.631250 0.503906 0.031250 0.060938
0 0.599219 0.581250 0.051563 0.100000
0 0.629688 0.467969 0.015625 0.042188
0 0.657031 0.459375 0.020313 0.046875
0 0.671094 0.485938 0.026563 0.053125
0 0.730469 0.388281 0.057813 0.098438
0 0.703906 0.617969 0.051563 0.135938
0 0.807813 0.530469 0.040625 0.073438
0 0.817188 0.489063 0.025000 0.053125
0 0.840625 0.494531 0.028125 0.064063
0 0.839844 0.673438 0.089063 0.184375
0 0.907813 0.645313 0.065625 0.121875
0 0.871094 0.556250 0.054688 0.103125
0 0.945312 0.566406 0.043750 0.092188
0 0.942969 0.464063 0.029688 0.068750
0 0.957031 0.491406 0.026563 0.064063
