0 0.135156 0.542969 0.042188 0.085938
0 0.796094 0.542188 0.032813 0.081250
0 0.695312 0.500000 0.037500 0.081250
0 0.626563 0.491406 0.031250 0.073438
0 0.567969 0.450000 0.032813 0.068750
0 0.500000 0.487500 0.031250 0.056250
0 0.473438 0.391406 0.028125 0.057813
0 0.325781 0.376563 0.023438 0.046875
0 0.285156 0.366406 0.020313 0.048438
0 0.257812 0.347656 0.018750 0.048438
0 0.215625 0.367188 0.018750 0.037500
0 0.292969 0.307031 0.017188 0.039062
0 0.349219 0.307031 0.017188 0.032813
0 0.348438 0.344531 0.018750 0.042188
0 0.404688 0.342188 0.021875 0.040625
0 0.402344 0.303125 0.017188 0.034375
0 0.384375 0.278125 0.015625 0.031250
0 0.402344 0.276562 0.014063 0.031250
0 0.429688 0.277344 0.015625 0.032813
0 0.422656 0.255469 0.014063 0.035938
0 0.429688 0.317188 0.018750 0.037500
0 0.457031 0.340625 0.020313 0.040625
0 0.453906 0.274219 0.014063 0.029688
0 0.483594 0.278906 0.014063 0.032813
0 0.519531 0.274219 0.014063 0.035938
0 0.523438 0.362500 0.025000 0.046875
0 0.585938 0.375000 0.018750 0.059375
0 0.447656 0.252344 0.014063 0.029688
0 0.545312 0.287500 0.012500 0.034375
0 0.511719 0.257031 0.007812 0.023438
0 0.511719 0.242188 0.014063 0.028125
0 0.527344 0.255469 0.010938 0.032813
0 0.462500 0.243750 0.012500 0.025000
0 0.545312 0.229688 0.012500 0.025000
0 0.560156 0.226562 0.010938 0.021875
0 0.557031 0.276562 0.014063 0.031250
0 0.564844 0.248438 0.010938 0.031250
0 0.585938 0.253906 0.012500 0.032813
0 0.589844 0.214844 0.010938 0.029688
0 0.613281 0.219531 0.010938 0.026563
0 0.586719 0.236719 0.014063 0.023438
0 0.626563 0.256250 0.012500 0.031250
0 0.638281 0.221875 0.010938 0.025000
0 0.645313 0.237500 0.012500 0.034375
0 0.589063 0.325781 0.021875 0.048438
0 0.618750 0.312500 0.018750 0.034375
0 0.635156 0.346875 0.020313 0.043750
0 0.628906 0.402344 0.023438 0.048438
0 0.682031 0.358594 0.020313 0.042188
0 0.728906 0.410938 0.026563 0.056250
0 0.761719 0.449219 0.026563 0.064063
0 0.667188 0.321094 0.018750 0.039062
0 0.657031 0.287500 0.014063 0.037500
0 0.664844 0.231250 0.014063 0.031250
0 0.693750 0.251563 0.012500 0.034375
0 0.691406 0.303906 0.017188 0.039062
0 0.722656 0.257031 0.014063 0.035938
0 0.729688 0.244531 0.012500 0.032813
0 0.750000 0.270313 0.012500 0.031250
0 0.764063 0.267969 0.012500 0.035938
0 0.765625 0.246875 0.012500 0.031250
0 0.739063 0.314063 0.015625 0.040625
0 0.795313 0.249219 0.012500 0.029688
0 0.824219 0.265625 0.014063 0.031250
0 0.839063 0.272656 0.012500 0.035938
0 0.853125 0.262500 0.012500 0.034375
0 0.878125 0.283594 0.012500 0.032813
0 0.913281 0.271094 0.010938 0.035938
0 0.797656 0.281250 0.010938 0.028125
0 0.801563 0.309375 0.015625 0.037500
0 0.828125 0.317969 0.012500 0.035938
0 0.872656 0.329688 0.014063 0.040625
0 0.914844 0.312500 0.014063 0.031250
0 0.899219 0.318750 0.014063 0.040625
0 0.910156 0.354688 0.014063 0.050000
0 0.898438 0.413281 0.021875 0.060938
0 0.853125 0.371094 0.018750 0.048438
0 0.809375 0.349219 0.018750 0.048438
0 0.796094 0.357813 0.020313 0.046875
0 0.836719 0.403125 0.023438 0.043750
0 0.904688 0.483594 0.028125 0.070312
0 0.825000 0.453906 0.028125 0.057813
