0 0.041406 0.764063 0.079688 0.196875
0 0.035156 0.588281 0.067187 0.114063
0 0.050781 0.477344 0.057813 0.092188
0 0.013281 0.453125 0.023438 0.062500
0 0.031250 0.386719 0.037500 0.048438
0 0.022656 0.342969 0.032813 0.039062
0 0.052344 0.350781 0.029688 0.039062
0 0.083594 0.429688 0.042188 0.065625
0 0.114063 0.408594 0.037500 0.057813
0 0.130469 0.351562 0.029688 0.040625
0 0.164062 0.353906 0.028125 0.039062
0 0.196094 0.364063 0.023438 0.040625
0 0.186719 0.435938 0.035938 0.053125
0 0.142969 0.478125 0.045313 0.065625
0 0.139844 0.601562 0.067187 0.103125
0 0.220313 0.553906 0.062500 0.085938
0 0.219531 0.466406 0.045313 0.070312
0 0.266406 0.415625 0.042188 0.056250
0 0.235156 0.369531 0.023438 0.039062
0 0.257031 0.373438 0.026563 0.034375
0 0.263281 0.356250 0.020313 0.031250
0 0.289062 0.318750 0.018750 0.034375
0 0.235156 0.718750 0.101562 0.137500
0 0.359375 0.625781 0.078125 0.126562
0 0.328125 0.549219 0.056250 0.076563
0 0.332031 0.485938 0.042188 0.065625
0 0.350781 0.451563 0.039062 0.046875
0 0.325000 0.385156 0.021875 0.039062
0 0.289062 0.364063 0.018750 0.031250
0 0.312500 0.330469 0.018750 0.023438
0 0.341406 0.375781 0.017188 0.035938
0 0.359375 0.352344 0.015625 0.026563
0 0.367188 0.369531 0.018750 0.023438
0 0.374219 0.386719 0.014063 0.029688
0 0.411719 0.386719 0.026563 0.039062
0 0.393750 0.380469 0.012500 0.026563
0 0.396094 0.353125 0.020313 0.025000
0 0.453125 0.364063 0.015625 0.021875
0 0.439844 0.392188 0.020313 0.034375
0 0.472656 0.404688 0.017188 0.034375
0 0.458594 0.386719 0.020313 0.029688
0 0.481250 0.386719 0.018750 0.023438
0 0.499219 0.362500 0.020313 0.028125
0 0.500781 0.400000 0.020313 0.034375
0 0.421094 0.499219 0.042188 0.057813
0 0.379688 0.514844 0.050000 0.070312
0 0.450000 0.569531 0.071875 0.104688
0 0.492188 0.486719 0.034375 0.057813
0 0.534375 0.425000 0.028125 0.046875
0 0.569531 0.421875 0.023438 0.034375
0 0.589063 0.414844 0.021875 0.035938
0 0.559375 0.392969 0.021875 0.026563
0 0.531250 0.395313 0.012500 0.021875
0 0.520313 0.399219 0.015625 0.029688
0 0.563281 0.542188 0.073438 0.115625
0 0.684375 0.464063 0.056250 0.090625
0 0.725000 0.451563 0.025000 0.031250
0 0.739844 0.453906 0.026563 0.035938
0 0.757031 0.439063 0.026563 0.040625
0 0.717188 0.360938 0.021875 0.031250
0 0.739844 0.367188 0.014063 0.021875
0 0.813281 0.360938 0.023438 0.034375
0 0.879688 0.342188 0.025000 0.037500
0 0.791406 0.425000 0.020313 0.031250
0 0.780469 0.440625 0.017188 0.034375
