0 0.103906 0.375000 0.035938 0.081250
0 0.325781 0.192969 0.014063 0.026563
0 0.394531 0.160156 0.014063 0.032813
0 0.391406 0.235938 0.017188 0.043750
0 0.416406 0.256250 0.020313 0.043750
0 0.432813 0.146875 0.012500 0.025000
0 0.475000 0.223438 0.021875 0.037500
0 0.477344 0.130469 0.010938 0.017188
0 0.497656 0.126562 0.010938 0.021875
0 0.514062 0.188281 0.012500 0.035938
0 0.521094 0.161719 0.010938 0.023438
0 0.563281 0.255469 0.020313 0.045313
0 0.658594 0.137500 0.014063 0.028125
0 0.682813 0.118750 0.012500 0.031250
0 0.704688 0.117188 0.012500 0.028125
0 0.613281 0.242188 0.020313 0.050000
0 0.617188 0.300781 0.025000 0.060938
0 0.622656 0.203906 0.017188 0.035938
0 0.657031 0.189844 0.017188 0.039062
0 0.707031 0.157031 0.017188 0.035938
0 0.714063 0.182031 0.015625 0.035938
0 0.677344 0.337500 0.032813 0.071875
0 0.716406 0.294531 0.020313 0.057813
0 0.750000 0.198438 0.015625 0.034375
0 0.753125 0.248438 0.018750 0.056250
0 0.739844 0.168750 0.017188 0.037500
0 0.750781 0.139844 0.014063 0.026563
0 0.767188 0.154688 0.015625 0.034375
0 0.780469 0.132031 0.014063 0.035938
0 0.783594 0.178906 0.010938 0.032813
0 0.785156 0.220313 0.014063 0.037500
0 0.800781 0.164062 0.014063 0.034375
0 0.828906 0.183594 0.014063 0.032813
0 0.836719 0.146094 0.014063 0.032813
0 0.842188 0.259375 0.018750 0.040625
0 0.834375 0.241406 0.015625 0.039062
0 0.864844 0.180469 0.014063 0.032813
0 0.873438 0.285156 0.018750 0.048438
0 0.859375 0.336719 0.021875 0.054688
0 0.921875 0.312500 0.018750 0.040625
0 0.944531 0.238281 0.014063 0.032813
0 0.934375 0.166406 0.009375 0.023438
0 0.903906 0.182813 0.014063 0.031250
0 0.894531 0.213281 0.014063 0.035938
0 0.885938 0.249219 0.015625 0.035938
0 0.926563 0.191406 0.012500 0.032813
0 0.936719 0.189063 0.014063 0.037500
0 0.724219 0.157813 0.014063 0.034375
0 0.597656 0.105469 0.010938 0.023438
0 0.621875 0.104688 0.009375 0.021875
0 0.656250 0.103125 0.009375 0.025000
0 0.625000 0.125000 0.009375 0.021875
0 0.608594 0.150000 0.010938 0.028125
0 0.578906 0.143750 0.010938 0.034375
0 0.580469 0.171875 0.014063 0.034375
0 0.548438 0.165625 0.012500 0.034375
0 0.548438 0.146094 0.012500 0.026563
0 0.550000 0.121875 0.009375 0.021875
0 0.553906 0.189844 0.017188 0.042188
0 0.466406 0.168750 0.014063 0.037500
0 0.471875 0.182031 0.015625 0.029688
0 0.485938 0.159375 0.012500 0.031250
0 0.450000 0.200000 0.015625 0.037500
0 0.430469 0.175781 0.014063 0.032813
0 0.378125 0.195312 0.015625 0.028125
0 0.394531 0.205469 0.017188 0.035938
0 0.421094 0.209375 0.014063 0.034375
0 0.460938 0.148438 0.009375 0.025000
