0 0.203125 0.431250 0.046875 0.068750
0 0.307813 0.219531 0.018750 0.042188
0 0.333594 0.228906 0.017188 0.039062
0 0.359375 0.236719 0.018750 0.045313
0 0.411719 0.246094 0.023438 0.032813
0 0.418750 0.210938 0.018750 0.040625
0 0.467969 0.197656 0.023438 0.035938
0 0.421875 0.155469 0.012500 0.029688
0 0.435938 0.157813 0.012500 0.037500
0 0.469531 0.155469 0.023438 0.039062
0 0.498438 0.153906 0.015625 0.035938
0 0.544531 0.154688 0.020313 0.040625
0 0.560156 0.189844 0.023438 0.035938
0 0.634375 0.234375 0.018750 0.053125
0 0.672656 0.234375 0.026563 0.037500
0 0.642188 0.050000 0.012500 0.031250
0 0.732813 0.148438 0.021875 0.040625
0 0.905469 0.198438 0.017188 0.040625
0 0.894531 0.245313 0.023438 0.059375
0 0.911719 0.336719 0.032813 0.070312
0 0.925781 0.247656 0.020313 0.051563
0 0.942188 0.202344 0.015625 0.042188
0 0.964844 0.187500 0.014063 0.034375
0 0.399219 0.209375 0.017188 0.037500
0 0.645313 0.207031 0.018750 0.042188
