0 0.103906 0.697656 0.070312 0.117188
0 0.029688 0.562500 0.050000 0.081250
0 0.064844 0.524219 0.035938 0.051563
0 0.028125 0.474219 0.028125 0.045313
0 0.100000 0.520313 0.040625 0.062500
0 0.124219 0.439063 0.032813 0.056250
0 0.181250 0.494531 0.037500 0.054688
0 0.211719 0.653906 0.064063 0.098438
0 0.269531 0.527344 0.048438 0.076563
0 0.219531 0.393750 0.026563 0.037500
0 0.085938 0.442969 0.031250 0.039062
0 0.257031 0.411719 0.023438 0.035938
0 0.311719 0.408594 0.026563 0.045313
0 0.327344 0.395313 0.026563 0.046875
0 0.333594 0.382031 0.017188 0.035938
0 0.386719 0.446875 0.029688 0.062500
0 0.384375 0.411719 0.028125 0.035938
0 0.368750 0.412500 0.021875 0.040625
0 0.419531 0.425000 0.023438 0.034375
0 0.453906 0.450781 0.026563 0.039062
0 0.473438 0.489844 0.034375 0.054688
0 0.543750 0.477344 0.028125 0.057813
0 0.335156 0.545312 0.051563 0.090625
0 0.572656 0.539062 0.039062 0.065625
0 0.564844 0.424219 0.032813 0.054688
0 0.532031 0.424219 0.020313 0.026563
0 0.512500 0.446094 0.025000 0.032813
0 0.486719 0.421094 0.023438 0.039062
0 0.459375 0.403125 0.021875 0.034375
0 0.425781 0.391406 0.017188 0.032813
0 0.488281 0.369531 0.017188 0.026563
0 0.531250 0.397656 0.015625 0.023438
0 0.607813 0.421875 0.028125 0.043750
0 0.618750 0.467188 0.028125 0.040625
0 0.646875 0.427344 0.021875 0.032813
0 0.674219 0.406250 0.020313 0.040625
0 0.703125 0.457031 0.028125 0.054688
0 0.684375 0.506250 0.037500 0.065625
0 0.739844 0.478125 0.039062 0.065625
0 0.710938 0.417188 0.028125 0.046875
0 0.792188 0.428125 0.025000 0.040625
0 0.800000 0.477344 0.031250 0.057813
0 0.820312 0.457031 0.034375 0.054688
