0 0.025000 0.399219 0.025000 0.051563
0 0.235938 0.336719 0.018750 0.032813
0 0.267188 0.342969 0.021875 0.039062
0 0.292969 0.365625 0.020313 0.040625
0 0.291406 0.301563 0.017188 0.037500
0 0.346094 0.360938 0.020313 0.037500
0 0.364063 0.288281 0.015625 0.032813
0 0.377344 0.320312 0.014063 0.040625
0 0.393750 0.335938 0.015625 0.031250
0 0.419531 0.335938 0.020313 0.037500
0 0.415625 0.295313 0.018750 0.034375
0 0.408594 0.274219 0.014063 0.026563
0 0.395313 0.254688 0.015625 0.025000
0 0.432813 0.257812 0.012500 0.025000
0 0.436719 0.277344 0.014063 0.026563
0 0.450000 0.302344 0.018750 0.032813
0 0.461719 0.334375 0.020313 0.040625
0 0.482031 0.300781 0.017188 0.026563
0 0.466406 0.242188 0.010938 0.028125
0 0.479688 0.233594 0.012500 0.026563
0 0.502344 0.261719 0.014063 0.032813
0 0.529687 0.244531 0.015625 0.020313
0 0.526563 0.269531 0.015625 0.029688
0 0.565625 0.279688 0.012500 0.028125
0 0.544531 0.260156 0.014063 0.026563
0 0.528125 0.306250 0.015625 0.034375
0 0.521875 0.235938 0.012500 0.018750
0 0.560937 0.224219 0.012500 0.023438
0 0.584375 0.217969 0.012500 0.020313
0 0.571875 0.254688 0.015625 0.025000
0 0.582031 0.240625 0.014063 0.025000
0 0.510938 0.391406 0.031250 0.057813
0 0.550781 0.360938 0.023438 0.046875
0 0.555469 0.403125 0.026563 0.056250
0 0.608594 0.323438 0.023438 0.040625
0 0.614844 0.217969 0.014063 0.023438
0 0.624219 0.200781 0.010938 0.026563
0 0.623438 0.246094 0.015625 0.032813
0 0.638281 0.212500 0.010938 0.025000
0 0.635938 0.233594 0.012500 0.029688
0 0.650000 0.224219 0.012500 0.029688
0 0.667969 0.215625 0.010938 0.025000
0 0.682031 0.221094 0.010938 0.026563
0 0.657031 0.242188 0.017188 0.028125
0 0.687500 0.266406 0.018750 0.035938
0 0.699219 0.225781 0.010938 0.032813
0 0.644531 0.296094 0.020313 0.042188
0 0.660156 0.329688 0.020313 0.040625
0 0.673438 0.364063 0.025000 0.050000
0 0.624219 0.370313 0.026563 0.050000
0 0.623438 0.425000 0.028125 0.059375
0 0.682813 0.446094 0.034375 0.067187
0 0.700781 0.350781 0.026563 0.051563
0 0.714063 0.257031 0.015625 0.032813
0 0.732031 0.285156 0.017188 0.039062
0 0.746875 0.247656 0.012500 0.029688
0 0.754688 0.217969 0.012500 0.029688
0 0.759375 0.264063 0.012500 0.028125
0 0.777344 0.251563 0.014063 0.031250
0 0.777344 0.276562 0.014063 0.034375
0 0.796875 0.226562 0.012500 0.034375
0 0.788281 0.260156 0.014063 0.039062
0 0.823438 0.244531 0.015625 0.035938
0 0.856250 0.253906 0.012500 0.029688
0 0.873438 0.261719 0.012500 0.032813
0 0.888281 0.244531 0.010938 0.032813
0 0.914844 0.271875 0.014063 0.031250
0 0.951563 0.277344 0.012500 0.023438
0 0.949219 0.304688 0.014063 0.031250
0 0.939063 0.314844 0.015625 0.029688
0 0.942969 0.347656 0.017188 0.042188
0 0.892969 0.308594 0.014063 0.035938
0 0.868750 0.282031 0.012500 0.032813
0 0.857813 0.306250 0.021875 0.037500
0 0.829688 0.303125 0.015625 0.034375
0 0.822656 0.339063 0.017188 0.034375
0 0.828906 0.358594 0.023438 0.048438
0 0.885938 0.336719 0.015625 0.042188
0 0.931250 0.390625 0.021875 0.050000
0 0.874219 0.411719 0.023438 0.042188
0 0.922656 0.462500 0.029688 0.062500
0 0.859375 0.442188 0.031250 0.062500
0 0.843750 0.493750 0.031250 0.068750
0 0.749219 0.394531 0.026563 0.048438
0 0.799219 0.400000 0.026563 0.059375
0 0.726562 0.502344 0.040625 0.079688
