0 0.064063 0.527344 0.065625 0.076563
0 0.122656 0.531250 0.054688 0.093750
0 0.204688 0.531250 0.050000 0.087500
0 0.112500 0.746875 0.100000 0.184375
0 0.311719 0.625000 0.085938 0.153125
0 0.353125 0.576562 0.062500 0.109375
0 0.398438 0.551563 0.050000 0.093750
0 0.428125 0.527344 0.043750 0.076563
0 0.479688 0.342969 0.050000 0.082813
0 0.452344 0.753125 0.110938 0.203125
0 0.515625 0.671875 0.087500 0.140625
0 0.532813 0.573438 0.065625 0.096875
0 0.561719 0.548438 0.057813 0.087500
0 0.546875 0.496875 0.046875 0.062500
0 0.796875 0.513281 0.040625 0.076563
0 0.846875 0.555469 0.078125 0.120313
0 0.946875 0.528125 0.059375 0.093750
0 0.952344 0.660938 0.067187 0.196875
