0 0.053125 0.454688 0.059375 0.081250
0 0.140625 0.442188 0.043750 0.059375
0 0.121875 0.411719 0.043750 0.051563
0 0.079688 0.413281 0.031250 0.051563
0 0.189063 0.471094 0.043750 0.076563
0 0.237500 0.619531 0.100000 0.148438
0 0.337500 0.535938 0.093750 0.146875
0 0.273438 0.457031 0.059375 0.076563
0 0.331250 0.425000 0.021875 0.043750
0 0.350781 0.414062 0.026563 0.053125
0 0.371875 0.426563 0.025000 0.050000
0 0.400000 0.435938 0.037500 0.053125
0 0.431250 0.419531 0.025000 0.048438
0 0.460938 0.438281 0.040625 0.064063
0 0.443750 0.339844 0.025000 0.039062
0 0.510938 0.434375 0.034375 0.053125
0 0.532813 0.403906 0.021875 0.039062
0 0.566406 0.392188 0.023438 0.034375
0 0.562500 0.561719 0.131250 0.207813
0 0.693750 0.482813 0.046875 0.084375
0 0.655469 0.440625 0.029688 0.050000
0 0.623438 0.400000 0.025000 0.037500
0 0.675781 0.417969 0.026563 0.035938
0 0.694531 0.400000 0.029688 0.043750
0 0.746094 0.350000 0.023438 0.037500
0 0.769531 0.492188 0.051563 0.093750
0 0.740625 0.430469 0.031250 0.048438
0 0.763281 0.410938 0.020313 0.034375
0 0.785938 0.406250 0.018750 0.037500
0 0.809375 0.421094 0.021875 0.051563
0 0.846094 0.429688 0.023438 0.040625
0 0.872656 0.440625 0.035938 0.065625
0 0.910156 0.429688 0.032813 0.056250
0 0.938281 0.465625 0.045313 0.071875
0 0.868750 0.526563 0.059375 0.093750
0 0.983594 0.441406 0.032813 0.057813
0 0.941406 0.411719 0.023438 0.042188
