0 0.157031 0.469531 0.054688 0.070312
0 0.229688 0.492188 0.053125 0.065625
0 0.280469 0.498438 0.051563 0.078125
0 0.332813 0.501563 0.050000 0.075000
0 0.353125 0.450781 0.040625 0.054688
0 0.264844 0.371875 0.042188 0.056250
0 0.452344 0.491406 0.067187 0.089063
0 0.434375 0.453906 0.043750 0.064063
0 0.507031 0.460938 0.057813 0.075000
0 0.559375 0.514844 0.071875 0.104688
0 0.585156 0.457813 0.060938 0.078125
0 0.624219 0.444531 0.029688 0.045313
0 0.652344 0.485156 0.051563 0.082813
0 0.693750 0.461719 0.034375 0.057813
0 0.690625 0.432031 0.034375 0.042188
0 0.735156 0.496094 0.073438 0.104688
0 0.728906 0.439844 0.035938 0.045313
0 0.793750 0.460938 0.062500 0.100000
0 0.847656 0.446094 0.039062 0.057813
0 0.880469 0.517969 0.073438 0.129688
0 0.896875 0.442969 0.040625 0.054688
0 0.883594 0.414844 0.029688 0.042188
0 0.939063 0.410156 0.028125 0.051563
0 0.985938 0.436719 0.028125 0.054688
0 0.932813 0.491406 0.053125 0.082813
