0 0.099219 0.414844 0.042188 0.070312
0 0.017188 0.441406 0.028125 0.057813
0 0.200000 0.427344 0.037500 0.057813
0 0.250781 0.457813 0.054688 0.078125
0 0.329688 0.428906 0.043750 0.060938
0 0.346875 0.479688 0.053125 0.068750
0 0.361719 0.323438 0.029688 0.040625
0 0.475000 0.323438 0.028125 0.043750
0 0.575781 0.414844 0.026563 0.042188
0 0.662500 0.430469 0.034375 0.060938
0 0.674219 0.403906 0.032813 0.042188
0 0.760156 0.471094 0.042188 0.064063
0 0.829688 0.432031 0.040625 0.060938
0 0.864844 0.443750 0.048438 0.068750
