0 0.015625 0.329688 0.028125 0.084375
0 0.046875 0.370313 0.059375 0.090625
0 0.132031 0.347656 0.045313 0.082813
0 0.165625 0.255469 0.040625 0.057813
0 0.228125 0.324219 0.050000 0.079688
0 0.272656 0.346094 0.035938 0.057813
0 0.264844 0.414062 0.051563 0.075000
0 0.317969 0.450000 0.048438 0.065625
0 0.347656 0.427344 0.039062 0.073438
0 0.331250 0.381250 0.031250 0.050000
0 0.316406 0.350781 0.029688 0.054688
0 0.293750 0.324219 0.031250 0.051563
0 0.407813 0.414062 0.053125 0.062500
0 0.410938 0.359375 0.037500 0.053125
0 0.411719 0.326563 0.029688 0.043750
0 0.476562 0.365625 0.031250 0.065625
0 0.458594 0.328125 0.029688 0.062500
0 0.487500 0.463281 0.053125 0.095313
0 0.556250 0.459375 0.043750 0.081250
0 0.586719 0.430469 0.032813 0.057813
0 0.537500 0.357813 0.028125 0.059375
0 0.550000 0.307031 0.028125 0.060938
0 0.586719 0.350781 0.035938 0.064063
0 0.638281 0.350781 0.032813 0.060938
0 0.662500 0.346875 0.025000 0.053125
0 0.630469 0.453906 0.045313 0.070312
0 0.703906 0.439063 0.035938 0.059375
0 0.705469 0.359375 0.029688 0.065625
0 0.765625 0.318750 0.037500 0.068750
0 0.982031 0.414844 0.039062 0.089063
0 0.775781 0.578125 0.095313 0.134375
