0 0.088281 0.577344 0.054688 0.123438
0 0.184375 0.302344 0.018750 0.051563
0 0.213281 0.299219 0.023438 0.057813
0 0.255469 0.251563 0.017188 0.046875
0 0.295313 0.253125 0.021875 0.046875
0 0.296875 0.219531 0.018750 0.039062
0 0.318750 0.238281 0.021875 0.054688
0 0.339844 0.220313 0.017188 0.037500
0 0.352344 0.207031 0.014063 0.035938
0 0.380469 0.200000 0.014063 0.037500
0 0.378125 0.256250 0.015625 0.043750
0 0.357813 0.277344 0.018750 0.057813
0 0.428125 0.322656 0.021875 0.057813
0 0.425000 0.197656 0.018750 0.042188
0 0.424219 0.175781 0.017188 0.032813
0 0.446094 0.170313 0.014063 0.037500
0 0.457813 0.178906 0.012500 0.039062
0 0.462500 0.257031 0.021875 0.064063
0 0.491406 0.214063 0.020313 0.043750
0 0.471094 0.182031 0.017188 0.045313
0 0.485938 0.158594 0.015625 0.042188
0 0.511719 0.175781 0.017188 0.042188
0 0.544531 0.228906 0.017188 0.048438
0 0.546094 0.139844 0.014063 0.045313
0 0.553125 0.160156 0.015625 0.035938
0 0.568750 0.138281 0.015625 0.039062
0 0.575000 0.207813 0.018750 0.043750
0 0.575000 0.182031 0.018750 0.039062
0 0.589063 0.128906 0.015625 0.032813
0 0.596875 0.196875 0.015625 0.040625
0 0.615625 0.207031 0.015625 0.042188
0 0.599219 0.158594 0.017188 0.035938
0 0.622656 0.132812 0.014063 0.037500
0 0.651563 0.147656 0.015625 0.039062
0 0.652344 0.187500 0.010938 0.037500
0 0.660156 0.135156 0.010938 0.032813
0 0.682813 0.168750 0.018750 0.040625
0 0.685156 0.141406 0.014063 0.032813
0 0.705469 0.166406 0.010938 0.035938
0 0.690625 0.221094 0.015625 0.048438
0 0.664844 0.244531 0.020313 0.060938
0 0.616406 0.311719 0.023438 0.051563
0 0.570312 0.346094 0.028125 0.060938
0 0.604688 0.382031 0.028125 0.070312
0 0.652344 0.419531 0.029688 0.060938
0 0.717188 0.414844 0.031250 0.073438
0 0.722656 0.295313 0.020313 0.056250
0 0.749219 0.303906 0.020313 0.060938
0 0.738281 0.239844 0.020313 0.045313
0 0.739063 0.203125 0.015625 0.037500
0 0.766406 0.196094 0.014063 0.045313
0 0.775781 0.218750 0.014063 0.043750
0 0.787500 0.283594 0.021875 0.060938
0 0.810156 0.313281 0.023438 0.060938
0 0.817969 0.240625 0.017188 0.046875
0 0.806250 0.199219 0.015625 0.054688
0 0.838281 0.227344 0.014063 0.042188
0 0.868750 0.244531 0.015625 0.042188
0 0.875000 0.239063 0.015625 0.037500
0 0.901563 0.241406 0.015625 0.039062
0 0.897656 0.275781 0.017188 0.039062
0 0.885938 0.297656 0.018750 0.048438
0 0.860156 0.357031 0.017188 0.054688
0 0.871094 0.332813 0.017188 0.040625
0 0.885938 0.417969 0.021875 0.070312
0 0.863281 0.509375 0.026563 0.087500
0 0.792969 0.482813 0.035938 0.093750
0 0.952344 0.496875 0.020313 0.075000
0 0.944531 0.402344 0.023438 0.070312
0 0.922656 0.350000 0.020313 0.062500
0 0.928906 0.284375 0.014063 0.043750
0 0.945312 0.255469 0.015625 0.045313
0 0.986719 0.280469 0.017188 0.045313
0 0.971094 0.321875 0.014063 0.034375
0 0.972656 0.382812 0.017188 0.056250
0 0.972656 0.347656 0.014063 0.035938
