0 0.035938 0.387500 0.065625 0.118750
0 0.135156 0.366406 0.045313 0.060938
0 0.192188 0.432813 0.059375 0.096875
0 0.251563 0.416406 0.087500 0.107813
0 0.321094 0.404688 0.054688 0.084375
0 0.219531 0.346875 0.026563 0.040625
0 0.304688 0.341406 0.021875 0.039062
0 0.371875 0.355469 0.034375 0.045313
0 0.403125 0.409375 0.059375 0.084375
0 0.375781 0.508594 0.092188 0.132812
0 0.476562 0.426563 0.068750 0.103125
0 0.521875 0.385156 0.043750 0.079688
0 0.492188 0.342969 0.025000 0.045313
0 0.470313 0.364063 0.028125 0.037500
0 0.451563 0.335938 0.028125 0.043750
0 0.460938 0.307813 0.028125 0.037500
0 0.399219 0.319531 0.029688 0.032813
0 0.666406 0.435156 0.048438 0.101562
0 0.921875 0.635156 0.140625 0.235938
0 0.782813 0.432813 0.062500 0.081250
0 0.851562 0.387500 0.046875 0.084375
0 0.897656 0.352344 0.039062 0.051563
0 0.953125 0.388281 0.037500 0.060938
0 0.959375 0.323438 0.031250 0.053125
0 0.928906 0.321875 0.026563 0.046875
0 0.900781 0.292969 0.020313 0.035938
0 0.888281 0.267188 0.023438 0.034375
0 0.925000 0.275000 0.021875 0.034375
0 0.979688 0.270313 0.021875 0.034375
0 0.853906 0.292969 0.023438 0.035938
0 0.872656 0.323438 0.026563 0.043750
0 0.814844 0.342969 0.032813 0.048438
0 0.752344 0.383594 0.035938 0.051563
0 0.715625 0.328906 0.025000 0.039062
0 0.646094 0.382031 0.045313 0.079688
0 0.611719 0.363281 0.035938 0.064063
0 0.585156 0.332031 0.026563 0.042188
0 0.571875 0.299219 0.028125 0.045313
0 0.515625 0.301563 0.025000 0.034375
0 0.505469 0.319531 0.020313 0.035938
0 0.596875 0.302344 0.021875 0.035938
0 0.621094 0.293750 0.017188 0.034375
0 0.668750 0.270313 0.021875 0.031250
0 0.703906 0.302344 0.020313 0.035938
0 0.758594 0.328125 0.026563 0.034375
0 0.764844 0.297656 0.023438 0.032813
0 0.751563 0.289062 0.018750 0.025000
0 0.740625 0.274219 0.021875 0.029688
0 0.730469 0.248438 0.020313 0.028125
0 0.774219 0.263281 0.020313 0.035938
