0 0.028906 0.261719 0.039062 0.073438
0 0.122656 0.383594 0.085938 0.151563
0 0.144531 0.268750 0.045313 0.087500
0 0.107031 0.208594 0.045313 0.082813
0 0.189844 0.207031 0.042188 0.079688
0 0.261719 0.214063 0.039062 0.065625
0 0.284375 0.174219 0.028125 0.070312
0 0.375000 0.224219 0.046875 0.073438
0 0.404688 0.291406 0.056250 0.104688
0 0.460156 0.231250 0.045313 0.087500
0 0.416406 0.150781 0.039062 0.085938
0 0.241406 0.480469 0.092188 0.185938
0 0.417969 0.450000 0.064063 0.125000
0 0.446094 0.532031 0.101562 0.179688
0 0.541406 0.701563 0.195312 0.325000
0 0.536719 0.332031 0.057813 0.117188
0 0.512500 0.172656 0.037500 0.085938
0 0.588281 0.168750 0.045313 0.078125
0 0.603906 0.235938 0.051563 0.096875
0 0.657813 0.361719 0.078125 0.114063
0 0.699219 0.179688 0.048438 0.096875
0 0.796094 0.238281 0.060938 0.117188
0 0.932031 0.431250 0.101562 0.190625
0 0.939063 0.264063 0.065625 0.109375
0 0.956250 0.167188 0.059375 0.109375
