0 0.077344 0.514062 0.045313 0.096875
0 0.231250 0.249219 0.018750 0.045313
0 0.247656 0.250000 0.020313 0.043750
0 0.266406 0.237500 0.014063 0.040625
0 0.323438 0.227344 0.015625 0.039062
0 0.320312 0.201563 0.018750 0.031250
0 0.346094 0.220313 0.020313 0.046875
0 0.358594 0.200000 0.017188 0.043750
0 0.374219 0.187500 0.020313 0.034375
0 0.385156 0.242188 0.020313 0.043750
0 0.417969 0.175781 0.017188 0.032813
0 0.442969 0.180469 0.014063 0.035938
0 0.438281 0.298438 0.020313 0.053125
0 0.482031 0.224219 0.023438 0.045313
0 0.464063 0.160156 0.015625 0.039062
0 0.475000 0.140625 0.015625 0.031250
0 0.485938 0.167969 0.021875 0.042188
0 0.500781 0.141406 0.010938 0.032813
0 0.524219 0.153125 0.017188 0.028125
0 0.504688 0.196094 0.015625 0.032813
0 0.561719 0.206250 0.020313 0.040625
0 0.539062 0.150000 0.012500 0.034375
0 0.560156 0.149219 0.010938 0.026563
0 0.560937 0.129688 0.015625 0.028125
0 0.582031 0.129688 0.017188 0.031250
0 0.604688 0.118750 0.012500 0.028125
0 0.636719 0.121094 0.010938 0.035938
0 0.587500 0.192969 0.012500 0.032813
0 0.660938 0.144531 0.015625 0.035938
0 0.664062 0.132812 0.018750 0.031250
0 0.696875 0.130469 0.015625 0.035938
0 0.715625 0.143750 0.012500 0.031250
0 0.615625 0.169531 0.015625 0.039062
0 0.625000 0.187500 0.018750 0.040625
0 0.668750 0.218750 0.021875 0.050000
0 0.705469 0.197656 0.017188 0.035938
0 0.613281 0.282813 0.023438 0.046875
0 0.579688 0.314063 0.021875 0.050000
0 0.609375 0.343750 0.025000 0.056250
0 0.663281 0.371875 0.026563 0.050000
0 0.733594 0.364844 0.026563 0.057813
0 0.728125 0.242969 0.021875 0.042188
0 0.746094 0.214063 0.017188 0.040625
0 0.765625 0.185156 0.015625 0.035938
0 0.780469 0.188281 0.014063 0.042188
0 0.798438 0.180469 0.021875 0.035938
0 0.813281 0.182031 0.014063 0.042188
0 0.800781 0.242188 0.017188 0.037500
0 0.768750 0.267188 0.015625 0.043750
0 0.817188 0.288281 0.018750 0.054688
0 0.793750 0.421875 0.028125 0.084375
0 0.857031 0.464844 0.026563 0.089063
0 0.875000 0.395313 0.021875 0.059375
0 0.867188 0.316406 0.021875 0.045313
0 0.874219 0.221875 0.014063 0.034375
0 0.902344 0.224219 0.014063 0.039062
0 0.942969 0.225781 0.017188 0.035938
0 0.951563 0.416406 0.021875 0.064063
0 0.985938 0.249219 0.012500 0.035938
0 0.967188 0.290625 0.018750 0.040625
0 0.975781 0.335938 0.017188 0.046875
0 0.925000 0.324219 0.018750 0.051563
0 0.893750 0.264844 0.018750 0.051563
0 0.932031 0.251563 0.010938 0.037500
0 0.824219 0.210156 0.017188 0.035938
0 0.406250 0.235938 0.015625 0.037500
0 0.427344 0.162500 0.014063 0.025000
0 0.689844 0.149219 0.020313 0.032813
0 0.945312 0.355469 0.018750 0.057813
