0 0.775000 0.289062 0.018750 0.043750
0 0.807813 0.357813 0.025000 0.068750
0 0.848438 0.359375 0.025000 0.065625
0 0.821094 0.210938 0.014063 0.043750
0 0.854688 0.160156 0.012500 0.032813
0 0.889844 0.174219 0.014063 0.035938
0 0.865625 0.215625 0.018750 0.046875
0 0.880469 0.299219 0.023438 0.064063
0 0.903125 0.329688 0.021875 0.062500
0 0.908594 0.287500 0.020313 0.050000
0 0.703125 0.226562 0.018750 0.050000
0 0.651563 0.218750 0.018750 0.050000
0 0.588281 0.104688 0.007812 0.018750
0 0.550781 0.220313 0.017188 0.050000
0 0.482031 0.194531 0.017188 0.039062
0 0.408594 0.192188 0.014063 0.031250
0 0.376563 0.234375 0.015625 0.037500
0 0.396094 0.236719 0.017188 0.035938
0 0.411719 0.228906 0.017188 0.032813
0 0.326563 0.242969 0.015625 0.029688
0 0.170313 0.459375 0.037500 0.071875
