0 0.016406 0.454688 0.029688 0.065625
0 0.025000 0.401563 0.021875 0.046875
0 0.075000 0.409375 0.028125 0.046875
0 0.162500 0.415625 0.028125 0.046875
0 0.172656 0.394531 0.023438 0.032813
0 0.207813 0.404688 0.028125 0.046875
0 0.199219 0.489844 0.054688 0.076563
0 0.276562 0.385156 0.025000 0.039062
0 0.310156 0.394531 0.023438 0.032813
0 0.352344 0.389844 0.020313 0.035938
0 0.335156 0.513281 0.057813 0.070312
0 0.410938 0.433594 0.037500 0.057813
0 0.415625 0.386719 0.021875 0.042188
0 0.462500 0.418750 0.028125 0.053125
0 0.503906 0.442188 0.035938 0.053125
0 0.525000 0.412500 0.025000 0.046875
0 0.589844 0.383594 0.020313 0.035938
0 0.589063 0.435938 0.034375 0.053125
0 0.642969 0.406250 0.026563 0.050000
0 0.671875 0.391406 0.025000 0.039062
0 0.732813 0.458594 0.037500 0.073438
0 0.742969 0.576562 0.073438 0.103125
0 0.749219 0.400000 0.029688 0.043750
0 0.814844 0.292969 0.045313 0.070312
0 0.885156 0.288281 0.073438 0.085938
