0 0.052344 0.478906 0.095313 0.195312
0 0.162500 0.360156 0.059375 0.132812
0 0.264844 0.336719 0.042188 0.104688
0 0.240625 0.300000 0.031250 0.071875
0 0.254688 0.250781 0.031250 0.057813
0 0.292969 0.289844 0.032813 0.079688
0 0.420313 0.477344 0.081250 0.176563
0 0.415625 0.367969 0.059375 0.101562
0 0.380469 0.301563 0.039062 0.081250
0 0.353125 0.276562 0.028125 0.071875
0 0.408594 0.245313 0.026563 0.056250
0 0.453125 0.269531 0.034375 0.067187
0 0.505469 0.275781 0.023438 0.064063
0 0.603125 0.381250 0.065625 0.150000
0 0.575781 0.346094 0.048438 0.104688
0 0.550781 0.298438 0.042188 0.090625
0 0.585938 0.264063 0.034375 0.065625
0 0.620313 0.264844 0.028125 0.057813
0 0.664062 0.305469 0.031250 0.070312
0 0.646094 0.279688 0.026563 0.059375
0 0.748438 0.307031 0.053125 0.107813
0 0.842969 0.358594 0.070312 0.120313
0 0.908594 0.430469 0.082813 0.151563
