0 0.157813 0.270313 0.025000 0.046875
0 0.210156 0.382031 0.048438 0.092188
0 0.219531 0.266406 0.029688 0.054688
0 0.295313 0.250000 0.021875 0.040625
0 0.336719 0.278125 0.023438 0.040625
0 0.350781 0.257812 0.023438 0.050000
0 0.392188 0.199219 0.018750 0.032813
0 0.419531 0.233594 0.020313 0.032813
0 0.442188 0.231250 0.025000 0.043750
0 0.433594 0.277344 0.029688 0.051563
0 0.435156 0.171875 0.020313 0.034375
0 0.450781 0.193750 0.020313 0.031250
0 0.482813 0.201563 0.018750 0.043750
0 0.479688 0.157813 0.015625 0.031250
0 0.459375 0.152344 0.012500 0.023438
0 0.510156 0.168750 0.017188 0.031250
0 0.493750 0.135156 0.015625 0.020313
0 0.530469 0.148438 0.020313 0.031250
0 0.545312 0.131250 0.015625 0.031250
0 0.567969 0.149219 0.017188 0.032813
0 0.568750 0.115625 0.015625 0.025000
0 0.590625 0.162500 0.015625 0.031250
0 0.595313 0.130469 0.015625 0.032813
0 0.603906 0.107813 0.010938 0.028125
0 0.625000 0.121094 0.012500 0.023438
0 0.627344 0.149219 0.014063 0.026563
0 0.707813 0.107031 0.012500 0.032813
0 0.490625 0.324219 0.028125 0.054688
0 0.563281 0.305469 0.032813 0.064063
0 0.582031 0.242188 0.026563 0.053125
0 0.620313 0.248438 0.025000 0.046875
0 0.625000 0.316406 0.040625 0.064063
0 0.634375 0.200000 0.028125 0.050000
0 0.673438 0.259375 0.028125 0.046875
0 0.693750 0.203906 0.021875 0.054688
0 0.701563 0.164062 0.021875 0.037500
0 0.720313 0.177344 0.018750 0.035938
0 0.730469 0.213281 0.023438 0.042188
0 0.732813 0.284375 0.025000 0.062500
0 0.794531 0.317969 0.029688 0.057813
0 0.774219 0.185156 0.020313 0.039062
0 0.771094 0.148438 0.020313 0.037500
0 0.726562 0.137500 0.021875 0.034375
0 0.757031 0.120313 0.020313 0.031250
0 0.764844 0.115625 0.014063 0.028125
0 0.782031 0.124219 0.017188 0.035938
0 0.816406 0.132031 0.017188 0.035938
0 0.832813 0.132031 0.015625 0.029688
0 0.817188 0.185156 0.018750 0.042188
0 0.840625 0.159375 0.015625 0.034375
0 0.865625 0.189063 0.018750 0.037500
0 0.892969 0.227344 0.023438 0.045313
0 0.922656 0.189844 0.020313 0.042188
0 0.953125 0.189063 0.018750 0.046875
