0 0.271875 0.557031 0.165625 0.307813
0 0.203125 0.314844 0.087500 0.154688
0 0.153125 0.272656 0.062500 0.107813
0 0.042969 0.300000 0.054688 0.103125
0 0.305469 0.248438 0.042188 0.078125
0 0.370313 0.310938 0.071875 0.125000
0 0.397656 0.206250 0.042188 0.090625
0 0.494531 0.228906 0.045313 0.095313
0 0.539844 0.385156 0.135938 0.235938
0 0.529687 0.205469 0.046875 0.070312
0 0.582031 0.222656 0.042188 0.085938
0 0.612500 0.163281 0.028125 0.060938
0 0.682031 0.234375 0.064063 0.115625
0 0.664062 0.175000 0.050000 0.084375
0 0.753125 0.328125 0.112500 0.190625
0 0.767188 0.196094 0.056250 0.089063
0 0.867969 0.188281 0.057813 0.079688
0 0.958594 0.227344 0.082813 0.151563
0 0.921094 0.161719 0.039062 0.070312
0 0.753125 0.151563 0.034375 0.050000
