0 0.196094 0.475781 0.045313 0.082813
0 0.335156 0.260937 0.026563 0.040625
0 0.444531 0.271094 0.023438 0.039062
0 0.492969 0.331250 0.035938 0.062500
0 0.461719 0.195312 0.017188 0.037500
0 0.433594 0.214844 0.020313 0.032813
0 0.489063 0.179688 0.025000 0.034375
0 0.473438 0.147656 0.015625 0.026563
0 0.496875 0.139844 0.012500 0.029688
0 0.546875 0.135156 0.015625 0.029688
0 0.575000 0.142969 0.015625 0.026563
0 0.538281 0.210156 0.017188 0.032813
0 0.592969 0.157031 0.017188 0.029688
0 0.680469 0.246875 0.020313 0.043750
0 0.742188 0.260156 0.028125 0.048438
0 0.803906 0.269531 0.029688 0.051563
0 0.710938 0.148438 0.012500 0.031250
0 0.735938 0.156250 0.015625 0.034375
0 0.772656 0.113281 0.017188 0.029688
0 0.825000 0.128906 0.012500 0.029688
0 0.827344 0.169531 0.017188 0.035938
0 0.900781 0.213281 0.023438 0.042188
0 0.887500 0.491406 0.056250 0.120313
0 0.375781 0.260937 0.020313 0.040625
0 0.466406 0.232031 0.032813 0.051563
