0 0.036719 0.610938 0.048438 0.075000
0 0.253906 0.475781 0.039062 0.064063
0 0.163281 0.819531 0.114063 0.170313
0 0.358594 0.548438 0.039062 0.053125
0 0.707031 0.145313 0.085938 0.125000
0 0.926563 0.457031 0.053125 0.104688
0 0.959375 0.712500 0.081250 0.178125
0 0.817969 0.780469 0.132812 0.179688
0 0.766406 0.573438 0.045313 0.065625
0 0.782813 0.525000 0.021875 0.040625
0 0.816406 0.538281 0.039062 0.060938
0 0.726562 0.673438 0.065625 0.100000
0 0.610938 0.735938 0.103125 0.150000
0 0.584375 0.643750 0.053125 0.078125
0 0.644531 0.609375 0.048438 0.075000
0 0.610938 0.544531 0.040625 0.070312
0 0.588281 0.580469 0.045313 0.064063
0 0.575781 0.551563 0.029688 0.065625
0 0.554688 0.568750 0.040625 0.071875
0 0.525781 0.625000 0.048438 0.068750
0 0.479688 0.621094 0.065625 0.089063
0 0.482031 0.539844 0.032813 0.064063
0 0.458594 0.569531 0.035938 0.057813
0 0.420313 0.600000 0.043750 0.068750
0 0.419531 0.557031 0.035938 0.054688
0 0.082813 0.773438 0.084375 0.153125
0 0.106250 0.671094 0.056250 0.082813
0 0.128906 0.621094 0.051563 0.082813
