0 0.156250 0.174219 0.056250 0.098438
0 0.228906 0.503125 0.060938 0.093750
0 0.328906 0.484375 0.073438 0.106250
0 0.384375 0.473438 0.050000 0.078125
0 0.478906 0.557813 0.101562 0.128125
0 0.510938 0.523438 0.062500 0.109375
0 0.594531 0.486719 0.042188 0.070312
0 0.693750 0.485938 0.056250 0.081250
0 0.703125 0.563281 0.078125 0.129688
0 0.759375 0.655469 0.143750 0.204688
0 0.833594 0.522656 0.060938 0.085938
0 0.808594 0.497656 0.035938 0.070312
0 0.906250 0.578125 0.078125 0.112500
0 0.958594 0.531250 0.054688 0.081250
0 0.963281 0.486719 0.039062 0.070312
