0 0.185938 0.336719 0.046875 0.092188
0 0.378906 0.199219 0.017188 0.042188
0 0.382812 0.175000 0.018750 0.031250
0 0.416406 0.215625 0.020313 0.043750
0 0.390625 0.272656 0.025000 0.045313
0 0.424219 0.185156 0.023438 0.035938
0 0.482031 0.183594 0.026563 0.045313
0 0.480469 0.156250 0.017188 0.037500
0 0.457813 0.227344 0.021875 0.039062
0 0.517969 0.196875 0.023438 0.053125
0 0.538281 0.197656 0.020313 0.042188
0 0.553906 0.071094 0.014063 0.029688
0 0.579688 0.127344 0.015625 0.032813
0 0.623438 0.153125 0.025000 0.050000
0 0.607813 0.246875 0.021875 0.046875
0 0.638281 0.247656 0.029688 0.060938
0 0.626563 0.309375 0.034375 0.068750
0 0.734375 0.292969 0.031250 0.067187
0 0.686719 0.181250 0.017188 0.037500
0 0.710938 0.160156 0.018750 0.039062
0 0.713281 0.202344 0.017188 0.042188
0 0.745313 0.171094 0.018750 0.032813
0 0.756250 0.147656 0.015625 0.032813
0 0.782813 0.144531 0.018750 0.039062
0 0.771094 0.175000 0.017188 0.037500
0 0.784375 0.185938 0.015625 0.031250
0 0.803125 0.173438 0.012500 0.037500
0 0.807813 0.219531 0.025000 0.048438
0 0.755469 0.206250 0.020313 0.043750
0 0.839063 0.275781 0.025000 0.051563
0 0.876563 0.288281 0.028125 0.057813
0 0.915625 0.291406 0.025000 0.051563
0 0.918750 0.217969 0.018750 0.042188
0 0.941406 0.241406 0.020313 0.042188
0 0.946875 0.211719 0.015625 0.032813
