0 0.042969 0.585938 0.082813 0.403125
0 0.093750 0.425000 0.115625 0.200000
0 0.137500 0.357813 0.078125 0.146875
0 0.108594 0.319531 0.070312 0.129688
0 0.356250 0.116406 0.093750 0.189063
0 0.439844 0.306250 0.048438 0.096875
0 0.533594 0.313281 0.054688 0.089063
0 0.575000 0.346875 0.078125 0.143750
0 0.606250 0.382031 0.078125 0.123438
0 0.678125 0.354688 0.062500 0.118750
0 0.691406 0.288281 0.054688 0.092188
0 0.783594 0.332031 0.092188 0.129688
0 0.855469 0.290625 0.064063 0.106250
0 0.921094 0.360156 0.070312 0.117188
0 0.945312 0.301563 0.053125 0.100000
