0 0.050000 0.403125 0.031250 0.059375
0 0.259375 0.279688 0.018750 0.031250
0 0.301563 0.253906 0.012500 0.026563
0 0.316406 0.289062 0.017188 0.034375
0 0.339844 0.278906 0.014063 0.032813
0 0.388281 0.313281 0.020313 0.039062
0 0.321094 0.225781 0.014063 0.023438
0 0.346875 0.214844 0.015625 0.032813
0 0.381250 0.223438 0.015625 0.034375
0 0.369531 0.213281 0.014063 0.035938
0 0.385938 0.199219 0.009375 0.026563
0 0.413281 0.222656 0.020313 0.045313
0 0.450000 0.221875 0.015625 0.031250
0 0.488281 0.221094 0.017188 0.042188
0 0.477344 0.190625 0.014063 0.025000
0 0.443750 0.195312 0.012500 0.018750
0 0.422656 0.192188 0.020313 0.021875
0 0.417188 0.172656 0.018750 0.023438
0 0.455469 0.169531 0.014063 0.032813
0 0.453125 0.139063 0.009375 0.015625
0 0.477344 0.165625 0.014063 0.021875
0 0.507031 0.171094 0.017188 0.029688
0 0.535156 0.139063 0.014063 0.025000
0 0.556250 0.160938 0.012500 0.028125
0 0.582031 0.156250 0.014063 0.028125
0 0.567969 0.143750 0.010938 0.031250
0 0.559375 0.116406 0.009375 0.020313
0 0.596094 0.097656 0.010938 0.020313
0 0.591406 0.118750 0.010938 0.025000
0 0.617188 0.108594 0.012500 0.032813
0 0.625781 0.141406 0.014063 0.026563
0 0.654688 0.116406 0.012500 0.026563
0 0.649219 0.093750 0.014063 0.021875
0 0.682031 0.116406 0.010938 0.032813
0 0.693750 0.107031 0.009375 0.029688
0 0.545312 0.196094 0.015625 0.029688
0 0.571875 0.176563 0.015625 0.028125
0 0.488281 0.289062 0.023438 0.043750
0 0.530469 0.316406 0.023438 0.039062
0 0.565625 0.235938 0.015625 0.037500
0 0.610938 0.215625 0.015625 0.037500
0 0.602344 0.335938 0.023438 0.046875
0 0.608594 0.277344 0.017188 0.035938
0 0.663281 0.267969 0.023438 0.048438
0 0.673438 0.357813 0.025000 0.050000
0 0.714063 0.295313 0.018750 0.059375
0 0.783594 0.292969 0.026563 0.054688
0 0.700000 0.212500 0.018750 0.040625
0 0.689063 0.194531 0.015625 0.032813
0 0.658594 0.205469 0.017188 0.045313
0 0.685938 0.154688 0.015625 0.025000
0 0.706250 0.142187 0.012500 0.028125
0 0.732031 0.157813 0.010938 0.025000
0 0.743750 0.143750 0.009375 0.028125
0 0.732031 0.132031 0.010938 0.023438
0 0.746875 0.114844 0.012500 0.026563
0 0.777344 0.118750 0.007812 0.025000
0 0.768750 0.134375 0.012500 0.031250
0 0.753906 0.156250 0.017188 0.028125
0 0.737500 0.192969 0.021875 0.039062
0 0.762500 0.235156 0.018750 0.039062
0 0.812500 0.243750 0.018750 0.050000
0 0.796875 0.171094 0.015625 0.032813
0 0.794531 0.130469 0.014063 0.029688
0 0.803906 0.125000 0.014063 0.025000
0 0.835156 0.139063 0.014063 0.034375
0 0.817969 0.161719 0.014063 0.032813
0 0.848438 0.155469 0.012500 0.032813
0 0.858594 0.192188 0.014063 0.031250
0 0.869531 0.132812 0.014063 0.031250
0 0.879688 0.171875 0.015625 0.025000
0 0.889844 0.203125 0.014063 0.031250
0 0.874219 0.231250 0.017188 0.040625
0 0.920313 0.288281 0.018750 0.054688
0 0.923438 0.200000 0.015625 0.046875
0 0.918750 0.161719 0.012500 0.032813
0 0.932813 0.153125 0.009375 0.025000
0 0.900000 0.128125 0.012500 0.025000
0 0.900781 0.167188 0.014063 0.025000
0 0.475781 0.146094 0.014063 0.023438
