0 0.258594 0.756250 0.198438 0.246875
0 0.543750 0.600000 0.103125 0.137500
0 0.622656 0.530469 0.076563 0.107813
0 0.704688 0.464844 0.059375 0.098438
0 0.732031 0.414062 0.051563 0.081250
0 0.796094 0.409375 0.045313 0.071875
0 0.830469 0.381250 0.042188 0.059375
0 0.573438 0.292187 0.034375 0.046875
0 0.560156 0.392188 0.035938 0.053125
0 0.512500 0.414062 0.046875 0.053125
0 0.364844 0.442188 0.054688 0.068750
0 0.300000 0.424219 0.037500 0.045313
0 0.220313 0.507031 0.053125 0.079688
0 0.158594 0.481250 0.067187 0.093750
0 0.175781 0.421875 0.042188 0.059375
0 0.225000 0.421094 0.031250 0.042188
0 0.124219 0.440625 0.039062 0.053125
0 0.059375 0.432813 0.043750 0.053125
0 0.022656 0.466406 0.042188 0.082813
0 0.014844 0.548438 0.026563 0.109375
