0 0.048438 0.640625 0.093750 0.137500
0 0.071875 0.522656 0.053125 0.076563
0 0.076563 0.606250 0.078125 0.100000
0 0.202344 0.525000 0.039062 0.078125
0 0.225781 0.548438 0.045313 0.087500
0 0.261719 0.546875 0.060938 0.115625
0 0.285156 0.628125 0.098438 0.128125
0 0.289844 0.500781 0.032813 0.057813
0 0.327344 0.537500 0.042188 0.062500
0 0.362500 0.489844 0.034375 0.054688
0 0.392969 0.489063 0.035938 0.059375
0 0.405469 0.565625 0.054688 0.087500
0 0.459375 0.591406 0.065625 0.104688
0 0.450781 0.517969 0.042188 0.067187
0 0.528906 0.434375 0.045313 0.065625
0 0.538281 0.626563 0.079688 0.140625
0 0.523438 0.561719 0.059375 0.095313
0 0.564844 0.495313 0.029688 0.046875
0 0.594531 0.516406 0.032813 0.057813
0 0.628906 0.503906 0.032813 0.054688
0 0.628125 0.603906 0.071875 0.095313
0 0.651563 0.778906 0.115625 0.185938
0 0.748438 0.615625 0.084375 0.137500
0 0.684375 0.522656 0.037500 0.070312
0 0.778906 0.555469 0.048438 0.076563
0 0.877344 0.537500 0.054688 0.071875
0 0.934375 0.586719 0.065625 0.095313
0 0.855469 0.737500 0.123438 0.162500
