0 0.092969 0.536719 0.095313 0.120313
0 0.049219 0.414062 0.048438 0.065625
0 0.122656 0.421875 0.042188 0.062500
0 0.169531 0.439844 0.057813 0.076563
0 0.128906 0.371875 0.026563 0.034375
0 0.473438 0.319531 0.025000 0.035938
0 0.442969 0.307031 0.017188 0.029688
0 0.377344 0.405469 0.029688 0.032813
0 0.362500 0.367969 0.025000 0.035938
0 0.435938 0.428125 0.040625 0.059375
0 0.485938 0.463281 0.053125 0.076563
0 0.561719 0.425000 0.042188 0.065625
0 0.523438 0.357813 0.034375 0.046875
0 0.598438 0.375000 0.028125 0.037500
0 0.542969 0.550000 0.070312 0.081250
0 0.603125 0.775781 0.140625 0.164062
0 0.767969 0.546094 0.067187 0.089063
0 0.632031 0.459375 0.051563 0.068750
0 0.660156 0.389063 0.029688 0.040625
0 0.637500 0.343750 0.028125 0.034375
0 0.696875 0.401563 0.037500 0.040625
0 0.696094 0.358594 0.023438 0.035938
0 0.731250 0.357813 0.025000 0.025000
0 0.775000 0.383594 0.031250 0.029688
0 0.874219 0.371094 0.032813 0.045313
0 0.829688 0.396094 0.028125 0.029688
0 0.925000 0.379688 0.031250 0.037500
0 0.823438 0.481250 0.040625 0.056250
0 0.937500 0.523438 0.090625 0.131250
