0 0.030469 0.471875 0.057813 0.178125
0 0.115625 0.290625 0.053125 0.103125
0 0.100781 0.175781 0.039062 0.067187
0 0.242969 0.263281 0.051563 0.082813
0 0.219531 0.176563 0.035938 0.068750
0 0.313281 0.151563 0.032813 0.062500
0 0.368750 0.230469 0.046875 0.079688
0 0.412500 0.162500 0.031250 0.059375
0 0.500781 0.140625 0.035938 0.059375
0 0.542188 0.218750 0.037500 0.087500
0 0.661719 0.209375 0.039062 0.075000
0 0.476562 0.338281 0.059375 0.110938
0 0.279688 0.413281 0.068750 0.126562
0 0.719531 0.328125 0.051563 0.118750
0 0.874219 0.289844 0.242188 0.414062
