0 0.131250 0.496094 0.081250 0.110938
0 0.146875 0.455469 0.059375 0.079688
0 0.096094 0.430469 0.054688 0.070312
0 0.168750 0.385156 0.050000 0.070312
0 0.220313 0.377344 0.050000 0.073438
0 0.278125 0.360938 0.046875 0.075000
0 0.346094 0.373438 0.042188 0.065625
0 0.392969 0.356250 0.032813 0.056250
0 0.424219 0.345313 0.035938 0.059375
0 0.458594 0.337500 0.032813 0.056250
0 0.510938 0.360156 0.037500 0.054688
0 0.553906 0.342969 0.029688 0.045313
0 0.598438 0.363281 0.034375 0.045313
0 0.653906 0.353125 0.029688 0.040625
0 0.701563 0.371094 0.031250 0.048438
0 0.743750 0.393750 0.040625 0.050000
0 0.805469 0.384375 0.042188 0.050000
0 0.857813 0.375781 0.028125 0.054688
0 0.903906 0.367188 0.076563 0.106250
