0 0.103125 0.350781 0.078125 0.110938
0 0.192188 0.285156 0.062500 0.082813
0 0.124219 0.158594 0.039062 0.057813
0 0.159375 0.177344 0.028125 0.048438
0 0.079688 0.116406 0.021875 0.035938
0 0.024219 0.132031 0.029688 0.054688
0 0.017188 0.068750 0.021875 0.037500
0 0.217969 0.143750 0.023438 0.037500
0 0.267188 0.164062 0.025000 0.037500
0 0.302344 0.160156 0.026563 0.042188
0 0.352344 0.155469 0.017188 0.032813
0 0.336719 0.208594 0.026563 0.042188
0 0.383594 0.206250 0.026563 0.037500
0 0.407031 0.184375 0.020313 0.025000
0 0.441406 0.196094 0.020313 0.039062
0 0.477344 0.198438 0.017188 0.031250
0 0.277344 0.417969 0.079688 0.120313
0 0.502344 0.534375 0.085938 0.162500
0 0.414062 0.339844 0.028125 0.048438
0 0.516406 0.342188 0.035938 0.062500
0 0.575781 0.357031 0.045313 0.073438
0 0.617188 0.459375 0.059375 0.090625
0 0.746875 0.617969 0.121875 0.176563
0 0.867188 0.543750 0.068750 0.121875
0 0.956250 0.392188 0.059375 0.081250
0 0.739844 0.333594 0.035938 0.057813
0 0.812500 0.201563 0.040625 0.062500
0 0.757031 0.227344 0.026563 0.042188
0 0.683594 0.225781 0.020313 0.039062
0 0.668750 0.190625 0.021875 0.028125
0 0.629688 0.191406 0.015625 0.026563
0 0.618750 0.223438 0.018750 0.025000
0 0.599219 0.218750 0.023438 0.034375
0 0.567188 0.196094 0.018750 0.026563
0 0.553125 0.188281 0.021875 0.042188
0 0.526563 0.193750 0.015625 0.025000
0 0.527344 0.234375 0.026563 0.046875
0 0.508594 0.257031 0.020313 0.042188
0 0.485156 0.249219 0.026563 0.042188
