0 0.920313 0.260156 0.012500 0.026563
0 0.939063 0.280469 0.015625 0.032813
0 0.885156 0.257031 0.014063 0.029688
0 0.896875 0.286719 0.015625 0.035938
0 0.896094 0.269531 0.017188 0.029688
0 0.983594 0.313281 0.014063 0.032813
0 0.950781 0.336719 0.020313 0.039062
0 0.921875 0.328906 0.018750 0.042188
0 0.910938 0.339844 0.021875 0.045313
0 0.888281 0.324219 0.020313 0.035938
0 0.975000 0.364844 0.015625 0.045313
0 0.985156 0.283594 0.014063 0.026563
0 0.896875 0.366406 0.021875 0.057813
0 0.959375 0.492969 0.028125 0.070312
0 0.888281 0.477344 0.029688 0.060938
0 0.853125 0.528906 0.028125 0.070312
0 0.809375 0.443750 0.021875 0.062500
0 0.849219 0.361719 0.020313 0.048438
0 0.858594 0.343750 0.023438 0.043750
0 0.860938 0.304688 0.018750 0.037500
0 0.858594 0.271094 0.017188 0.035938
0 0.846094 0.243750 0.017188 0.028125
0 0.817188 0.242188 0.015625 0.028125
0 0.811719 0.278906 0.017188 0.039062
0 0.783594 0.234375 0.014063 0.028125
0 0.798438 0.264063 0.015625 0.028125
0 0.765625 0.251563 0.015625 0.034375
0 0.778125 0.260156 0.015625 0.042188
0 0.794531 0.300000 0.020313 0.040625
0 0.742188 0.303906 0.018750 0.039062
0 0.739063 0.252344 0.015625 0.035938
0 0.726562 0.221094 0.015625 0.026563
0 0.633594 0.205469 0.014063 0.026563
0 0.664844 0.225781 0.014063 0.029688
0 0.689063 0.218750 0.012500 0.025000
0 0.705469 0.229688 0.014063 0.031250
0 0.696094 0.285156 0.014063 0.035938
0 0.671094 0.254688 0.014063 0.034375
0 0.625781 0.228125 0.014063 0.031250
0 0.650000 0.221094 0.015625 0.032813
0 0.624219 0.253125 0.014063 0.034375
0 0.657031 0.308594 0.017188 0.039062
0 0.708594 0.324219 0.020313 0.039062
0 0.584375 0.220313 0.012500 0.025000
0 0.593750 0.217188 0.009375 0.015625
0 0.603906 0.264844 0.014063 0.035938
0 0.571094 0.246875 0.014063 0.034375
0 0.571875 0.283594 0.015625 0.039062
0 0.482031 0.240625 0.010938 0.025000
0 0.473438 0.250000 0.012500 0.021875
0 0.537500 0.278125 0.015625 0.034375
0 0.524219 0.273438 0.014063 0.031250
0 0.533594 0.253125 0.014063 0.021875
0 0.397656 0.266406 0.010938 0.029688
0 0.437500 0.254688 0.012500 0.025000
0 0.472656 0.271875 0.014063 0.028125
0 0.444531 0.275781 0.014063 0.029688
0 0.414844 0.282031 0.014063 0.029688
0 0.415625 0.304688 0.015625 0.031250
0 0.421094 0.335156 0.017188 0.035938
0 0.356250 0.303125 0.015625 0.034375
0 0.357031 0.335938 0.017188 0.034375
0 0.389844 0.352344 0.020313 0.039062
0 0.285938 0.316406 0.015625 0.032813
0 0.225781 0.339844 0.014063 0.032813
0 0.256250 0.367969 0.018750 0.045313
0 0.291406 0.367969 0.023438 0.045313
0 0.321094 0.395313 0.023438 0.037500
0 0.457813 0.362500 0.021875 0.034375
0 0.444531 0.318750 0.020313 0.043750
0 0.479688 0.318750 0.021875 0.037500
0 0.517188 0.332031 0.015625 0.032813
0 0.479688 0.410938 0.028125 0.059375
0 0.546875 0.385938 0.021875 0.053125
0 0.541406 0.447656 0.029688 0.060938
0 0.590625 0.403125 0.028125 0.043750
0 0.610156 0.457031 0.029688 0.076563
0 0.657031 0.488281 0.035938 0.064063
0 0.732031 0.553125 0.035938 0.075000
0 0.691406 0.371094 0.026563 0.048438
0 0.715625 0.376563 0.025000 0.046875
0 0.749219 0.405469 0.026563 0.054688
0 0.621094 0.338281 0.023438 0.045313
0 0.667188 0.363281 0.021875 0.048438
0 0.135156 0.553906 0.042188 0.079688
