0 0.185156 0.550000 0.120313 0.193750
0 0.212500 0.471875 0.078125 0.121875
0 0.257031 0.515625 0.064063 0.106250
0 0.310938 0.421094 0.053125 0.117188
0 0.343750 0.410156 0.025000 0.045313
0 0.373438 0.428125 0.043750 0.084375
0 0.395313 0.425781 0.028125 0.070312
0 0.435938 0.431250 0.037500 0.050000
0 0.460938 0.400781 0.025000 0.051563
0 0.694531 0.426563 0.029688 0.056250
0 0.721094 0.410938 0.029688 0.071875
0 0.736719 0.431250 0.035938 0.071875
0 0.767969 0.419531 0.042188 0.079688
0 0.851562 0.465625 0.078125 0.128125
