0 0.194531 0.493750 0.051563 0.096875
0 0.339844 0.258594 0.020313 0.042188
0 0.367969 0.260937 0.020313 0.046875
0 0.435938 0.280469 0.025000 0.054688
0 0.425781 0.223438 0.020313 0.040625
0 0.452344 0.232031 0.020313 0.042188
0 0.450781 0.187500 0.017188 0.034375
0 0.475781 0.195312 0.020313 0.037500
0 0.465625 0.149219 0.012500 0.023438
0 0.489844 0.142969 0.014063 0.026563
0 0.532813 0.217188 0.021875 0.037500
0 0.531250 0.142187 0.015625 0.028125
0 0.557813 0.149219 0.018750 0.029688
0 0.580469 0.158594 0.017188 0.035938
0 0.665625 0.257031 0.025000 0.051563
0 0.723438 0.275781 0.025000 0.054688
0 0.698438 0.147656 0.018750 0.048438
0 0.711719 0.143750 0.017188 0.031250
0 0.725000 0.157813 0.021875 0.034375
0 0.748438 0.128125 0.012500 0.034375
0 0.764844 0.119531 0.017188 0.035938
0 0.815625 0.175781 0.021875 0.039062
0 0.814063 0.131250 0.015625 0.037500
0 0.884375 0.221875 0.021875 0.046875
0 0.790625 0.275781 0.031250 0.057813
0 0.969531 0.434375 0.035938 0.112500
