0 0.177344 0.744531 0.101562 0.151563
0 0.092969 0.671875 0.073438 0.115625
0 0.071875 0.592969 0.056250 0.104688
0 0.033594 0.580469 0.042188 0.064063
0 0.012500 0.514062 0.021875 0.056250
0 0.165625 0.462500 0.018750 0.037500
0 0.220313 0.467188 0.028125 0.059375
0 0.200781 0.467188 0.017188 0.037500
0 0.242969 0.469531 0.020313 0.045313
0 0.250000 0.450781 0.021875 0.042188
0 0.280469 0.490625 0.035938 0.059375
0 0.279688 0.447656 0.021875 0.039062
0 0.292187 0.437500 0.025000 0.043750
0 0.356250 0.480469 0.037500 0.067187
0 0.330469 0.458594 0.023438 0.054688
0 0.317969 0.455469 0.020313 0.048438
0 0.346875 0.422656 0.018750 0.029688
0 0.391406 0.467969 0.026563 0.051563
0 0.379688 0.432813 0.025000 0.040625
0 0.386719 0.408594 0.017188 0.032813
0 0.414844 0.414062 0.020313 0.034375
0 0.430469 0.411719 0.017188 0.042188
0 0.425781 0.462500 0.032813 0.053125
0 0.453906 0.456250 0.020313 0.056250
0 0.442188 0.510938 0.037500 0.065625
0 0.495313 0.479688 0.040625 0.071875
0 0.479688 0.410156 0.025000 0.042188
0 0.510156 0.406250 0.020313 0.040625
0 0.539844 0.431250 0.032813 0.059375
0 0.560156 0.529687 0.057813 0.106250
0 0.628906 0.499219 0.051563 0.092188
0 0.616406 0.437500 0.035938 0.059375
0 0.579688 0.393750 0.025000 0.037500
0 0.615625 0.396094 0.021875 0.042188
0 0.650000 0.403906 0.021875 0.051563
0 0.680469 0.456250 0.045313 0.087500
0 0.733594 0.454688 0.045313 0.084375
0 0.709375 0.392188 0.028125 0.050000
0 0.739844 0.391406 0.026563 0.045313
0 0.823438 0.403125 0.034375 0.059375
0 0.850781 0.396875 0.032813 0.062500
0 0.742188 0.582813 0.084375 0.137500
0 0.829688 0.516406 0.071875 0.126562
0 0.872656 0.500781 0.054688 0.120313
0 0.911719 0.467969 0.054688 0.104688
0 0.978125 0.397656 0.037500 0.079688
