0 0.178125 0.576562 0.068750 0.162500
0 0.163281 0.444531 0.051563 0.107813
0 0.143750 0.413281 0.034375 0.089063
0 0.096875 0.400000 0.040625 0.090625
0 0.103125 0.529687 0.062500 0.156250
0 0.069531 0.492188 0.048438 0.100000
0 0.031250 0.435156 0.037500 0.092188
0 0.267188 0.496875 0.043750 0.109375
0 0.307031 0.469531 0.048438 0.135938
0 0.337500 0.538281 0.062500 0.160938
0 0.342969 0.385156 0.023438 0.079688
0 0.366406 0.400000 0.029688 0.084375
0 0.390625 0.419531 0.034375 0.082813
0 0.413281 0.383594 0.023438 0.064063
0 0.460156 0.275000 0.029688 0.093750
0 0.492969 0.422656 0.029688 0.073438
0 0.558594 0.448438 0.032813 0.093750
0 0.595313 0.610938 0.065625 0.203125
0 0.691406 0.569531 0.060938 0.164062
0 0.771094 0.654688 0.070312 0.206250
0 0.797656 0.506250 0.057813 0.184375
0 0.882031 0.636719 0.067187 0.164062
0 0.932813 0.619531 0.068750 0.157813
0 0.950000 0.860938 0.100000 0.250000
0 0.890625 0.429688 0.040625 0.096875
0 0.756250 0.392969 0.028125 0.076563
0 0.756250 0.485156 0.043750 0.092188
0 0.671875 0.488281 0.034375 0.085938
0 0.685156 0.438281 0.029688 0.067187
0 0.637500 0.380469 0.025000 0.076563
0 0.606250 0.448438 0.034375 0.100000
0 0.628906 0.451563 0.029688 0.093750
0 0.607813 0.388281 0.021875 0.067187
