0 0.089844 0.283594 0.020313 0.048438
0 0.279688 0.237500 0.015625 0.031250
0 0.294531 0.234375 0.014063 0.028125
0 0.332813 0.226562 0.015625 0.031250
0 0.351562 0.185156 0.015625 0.029688
0 0.356250 0.201563 0.015625 0.028125
0 0.351562 0.231250 0.018750 0.031250
0 0.379688 0.242969 0.018750 0.032813
0 0.380469 0.207813 0.014063 0.028125
0 0.393750 0.214844 0.018750 0.039062
0 0.413281 0.241406 0.020313 0.039062
0 0.407031 0.176563 0.014063 0.028125
0 0.404688 0.167188 0.012500 0.021875
0 0.428125 0.167969 0.012500 0.017188
0 0.425781 0.194531 0.014063 0.023438
0 0.430469 0.210156 0.014063 0.029688
0 0.448438 0.203125 0.015625 0.025000
0 0.462500 0.217969 0.018750 0.032813
0 0.446875 0.257031 0.021875 0.039062
0 0.453125 0.164844 0.015625 0.029688
0 0.490625 0.157813 0.012500 0.025000
0 0.502344 0.160156 0.014063 0.026563
0 0.507031 0.135938 0.010938 0.018750
0 0.534375 0.139844 0.015625 0.029688
0 0.529687 0.189063 0.015625 0.028125
0 0.510156 0.191406 0.014063 0.029688
0 0.541406 0.167969 0.014063 0.029688
0 0.554688 0.134375 0.012500 0.025000
0 0.558594 0.147656 0.014063 0.029688
0 0.562500 0.190625 0.015625 0.034375
0 0.572656 0.171094 0.014063 0.032813
0 0.581250 0.150000 0.012500 0.028125
0 0.598438 0.082813 0.012500 0.021875
0 0.621094 0.110938 0.010938 0.018750
0 0.620313 0.128125 0.012500 0.021875
0 0.600000 0.151563 0.012500 0.025000
0 0.610938 0.170313 0.012500 0.028125
0 0.630469 0.148438 0.010938 0.025000
0 0.646094 0.127344 0.014063 0.026563
0 0.664844 0.117188 0.010938 0.021875
0 0.667969 0.129688 0.010938 0.021875
0 0.648438 0.163281 0.012500 0.023438
0 0.686719 0.142187 0.014063 0.028125
0 0.691406 0.119531 0.010938 0.020313
0 0.713281 0.125000 0.014063 0.025000
0 0.599219 0.235156 0.020313 0.035938
0 0.643750 0.260937 0.025000 0.040625
0 0.675781 0.191406 0.017188 0.032813
0 0.689063 0.228906 0.018750 0.039062
0 0.693750 0.275781 0.018750 0.042188
0 0.703906 0.321094 0.026563 0.060938
0 0.721875 0.195312 0.015625 0.031250
0 0.707813 0.188281 0.018750 0.032813
0 0.739844 0.157813 0.014063 0.028125
0 0.743750 0.178906 0.018750 0.032813
0 0.760938 0.205469 0.018750 0.032813
0 0.741406 0.241406 0.017188 0.039062
0 0.775000 0.253125 0.018750 0.046875
0 0.801563 0.297656 0.025000 0.045313
0 0.808594 0.221875 0.017188 0.034375
0 0.829688 0.271875 0.021875 0.046875
0 0.849219 0.228125 0.017188 0.037500
0 0.918750 0.360156 0.025000 0.054688
0 0.930469 0.265625 0.017188 0.037500
0 0.952344 0.228125 0.014063 0.031250
0 0.942969 0.216406 0.014063 0.032813
0 0.959375 0.202344 0.012500 0.029688
0 0.952344 0.195312 0.010938 0.021875
0 0.919531 0.164062 0.014063 0.021875
0 0.914844 0.188281 0.014063 0.032813
0 0.907813 0.191406 0.012500 0.032813
0 0.901563 0.219531 0.012500 0.039062
0 0.887500 0.246094 0.018750 0.042188
0 0.878125 0.189844 0.015625 0.029688
0 0.882812 0.167969 0.012500 0.023438
0 0.863281 0.164062 0.010938 0.025000
0 0.846875 0.172656 0.015625 0.029688
0 0.838281 0.187500 0.010938 0.025000
0 0.825000 0.217188 0.015625 0.025000
0 0.803125 0.178125 0.012500 0.021875
0 0.810156 0.142969 0.010938 0.023438
0 0.842188 0.146875 0.009375 0.021875
0 0.791406 0.158594 0.010938 0.026563
0 0.779688 0.155469 0.012500 0.023438
0 0.786719 0.140625 0.010938 0.021875
0 0.765625 0.144531 0.012500 0.029688
0 0.753906 0.389063 0.029688 0.062500
