0 0.215625 0.341406 0.015625 0.032813
0 0.241406 0.376563 0.020313 0.043750
0 0.279688 0.369531 0.018750 0.042188
0 0.273438 0.307813 0.015625 0.031250
0 0.317188 0.364844 0.021875 0.039062
0 0.303125 0.337500 0.018750 0.037500
0 0.341406 0.296094 0.017188 0.032813
0 0.342188 0.335938 0.015625 0.034375
0 0.367188 0.328125 0.015625 0.034375
0 0.394531 0.344531 0.020313 0.042188
0 0.389844 0.304688 0.017188 0.034375
0 0.374219 0.264844 0.014063 0.029688
0 0.390625 0.271094 0.015625 0.032813
0 0.420313 0.308594 0.018750 0.035938
0 0.414062 0.251563 0.015625 0.031250
0 0.433594 0.263281 0.014063 0.032813
0 0.453125 0.240625 0.015625 0.031250
0 0.457813 0.271875 0.015625 0.031250
0 0.458594 0.307813 0.017188 0.028125
0 0.483594 0.325000 0.017188 0.037500
0 0.437500 0.332031 0.018750 0.042188
0 0.517969 0.356250 0.023438 0.053125
0 0.447656 0.414844 0.029688 0.057813
0 0.487500 0.264844 0.015625 0.032813
0 0.503906 0.278906 0.017188 0.039062
0 0.535156 0.286719 0.017188 0.035938
0 0.531250 0.250000 0.015625 0.031250
0 0.542969 0.226562 0.010938 0.025000
0 0.558594 0.221875 0.010938 0.021875
0 0.558594 0.242969 0.014063 0.026563
0 0.564063 0.265625 0.015625 0.034375
0 0.581250 0.248438 0.015625 0.028125
0 0.585156 0.224219 0.014063 0.029688
0 0.594531 0.210156 0.014063 0.029688
0 0.610938 0.222656 0.015625 0.035938
0 0.619531 0.246094 0.014063 0.026563
0 0.623438 0.226562 0.015625 0.028125
0 0.642969 0.212500 0.017188 0.028125
0 0.644531 0.241406 0.014063 0.029688
0 0.660938 0.269531 0.018750 0.035938
0 0.661719 0.241406 0.017188 0.032813
0 0.683594 0.225781 0.014063 0.029688
0 0.686719 0.256250 0.017188 0.034375
0 0.582031 0.335156 0.020313 0.042188
0 0.620313 0.301563 0.018750 0.046875
0 0.596094 0.364844 0.026563 0.051563
0 0.531250 0.407813 0.034375 0.056250
0 0.576562 0.454688 0.034375 0.075000
0 0.627344 0.473438 0.035938 0.068750
0 0.640625 0.372656 0.028125 0.048438
0 0.629688 0.351562 0.015625 0.034375
0 0.672656 0.355469 0.020313 0.045313
0 0.671875 0.321875 0.021875 0.037500
0 0.709375 0.289062 0.015625 0.034375
0 0.732813 0.256250 0.012500 0.031250
0 0.727344 0.246094 0.014063 0.023438
0 0.742969 0.239063 0.014063 0.034375
0 0.757031 0.285938 0.017188 0.040625
0 0.775000 0.248438 0.015625 0.037500
0 0.762500 0.248438 0.012500 0.028125
0 0.803906 0.271875 0.014063 0.031250
0 0.820312 0.257812 0.012500 0.034375
0 0.799219 0.304688 0.017188 0.040625
0 0.822656 0.315625 0.017188 0.037500
0 0.828906 0.345313 0.020313 0.046875
0 0.846875 0.376563 0.018750 0.056250
0 0.856250 0.342188 0.018750 0.040625
0 0.867969 0.318750 0.017188 0.037500
0 0.839063 0.287500 0.015625 0.031250
0 0.857031 0.251563 0.014063 0.034375
0 0.880469 0.291406 0.017188 0.042188
0 0.726562 0.417188 0.028125 0.050000
0 0.695312 0.487500 0.037500 0.075000
0 0.767969 0.430469 0.026563 0.057813
0 0.795313 0.364844 0.018750 0.051563
0 0.812500 0.530469 0.037500 0.073438
0 0.832031 0.469531 0.026563 0.060938
0 0.898438 0.489844 0.028125 0.070312
0 0.901563 0.328125 0.015625 0.043750
0 0.923438 0.355469 0.018750 0.045313
0 0.916406 0.307813 0.014063 0.031250
0 0.921094 0.282031 0.014063 0.023438
