0 0.210156 0.480469 0.042188 0.092188
0 0.300000 0.247656 0.021875 0.035938
0 0.330469 0.278906 0.020313 0.042188
0 0.351562 0.259375 0.018750 0.040625
0 0.383594 0.209375 0.020313 0.031250
0 0.424219 0.220313 0.017188 0.031250
0 0.447656 0.220313 0.017188 0.037500
0 0.432031 0.282031 0.023438 0.042188
0 0.436719 0.171094 0.017188 0.029688
0 0.449219 0.189844 0.017188 0.029688
0 0.476562 0.203125 0.015625 0.031250
0 0.473438 0.157031 0.012500 0.026563
0 0.482813 0.163281 0.012500 0.029688
0 0.499219 0.171875 0.017188 0.040625
0 0.457031 0.155469 0.014063 0.026563
0 0.496875 0.133594 0.012500 0.029688
0 0.539844 0.144531 0.014063 0.032813
0 0.542969 0.125781 0.014063 0.026563
0 0.564844 0.117969 0.007812 0.020313
0 0.572656 0.132812 0.014063 0.021875
0 0.561719 0.155469 0.017188 0.026563
0 0.587500 0.160156 0.018750 0.026563
0 0.593750 0.129688 0.015625 0.028125
0 0.616406 0.142187 0.014063 0.021875
0 0.607813 0.096875 0.015625 0.021875
0 0.626563 0.117188 0.012500 0.025000
0 0.489063 0.326563 0.031250 0.046875
0 0.532031 0.228906 0.020313 0.032813
0 0.560156 0.237500 0.020313 0.040625
0 0.560156 0.300000 0.029688 0.065625
0 0.615625 0.255469 0.021875 0.039062
0 0.625000 0.301563 0.034375 0.062500
0 0.631250 0.213281 0.021875 0.042188
0 0.700781 0.101562 0.017188 0.037500
0 0.696094 0.153906 0.017188 0.039062
0 0.686719 0.197656 0.017188 0.042188
0 0.668750 0.254688 0.021875 0.053125
0 0.742188 0.116406 0.015625 0.032813
0 0.760156 0.116406 0.014063 0.029688
0 0.719531 0.141406 0.017188 0.032813
0 0.711719 0.182031 0.017188 0.039062
0 0.733594 0.175000 0.017188 0.034375
0 0.764063 0.148438 0.015625 0.031250
0 0.771094 0.185938 0.014063 0.031250
0 0.757812 0.189063 0.018750 0.040625
0 0.728125 0.283594 0.028125 0.060938
0 0.786719 0.289062 0.026563 0.050000
0 0.825000 0.131250 0.012500 0.028125
0 0.813281 0.183594 0.017188 0.039062
0 0.863281 0.186719 0.020313 0.039062
0 0.885938 0.232031 0.015625 0.048438
0 0.902344 0.194531 0.017188 0.039062
0 0.912500 0.135938 0.015625 0.040625
0 0.942969 0.188281 0.017188 0.042188
0 0.978906 0.129688 0.014063 0.037500
