0 0.935156 0.787500 0.107813 0.193750
0 0.785156 0.683594 0.064063 0.129688
0 0.707813 0.780469 0.100000 0.164062
0 0.549219 0.842969 0.148438 0.245313
0 0.410156 0.647656 0.048438 0.085938
0 0.308594 0.675781 0.067187 0.110938
0 0.212500 0.657031 0.043750 0.089063
0 0.150781 0.694531 0.076563 0.135938
0 0.085156 0.669531 0.048438 0.092188
0 0.049219 0.607031 0.035938 0.060938
0 0.027344 0.575000 0.032813 0.053125
0 0.022656 0.625000 0.042188 0.081250
0 0.097656 0.571094 0.029688 0.054688
0 0.165625 0.576562 0.028125 0.056250
0 0.224219 0.592969 0.029688 0.045313
0 0.260937 0.597656 0.031250 0.057813
0 0.361719 0.615625 0.035938 0.056250
0 0.450781 0.582031 0.032813 0.054688
0 0.501563 0.633594 0.046875 0.070312
0 0.501563 0.578906 0.034375 0.060938
0 0.571094 0.617969 0.048438 0.082813
0 0.546094 0.576562 0.026563 0.050000
0 0.296094 0.569531 0.020313 0.042188
0 0.642969 0.600000 0.023438 0.053125
0 0.621094 0.570312 0.026563 0.050000
0 0.652344 0.547656 0.017188 0.035938
0 0.676563 0.575000 0.031250 0.053125
0 0.703906 0.587500 0.023438 0.043750
0 0.704688 0.550000 0.018750 0.031250
0 0.739844 0.571094 0.023438 0.039062
0 0.814063 0.632031 0.046875 0.095313
0 0.849219 0.612500 0.039062 0.078125
0 0.877344 0.600000 0.035938 0.075000
0 0.858594 0.557031 0.023438 0.054688
0 0.804688 0.550000 0.025000 0.046875
0 0.975000 0.616406 0.046875 0.085938
