0 0.070312 0.316406 0.075000 0.101562
0 0.021875 0.257031 0.040625 0.067187
0 0.132031 0.279688 0.026563 0.050000
0 0.244531 0.260937 0.029688 0.053125
0 0.361719 0.238281 0.114063 0.210938
0 0.417969 0.283594 0.023438 0.048438
0 0.457813 0.280469 0.021875 0.042188
0 0.492969 0.305469 0.023438 0.042188
0 0.523438 0.289062 0.037500 0.053125
0 0.538281 0.264063 0.020313 0.031250
0 0.596094 0.281250 0.023438 0.053125
0 0.608594 0.296094 0.020313 0.039062
0 0.655469 0.281250 0.026563 0.046875
0 0.749219 0.269531 0.132812 0.282813
0 0.831250 0.269531 0.028125 0.048438
0 0.840625 0.308594 0.040625 0.070312
0 0.927344 0.276562 0.032813 0.056250
0 0.988281 0.295313 0.020313 0.046875
