0 0.127344 0.485938 0.054688 0.093750
0 0.218750 0.352344 0.021875 0.039062
0 0.264844 0.330469 0.023438 0.042188
0 0.294531 0.342969 0.023438 0.039062
0 0.331250 0.349219 0.025000 0.035938
0 0.285938 0.296094 0.021875 0.035938
0 0.353125 0.318750 0.018750 0.031250
0 0.357813 0.282813 0.015625 0.031250
0 0.381250 0.322656 0.018750 0.029688
0 0.398438 0.232813 0.015625 0.031250
0 0.407031 0.254688 0.017188 0.031250
0 0.405469 0.289062 0.017188 0.028125
0 0.404688 0.321094 0.021875 0.032813
0 0.435938 0.292187 0.018750 0.031250
0 0.445312 0.252344 0.012500 0.023438
0 0.441406 0.238281 0.010938 0.023438
0 0.463281 0.232813 0.014063 0.031250
0 0.458594 0.266406 0.014063 0.026563
0 0.470313 0.298438 0.018750 0.031250
0 0.449219 0.324219 0.023438 0.039062
0 0.492188 0.375000 0.021875 0.053125
0 0.481250 0.285938 0.018750 0.037500
0 0.512500 0.241406 0.012500 0.026563
0 0.526563 0.261719 0.015625 0.035938
0 0.541406 0.240625 0.017188 0.034375
0 0.551563 0.219531 0.012500 0.029688
0 0.566406 0.203125 0.017188 0.025000
0 0.593750 0.217188 0.009375 0.025000
0 0.603125 0.193750 0.012500 0.028125
0 0.617969 0.199219 0.010938 0.026563
0 0.576562 0.242969 0.015625 0.029688
0 0.571875 0.232031 0.012500 0.026563
0 0.591406 0.242969 0.014063 0.032813
0 0.553125 0.266406 0.018750 0.032813
0 0.529687 0.341406 0.021875 0.042188
0 0.503906 0.325781 0.023438 0.045313
0 0.595313 0.314844 0.025000 0.048438
0 0.624219 0.290625 0.023438 0.037500
0 0.634375 0.239844 0.018750 0.032813
0 0.655469 0.206250 0.010938 0.025000
0 0.663281 0.219531 0.010938 0.029688
0 0.674219 0.216406 0.014063 0.029688
0 0.667969 0.253125 0.014063 0.034375
0 0.645313 0.322656 0.021875 0.039062
0 0.539844 0.392188 0.026563 0.050000
0 0.579688 0.396094 0.021875 0.035938
0 0.580469 0.435156 0.029688 0.073438
0 0.637500 0.450000 0.034375 0.068750
0 0.651563 0.376563 0.028125 0.059375
0 0.694531 0.237500 0.017188 0.034375
0 0.725000 0.210938 0.012500 0.028125
0 0.726562 0.248438 0.015625 0.040625
0 0.716406 0.276562 0.017188 0.034375
0 0.687500 0.338281 0.021875 0.045313
0 0.670313 0.314844 0.021875 0.039062
0 0.731250 0.392969 0.025000 0.048438
0 0.707031 0.455469 0.035938 0.067187
0 0.759375 0.411719 0.028125 0.051563
0 0.753906 0.244531 0.014063 0.026563
0 0.766406 0.226562 0.014063 0.031250
0 0.767969 0.259375 0.014063 0.034375
0 0.753906 0.283594 0.020313 0.039062
0 0.794531 0.250000 0.017188 0.025000
0 0.826563 0.253906 0.018750 0.026563
0 0.854688 0.242969 0.012500 0.035938
0 0.845313 0.264063 0.012500 0.037500
0 0.862500 0.272656 0.015625 0.032813
0 0.850000 0.307031 0.015625 0.035938
0 0.802344 0.291406 0.014063 0.032813
0 0.827344 0.307031 0.017188 0.039062
0 0.871094 0.312500 0.020313 0.040625
0 0.922656 0.260156 0.014063 0.035938
0 0.917969 0.293750 0.014063 0.028125
0 0.905469 0.317188 0.020313 0.040625
0 0.922656 0.316406 0.014063 0.039062
0 0.911719 0.361719 0.020313 0.045313
0 0.894531 0.385938 0.017188 0.040625
0 0.861719 0.364063 0.017188 0.043750
0 0.850000 0.343750 0.021875 0.043750
0 0.830469 0.419531 0.026563 0.057813
0 0.893750 0.449219 0.025000 0.054688
0 0.796875 0.344531 0.018750 0.051563
0 0.796094 0.502344 0.029688 0.070312
