0 0.176563 0.485156 0.034375 0.060938
0 0.251563 0.260156 0.012500 0.026563
0 0.273438 0.274219 0.015625 0.029688
0 0.324219 0.275781 0.014063 0.029688
0 0.363281 0.250781 0.017188 0.032813
0 0.385938 0.257031 0.015625 0.032813
0 0.396875 0.296094 0.018750 0.045313
0 0.311719 0.230469 0.010938 0.017188
0 0.319531 0.240625 0.010938 0.021875
0 0.335156 0.226562 0.014063 0.028125
0 0.347656 0.232813 0.014063 0.031250
0 0.395313 0.217188 0.012500 0.031250
0 0.435938 0.230469 0.018750 0.035938
0 0.388281 0.197656 0.010938 0.026563
0 0.478125 0.247656 0.015625 0.029688
0 0.445312 0.192188 0.012500 0.021875
0 0.425781 0.193750 0.014063 0.028125
0 0.407031 0.185938 0.010938 0.028125
0 0.449219 0.162500 0.010938 0.018750
0 0.441406 0.173438 0.010938 0.021875
0 0.493750 0.211719 0.012500 0.023438
0 0.474219 0.196094 0.010938 0.026563
0 0.491406 0.188281 0.010938 0.020313
0 0.487500 0.164062 0.009375 0.021875
0 0.488281 0.134375 0.014063 0.025000
0 0.523438 0.213281 0.018750 0.029688
0 0.532813 0.172656 0.015625 0.032813
0 0.570312 0.169531 0.018750 0.032813
0 0.560156 0.150781 0.010938 0.023438
0 0.562500 0.128125 0.012500 0.028125
0 0.596875 0.147656 0.009375 0.023438
0 0.598438 0.123438 0.009375 0.021875
0 0.608594 0.140625 0.007812 0.021875
0 0.616406 0.121875 0.007812 0.025000
0 0.633594 0.142969 0.014063 0.026563
0 0.637500 0.121875 0.012500 0.025000
0 0.675000 0.120313 0.009375 0.025000
0 0.618750 0.152344 0.012500 0.023438
0 0.604688 0.204688 0.015625 0.034375
0 0.577344 0.221875 0.020313 0.043750
0 0.550000 0.307031 0.021875 0.042188
0 0.526563 0.291406 0.018750 0.045313
0 0.624219 0.245313 0.020313 0.046875
0 0.603125 0.342188 0.028125 0.050000
0 0.660938 0.221875 0.015625 0.037500
0 0.648438 0.190625 0.012500 0.028125
0 0.679688 0.244531 0.018750 0.042188
0 0.702344 0.236719 0.017188 0.042188
0 0.691406 0.192969 0.017188 0.032813
0 0.696875 0.150781 0.009375 0.023438
0 0.720313 0.286719 0.021875 0.039062
0 0.762500 0.227344 0.015625 0.045313
0 0.733594 0.203906 0.017188 0.032813
0 0.707813 0.144531 0.012500 0.029688
0 0.737500 0.166406 0.012500 0.032813
0 0.741406 0.143750 0.014063 0.028125
0 0.766406 0.138281 0.010938 0.026563
0 0.755469 0.130469 0.010938 0.029688
0 0.760156 0.168750 0.014063 0.031250
0 0.785938 0.162500 0.012500 0.028125
0 0.800000 0.160156 0.012500 0.029688
0 0.771875 0.207031 0.015625 0.035938
0 0.772656 0.309375 0.026563 0.053125
0 0.843750 0.317969 0.028125 0.060938
0 0.857813 0.236719 0.021875 0.042188
0 0.846094 0.193750 0.014063 0.025000
0 0.853906 0.171875 0.010938 0.028125
0 0.835156 0.159375 0.014063 0.025000
0 0.889844 0.178906 0.014063 0.032813
0 0.893750 0.156250 0.009375 0.021875
0 0.917188 0.270313 0.018750 0.046875
0 0.912500 0.233594 0.015625 0.032813
0 0.879688 0.204688 0.012500 0.025000
