0 0.030469 0.545312 0.054688 0.078125
0 0.049219 0.742969 0.092188 0.154688
0 0.244531 0.844531 0.167188 0.214063
0 0.171094 0.749219 0.067187 0.079688
0 0.475000 0.619531 0.040625 0.060938
0 0.497656 0.745313 0.042188 0.059375
0 0.548438 0.742969 0.040625 0.057813
0 0.605469 0.772656 0.051563 0.079688
0 0.695312 0.792188 0.068750 0.090625
0 0.714063 0.746094 0.040625 0.060938
0 0.840625 0.816406 0.090625 0.129688
0 0.825000 0.742188 0.046875 0.059375
0 0.873438 0.732813 0.046875 0.078125
0 0.933594 0.735938 0.054688 0.081250
