0 0.096875 0.528906 0.075000 0.123438
0 0.156250 0.427344 0.046875 0.082813
0 0.232813 0.452344 0.043750 0.085938
0 0.251563 0.408594 0.037500 0.079688
0 0.310156 0.427344 0.035938 0.051563
0 0.325000 0.396875 0.034375 0.056250
0 0.331250 0.532031 0.068750 0.126562
0 0.377344 0.411719 0.026563 0.051563
0 0.368750 0.385156 0.021875 0.048438
0 0.435938 0.306250 0.031250 0.056250
0 0.438281 0.381250 0.035938 0.056250
0 0.476562 0.408594 0.037500 0.070312
0 0.493750 0.386719 0.037500 0.067187
0 0.661719 0.379688 0.026563 0.059375
0 0.680469 0.404688 0.035938 0.071875
0 0.712500 0.440625 0.040625 0.078125
0 0.740625 0.382812 0.034375 0.059375
0 0.772656 0.400781 0.035938 0.064063
0 0.817188 0.385156 0.031250 0.054688
0 0.842188 0.464063 0.053125 0.093750
0 0.891406 0.381250 0.042188 0.071875
0 0.956250 0.587500 0.078125 0.134375
0 0.968750 0.465625 0.053125 0.090625
0 0.979688 0.403125 0.040625 0.075000
