0 0.085938 0.667969 0.084375 0.145313
0 0.110156 0.532813 0.073438 0.121875
0 0.071094 0.495313 0.064063 0.084375
0 0.220313 0.468750 0.043750 0.071875
0 0.278125 0.483594 0.046875 0.073438
0 0.326563 0.583594 0.071875 0.107813
0 0.350781 0.753125 0.082813 0.121875
0 0.456250 0.478906 0.050000 0.073438
0 0.485156 0.514844 0.051563 0.076563
0 0.567969 0.589063 0.064063 0.106250
0 0.705469 0.710156 0.098438 0.189063
0 0.647656 0.506250 0.051563 0.090625
0 0.751563 0.564844 0.065625 0.120313
0 0.830469 0.584375 0.070312 0.121875
0 0.851562 0.804688 0.109375 0.128125
0 0.785156 0.262500 0.057813 0.081250
