0 0.103906 0.804688 0.082813 0.112500
0 0.126562 0.735156 0.065625 0.079688
0 0.156250 0.665625 0.053125 0.084375
0 0.273438 0.616406 0.037500 0.048438
0 0.314844 0.684375 0.057813 0.068750
0 0.274219 0.748438 0.079688 0.115625
0 0.363281 0.768750 0.076563 0.115625
0 0.402344 0.798438 0.104688 0.137500
0 0.375000 0.625781 0.040625 0.048438
0 0.450781 0.679688 0.054688 0.075000
0 0.461719 0.750781 0.051563 0.089063
0 0.528125 0.739844 0.071875 0.104688
0 0.514844 0.674219 0.045313 0.064063
0 0.563281 0.685156 0.051563 0.067187
0 0.603125 0.857031 0.109375 0.173438
0 0.664844 0.710156 0.067187 0.104688
0 0.763281 0.913281 0.135938 0.173438
0 0.747656 0.639844 0.048438 0.079688
0 0.796094 0.671875 0.045313 0.062500
0 0.865625 0.678906 0.050000 0.067187
0 0.911719 0.676563 0.039062 0.071875
0 0.933594 0.638281 0.042188 0.064063
0 0.957031 0.705469 0.064063 0.095313
0 0.875781 0.505469 0.029688 0.042188
