0 0.067187 0.424219 0.096875 0.189063
0 0.258594 0.337500 0.070312 0.159375
0 0.342969 0.266406 0.039062 0.079688
0 0.369531 0.257031 0.032813 0.070312
0 0.414062 0.298438 0.043750 0.087500
0 0.451563 0.268750 0.037500 0.078125
0 0.506250 0.240625 0.031250 0.068750
0 0.444531 0.482813 0.114063 0.256250
0 0.613281 0.349219 0.064063 0.139063
0 0.582813 0.256250 0.034375 0.071875
0 0.600781 0.220313 0.029688 0.062500
0 0.635938 0.298438 0.040625 0.100000
0 0.650781 0.260156 0.042188 0.079688
0 0.672656 0.235938 0.026563 0.065625
0 0.762500 0.351562 0.090625 0.203125
0 0.759375 0.220313 0.037500 0.078125
0 0.771094 0.200781 0.029688 0.060938
0 0.807031 0.252344 0.042188 0.095313
0 0.879688 0.242188 0.059375 0.128125
0 0.939844 0.358594 0.079688 0.173438
