0 0.062500 0.252344 0.075000 0.132812
0 0.121875 0.203906 0.065625 0.104688
0 0.203906 0.285156 0.057813 0.098438
0 0.240625 0.516406 0.078125 0.135938
0 0.275000 0.245313 0.065625 0.115625
0 0.225781 0.165625 0.051563 0.093750
0 0.328125 0.175000 0.053125 0.084375
0 0.359375 0.286719 0.059375 0.101562
0 0.402344 0.225781 0.054688 0.101562
0 0.446875 0.152344 0.043750 0.107813
0 0.493750 0.189844 0.046875 0.085938
0 0.539062 0.232031 0.065625 0.101562
0 0.589844 0.206250 0.035938 0.093750
0 0.640625 0.235156 0.053125 0.098438
0 0.678125 0.171875 0.043750 0.084375
0 0.696875 0.260156 0.068750 0.120313
0 0.753125 0.196875 0.046875 0.093750
0 0.785938 0.246875 0.059375 0.103125
0 0.817188 0.164844 0.053125 0.095313
0 0.848438 0.230469 0.053125 0.107813
0 0.932031 0.246094 0.054688 0.104688
0 0.614063 0.502344 0.071875 0.142187
0 0.450000 0.496875 0.062500 0.128125
