0 0.196875 0.383594 0.046875 0.098438
0 0.328125 0.189844 0.012500 0.023438
0 0.332813 0.235938 0.015625 0.040625
0 0.357813 0.231250 0.018750 0.043750
0 0.378125 0.182813 0.018750 0.034375
0 0.395313 0.194531 0.018750 0.032813
0 0.409375 0.160156 0.015625 0.023438
0 0.434375 0.171875 0.012500 0.025000
0 0.445312 0.152344 0.012500 0.035938
0 0.447656 0.229688 0.020313 0.034375
0 0.476562 0.181250 0.015625 0.034375
0 0.475000 0.132812 0.012500 0.025000
0 0.492188 0.132031 0.012500 0.029688
0 0.505469 0.143750 0.014063 0.028125
0 0.502344 0.222656 0.017188 0.042188
0 0.531250 0.185156 0.015625 0.029688
0 0.548438 0.162500 0.018750 0.034375
0 0.551563 0.188281 0.015625 0.035938
0 0.571094 0.176563 0.017188 0.025000
0 0.571094 0.124219 0.014063 0.029688
0 0.580469 0.104688 0.014063 0.025000
0 0.612500 0.112500 0.012500 0.028125
0 0.630469 0.127344 0.014063 0.035938
0 0.650781 0.125781 0.010938 0.032813
0 0.662500 0.096094 0.009375 0.026563
0 0.685938 0.105469 0.012500 0.026563
0 0.704688 0.101562 0.009375 0.025000
0 0.717188 0.053125 0.012500 0.028125
0 0.580469 0.226562 0.023438 0.043750
0 0.592187 0.271875 0.025000 0.056250
0 0.622656 0.220313 0.017188 0.034375
0 0.615625 0.255469 0.018750 0.029688
0 0.658594 0.355469 0.023438 0.064063
0 0.671875 0.282031 0.021875 0.051563
0 0.665625 0.167969 0.015625 0.035938
0 0.703906 0.157813 0.014063 0.031250
0 0.727344 0.143750 0.014063 0.028125
0 0.739844 0.171094 0.014063 0.039062
0 0.758594 0.126562 0.014063 0.031250
0 0.791406 0.133594 0.010938 0.029688
0 0.805469 0.145313 0.014063 0.028125
0 0.750000 0.205469 0.015625 0.032813
0 0.712500 0.233594 0.021875 0.039062
0 0.767188 0.242188 0.018750 0.050000
0 0.798438 0.216406 0.018750 0.032813
0 0.746094 0.305469 0.026563 0.051563
0 0.762500 0.380469 0.031250 0.070312
0 0.782031 0.322656 0.026563 0.060938
0 0.821875 0.391406 0.025000 0.070312
0 0.841406 0.316406 0.026563 0.054688
0 0.872656 0.425781 0.039062 0.070312
0 0.903125 0.326563 0.021875 0.065625
0 0.809375 0.267188 0.021875 0.040625
0 0.863281 0.277344 0.017188 0.048438
0 0.879688 0.240625 0.015625 0.040625
0 0.918750 0.282031 0.021875 0.042188
0 0.930469 0.221094 0.014063 0.045313
0 0.505469 0.081250 0.010938 0.025000
0 0.520313 0.135156 0.009375 0.026563
