0 0.057031 0.695312 0.060938 0.096875
0 0.023438 0.724219 0.043750 0.095313
0 0.033594 0.647656 0.057813 0.073438
0 0.429688 0.643750 0.062500 0.090625
0 0.535156 0.442188 0.067187 0.096875
0 0.489844 0.690625 0.051563 0.093750
0 0.528906 0.712500 0.064063 0.090625
0 0.573438 0.754688 0.087500 0.115625
0 0.641406 0.688281 0.064063 0.095313
0 0.589844 0.656250 0.057813 0.081250
0 0.737500 0.790625 0.118750 0.159375
0 0.766406 0.688281 0.064063 0.107813
0 0.839063 0.756250 0.084375 0.153125
0 0.939844 0.650781 0.057813 0.092188
0 0.957031 0.896094 0.089063 0.192188
