0 0.064844 0.533594 0.060938 0.110938
0 0.258594 0.285156 0.014063 0.023438
0 0.283594 0.275781 0.017188 0.029688
0 0.304688 0.254688 0.015625 0.034375
0 0.315625 0.239844 0.015625 0.029688
0 0.328906 0.263281 0.014063 0.032813
0 0.346094 0.285156 0.023438 0.048438
0 0.345313 0.221094 0.018750 0.039062
0 0.357031 0.234375 0.014063 0.028125
0 0.378125 0.223438 0.018750 0.034375
0 0.391406 0.194531 0.017188 0.029688
0 0.424219 0.217188 0.017188 0.028125
0 0.438281 0.269531 0.023438 0.042188
0 0.478125 0.244531 0.021875 0.042188
0 0.471094 0.192969 0.014063 0.029688
0 0.492969 0.199219 0.014063 0.029688
0 0.450781 0.226562 0.017188 0.037500
0 0.414062 0.166406 0.015625 0.029688
0 0.435938 0.167188 0.015625 0.031250
0 0.457813 0.165625 0.015625 0.025000
0 0.456250 0.137500 0.009375 0.021875
0 0.484375 0.160938 0.012500 0.025000
0 0.481250 0.142969 0.009375 0.020313
0 0.497656 0.131250 0.014063 0.021875
0 0.521875 0.160938 0.015625 0.028125
0 0.533594 0.134375 0.014063 0.028125
0 0.547656 0.192969 0.017188 0.035938
0 0.553906 0.152344 0.017188 0.032813
0 0.565625 0.110156 0.012500 0.026563
0 0.592187 0.149219 0.018750 0.045313
0 0.601562 0.117969 0.012500 0.017188
0 0.598438 0.096875 0.012500 0.021875
0 0.617188 0.111719 0.012500 0.023438
0 0.628125 0.140625 0.015625 0.028125
0 0.630469 0.099219 0.014063 0.023438
0 0.647656 0.102344 0.010938 0.023438
0 0.646094 0.124219 0.014063 0.026563
0 0.672656 0.125781 0.014063 0.026563
0 0.696094 0.102344 0.017188 0.032813
0 0.492969 0.294531 0.023438 0.045313
0 0.564844 0.294531 0.023438 0.051563
0 0.573438 0.241406 0.018750 0.039062
0 0.600000 0.257031 0.021875 0.045313
0 0.616406 0.204688 0.017188 0.037500
0 0.657813 0.173438 0.015625 0.034375
0 0.668750 0.206250 0.018750 0.043750
0 0.667969 0.250000 0.023438 0.053125
0 0.675781 0.335938 0.029688 0.059375
0 0.612500 0.328906 0.025000 0.054688
0 0.717969 0.294531 0.029688 0.054688
0 0.706250 0.215625 0.021875 0.046875
0 0.689844 0.185938 0.017188 0.040625
0 0.691406 0.150781 0.017188 0.029688
0 0.716406 0.133594 0.017188 0.029688
0 0.743750 0.180469 0.018750 0.048438
0 0.753125 0.136719 0.015625 0.032813
0 0.760156 0.109375 0.014063 0.028125
0 0.797656 0.137500 0.017188 0.034375
0 0.806250 0.117969 0.018750 0.029688
0 0.766406 0.139844 0.010938 0.026563
0 0.778906 0.217969 0.023438 0.048438
0 0.789062 0.290625 0.031250 0.065625
0 0.810156 0.176563 0.017188 0.037500
0 0.824219 0.168750 0.014063 0.031250
0 0.824219 0.138281 0.014063 0.029688
0 0.841406 0.137500 0.014063 0.034375
0 0.858594 0.152344 0.014063 0.029688
0 0.875781 0.157031 0.014063 0.029688
0 0.882812 0.126562 0.012500 0.034375
0 0.912500 0.130469 0.012500 0.029688
0 0.940625 0.159375 0.015625 0.034375
0 0.942969 0.144531 0.010938 0.026563
0 0.932031 0.203125 0.017188 0.043750
0 0.934375 0.268750 0.021875 0.053125
0 0.877344 0.214844 0.023438 0.048438
0 0.864063 0.188281 0.018750 0.029688
0 0.889844 0.194531 0.017188 0.035938
0 0.902344 0.178906 0.014063 0.032813
