0 0.064844 0.415625 0.042188 0.090625
0 0.100000 0.404688 0.043750 0.090625
0 0.196094 0.270313 0.023438 0.046875
0 0.318750 0.207031 0.025000 0.045313
0 0.354688 0.229688 0.021875 0.046875
0 0.378125 0.217188 0.028125 0.059375
0 0.394531 0.193750 0.017188 0.034375
0 0.517969 0.071875 0.014063 0.034375
0 0.557813 0.064844 0.012500 0.029688
0 0.555469 0.210156 0.029688 0.060938
0 0.614063 0.285938 0.028125 0.065625
0 0.578906 0.145313 0.023438 0.053125
0 0.613281 0.179688 0.029688 0.056250
0 0.617969 0.127344 0.023438 0.048438
0 0.651563 0.136719 0.025000 0.060938
0 0.647656 0.192969 0.026563 0.064063
0 0.698438 0.186719 0.025000 0.035938
