0 0.196094 0.464844 0.048438 0.107813
0 0.255469 0.435938 0.045313 0.103125
0 0.318750 0.283594 0.021875 0.045313
0 0.373438 0.259375 0.018750 0.043750
0 0.417969 0.239063 0.020313 0.037500
0 0.432031 0.278125 0.023438 0.037500
0 0.448438 0.231250 0.021875 0.043750
0 0.455469 0.192969 0.017188 0.042188
0 0.479688 0.200000 0.018750 0.040625
0 0.463281 0.091406 0.017188 0.029688
0 0.467969 0.156250 0.017188 0.031250
0 0.478906 0.157813 0.014063 0.031250
0 0.528125 0.162500 0.018750 0.031250
0 0.538281 0.142187 0.017188 0.034375
0 0.556250 0.155469 0.018750 0.035938
0 0.582813 0.156250 0.018750 0.040625
0 0.542969 0.203125 0.017188 0.034375
0 0.482813 0.328906 0.031250 0.060938
0 0.662500 0.262500 0.028125 0.053125
0 0.723438 0.285938 0.028125 0.062500
0 0.698438 0.155469 0.021875 0.042188
0 0.727344 0.132031 0.017188 0.032813
0 0.735156 0.157813 0.017188 0.034375
0 0.751563 0.128125 0.015625 0.037500
0 0.768750 0.166406 0.021875 0.045313
0 0.785938 0.270313 0.028125 0.056250
0 0.808594 0.192969 0.023438 0.042188
0 0.876563 0.217969 0.021875 0.045313
0 0.822656 0.133594 0.014063 0.032813
