0 0.105469 0.314844 0.023438 0.039062
0 0.205469 0.401563 0.035938 0.068750
0 0.276562 0.242188 0.015625 0.028125
0 0.316406 0.235938 0.017188 0.034375
0 0.300781 0.252344 0.020313 0.048438
0 0.348438 0.217969 0.015625 0.026563
0 0.367188 0.202344 0.018750 0.032813
0 0.385938 0.207813 0.018750 0.034375
0 0.367969 0.262500 0.020313 0.037500
0 0.389063 0.263281 0.018750 0.035938
0 0.415625 0.194531 0.018750 0.032813
0 0.461719 0.173438 0.020313 0.034375
0 0.453125 0.192188 0.018750 0.028125
0 0.440625 0.242188 0.018750 0.034375
0 0.474219 0.240625 0.023438 0.040625
0 0.510938 0.195312 0.021875 0.043750
0 0.574219 0.129688 0.014063 0.028125
0 0.545312 0.168750 0.021875 0.034375
0 0.538281 0.213281 0.020313 0.035938
0 0.603906 0.128125 0.017188 0.025000
0 0.500000 0.310938 0.021875 0.050000
0 0.550781 0.321094 0.029688 0.054688
0 0.622656 0.333594 0.026563 0.048438
0 0.602344 0.175000 0.026563 0.043750
0 0.591406 0.225000 0.020313 0.046875
0 0.617188 0.272656 0.025000 0.057813
0 0.625000 0.224219 0.021875 0.045313
0 0.654688 0.128125 0.015625 0.028125
0 0.621094 0.128906 0.020313 0.029688
0 0.632031 0.163281 0.020313 0.042188
0 0.697656 0.153125 0.020313 0.034375
0 0.703906 0.197656 0.023438 0.048438
0 0.679688 0.225000 0.025000 0.046875
0 0.681250 0.263281 0.025000 0.045313
0 0.682813 0.195312 0.021875 0.037500
0 0.722656 0.150781 0.020313 0.035938
0 0.732031 0.180469 0.020313 0.042188
0 0.785938 0.136719 0.015625 0.039062
0 0.749219 0.143750 0.017188 0.040625
0 0.753125 0.200000 0.018750 0.034375
0 0.778125 0.178125 0.018750 0.034375
0 0.725000 0.288281 0.025000 0.054688
0 0.719531 0.231250 0.026563 0.043750
0 0.778906 0.258594 0.023438 0.045313
0 0.848438 0.344531 0.025000 0.054688
0 0.783594 0.228906 0.023438 0.035938
0 0.796875 0.206250 0.021875 0.043750
0 0.801563 0.162500 0.018750 0.046875
0 0.837500 0.140625 0.015625 0.034375
0 0.816406 0.185938 0.017188 0.031250
0 0.873438 0.173438 0.018750 0.028125
0 0.850000 0.203906 0.021875 0.035938
0 0.873438 0.260937 0.021875 0.050000
0 0.911719 0.156250 0.014063 0.028125
0 0.900781 0.203906 0.010938 0.032813
0 0.904688 0.178125 0.018750 0.021875
0 0.938281 0.237500 0.017188 0.043750
0 0.932813 0.286719 0.018750 0.039062
0 0.567969 0.161719 0.017188 0.035938
0 0.589844 0.159375 0.029688 0.031250
0 0.504688 0.162500 0.021875 0.034375
0 0.478906 0.200000 0.026563 0.037500
