0 0.107813 0.548438 0.037500 0.050000
0 0.117188 0.592187 0.040625 0.062500
0 0.168750 0.657813 0.075000 0.109375
0 0.277344 0.566406 0.039062 0.054688
0 0.257031 0.557813 0.029688 0.056250
0 0.325000 0.610938 0.046875 0.071875
0 0.384375 0.635156 0.053125 0.082813
0 0.450781 0.676563 0.067187 0.109375
0 0.407031 0.548438 0.029688 0.056250
0 0.429688 0.563281 0.031250 0.051563
0 0.469531 0.552344 0.032813 0.060938
0 0.521094 0.553125 0.026563 0.056250
0 0.541406 0.485156 0.026563 0.045313
0 0.547656 0.551563 0.026563 0.050000
0 0.573438 0.585156 0.040625 0.070312
0 0.620313 0.553125 0.028125 0.056250
0 0.663281 0.588281 0.039062 0.076563
0 0.657813 0.539062 0.021875 0.043750
0 0.692188 0.554688 0.031250 0.056250
0 0.729688 0.524219 0.034375 0.057813
0 0.730469 0.613281 0.057813 0.098438
0 0.746094 0.585938 0.035938 0.075000
0 0.785938 0.545312 0.025000 0.050000
0 0.819531 0.587500 0.039062 0.075000
0 0.825781 0.545312 0.026563 0.050000
0 0.843750 0.529687 0.025000 0.043750
0 0.891406 0.617969 0.042188 0.070312
0 0.878906 0.576562 0.026563 0.050000
0 0.889063 0.542188 0.021875 0.040625
0 0.907813 0.521094 0.018750 0.035938
0 0.947656 0.571875 0.039062 0.068750
0 0.957813 0.537500 0.021875 0.050000
0 0.983594 0.570312 0.026563 0.056250
