0 0.220313 0.401563 0.046875 0.075000
0 0.254688 0.268750 0.015625 0.031250
0 0.279688 0.272656 0.018750 0.039062
0 0.312500 0.276562 0.015625 0.031250
0 0.334375 0.290625 0.021875 0.034375
0 0.385156 0.294531 0.023438 0.045313
0 0.370313 0.267969 0.018750 0.039062
0 0.328906 0.224219 0.014063 0.032813
0 0.307031 0.219531 0.017188 0.032813
0 0.389063 0.189844 0.018750 0.039062
0 0.402344 0.165625 0.017188 0.025000
0 0.407031 0.194531 0.014063 0.029688
0 0.410938 0.228906 0.018750 0.039062
0 0.429688 0.243750 0.021875 0.043750
0 0.456250 0.238281 0.025000 0.039062
0 0.422656 0.175781 0.017188 0.023438
0 0.453125 0.171094 0.015625 0.026563
0 0.444531 0.151563 0.010938 0.021875
0 0.462500 0.153906 0.015625 0.023438
0 0.486719 0.210938 0.017188 0.031250
0 0.454688 0.201563 0.015625 0.025000
0 0.496094 0.126562 0.014063 0.018750
0 0.529687 0.195312 0.018750 0.037500
0 0.514062 0.185938 0.015625 0.031250
0 0.512500 0.153125 0.015625 0.025000
0 0.524219 0.132812 0.014063 0.025000
0 0.553906 0.171094 0.020313 0.039062
0 0.566406 0.151563 0.017188 0.037500
0 0.593750 0.158594 0.012500 0.032813
0 0.579688 0.113281 0.012500 0.029688
0 0.596875 0.107813 0.012500 0.031250
0 0.603125 0.136719 0.009375 0.026563
0 0.610156 0.130469 0.010938 0.023438
0 0.639063 0.116406 0.012500 0.029688
0 0.670313 0.121094 0.015625 0.032813
0 0.502344 0.309375 0.032813 0.056250
0 0.539844 0.311719 0.032813 0.057813
0 0.542969 0.263281 0.029688 0.045313
0 0.591406 0.264063 0.023438 0.056250
0 0.617969 0.213281 0.023438 0.054688
0 0.650781 0.216406 0.023438 0.042188
0 0.641406 0.260156 0.023438 0.054688
0 0.671094 0.326563 0.032813 0.065625
0 0.707813 0.292187 0.031250 0.059375
0 0.692188 0.235156 0.025000 0.048438
0 0.728906 0.367188 0.035938 0.078125
0 0.678906 0.167969 0.020313 0.039062
0 0.716406 0.171094 0.020313 0.039062
0 0.735938 0.158594 0.015625 0.039062
0 0.756250 0.171094 0.018750 0.039062
0 0.757812 0.142969 0.015625 0.032813
0 0.792188 0.148438 0.015625 0.034375
0 0.809375 0.163281 0.018750 0.035938
0 0.800781 0.178906 0.014063 0.039062
0 0.788281 0.198438 0.017188 0.040625
0 0.749219 0.244531 0.023438 0.048438
0 0.732813 0.207813 0.018750 0.037500
0 0.769531 0.300781 0.032813 0.054688
0 0.813281 0.251563 0.023438 0.050000
0 0.828125 0.205469 0.018750 0.039062
0 0.839063 0.189063 0.018750 0.040625
0 0.829688 0.144531 0.015625 0.039062
0 0.859375 0.160156 0.015625 0.032813
0 0.875000 0.213281 0.018750 0.048438
0 0.850000 0.257812 0.025000 0.046875
0 0.897656 0.258594 0.023438 0.054688
0 0.843750 0.332031 0.028125 0.054688
