0 0.053906 0.906250 0.085938 0.159375
0 0.068750 0.835156 0.056250 0.098438
0 0.117188 0.861719 0.056250 0.110938
0 0.189063 0.822656 0.053125 0.089063
0 0.259375 0.922656 0.084375 0.145313
0 0.255469 0.860156 0.060938 0.095313
0 0.339063 0.821875 0.056250 0.078125
0 0.366406 0.942969 0.126562 0.117188
0 0.394531 0.885938 0.092188 0.128125
0 0.472656 0.857813 0.064063 0.096875
0 0.554688 0.914844 0.090625 0.142187
0 0.606250 0.842969 0.046875 0.070312
0 0.639844 0.901563 0.070312 0.096875
0 0.685156 0.884375 0.070312 0.118750
0 0.802344 0.642969 0.051563 0.067187
