0 0.042188 0.357813 0.053125 0.084375
0 0.066406 0.287500 0.048438 0.078125
0 0.150781 0.291406 0.045313 0.064063
0 0.204688 0.251563 0.037500 0.053125
0 0.133594 0.227344 0.035938 0.064063
0 0.044531 0.762500 0.079688 0.165625
0 0.197656 0.479688 0.070312 0.118750
0 0.325000 0.359375 0.046875 0.071875
0 0.367188 0.463281 0.071875 0.126562
0 0.292187 0.725781 0.106250 0.182813
0 0.414062 0.356250 0.046875 0.081250
0 0.365625 0.264844 0.040625 0.067187
0 0.384375 0.239844 0.031250 0.051563
0 0.454688 0.264844 0.040625 0.067187
0 0.478125 0.225781 0.037500 0.060938
0 0.628125 0.239844 0.031250 0.064063
0 0.632031 0.115625 0.023438 0.040625
0 0.645313 0.280469 0.034375 0.070312
0 0.672656 0.336719 0.048438 0.092188
0 0.705469 0.236719 0.032813 0.060938
0 0.732031 0.280469 0.039062 0.067187
0 0.789062 0.345313 0.056250 0.093750
0 0.714063 0.473438 0.068750 0.115625
0 0.755469 0.664844 0.101562 0.189063
0 0.874219 0.446875 0.067187 0.128125
0 0.980469 0.280469 0.039062 0.057813
0 0.959375 0.229688 0.037500 0.059375
0 0.905469 0.234375 0.039062 0.071875
