0 0.318750 0.234375 0.015625 0.034375
0 0.351562 0.219531 0.021875 0.039062
0 0.357031 0.261719 0.026563 0.045313
0 0.416406 0.273438 0.023438 0.050000
0 0.409375 0.207031 0.018750 0.035938
0 0.448438 0.254688 0.025000 0.037500
0 0.479688 0.163281 0.015625 0.029688
0 0.494531 0.210156 0.020313 0.039062
0 0.535156 0.207031 0.017188 0.039062
0 0.529687 0.155469 0.021875 0.035938
0 0.568750 0.148438 0.018750 0.034375
0 0.573438 0.183594 0.018750 0.039062
0 0.598438 0.164844 0.025000 0.045313
0 0.575000 0.294531 0.031250 0.054688
0 0.617188 0.259375 0.025000 0.062500
0 0.668750 0.317188 0.031250 0.068750
0 0.664062 0.263281 0.025000 0.048438
0 0.664062 0.225781 0.021875 0.039062
0 0.675000 0.176563 0.018750 0.034375
0 0.716406 0.232031 0.023438 0.048438
0 0.736719 0.259375 0.026563 0.053125
0 0.772656 0.235938 0.026563 0.053125
0 0.741406 0.171875 0.020313 0.037500
0 0.768750 0.175781 0.021875 0.039062
0 0.777344 0.134375 0.020313 0.028125
0 0.790625 0.202344 0.021875 0.042188
0 0.816406 0.285156 0.029688 0.054688
0 0.829688 0.244531 0.025000 0.048438
0 0.840625 0.227344 0.025000 0.039062
0 0.823438 0.183594 0.018750 0.035938
0 0.820312 0.150000 0.012500 0.025000
0 0.866406 0.190625 0.020313 0.040625
0 0.888281 0.250000 0.023438 0.050000
0 0.896875 0.228125 0.021875 0.037500
0 0.892188 0.200000 0.015625 0.031250
0 0.896094 0.133594 0.017188 0.039062
0 0.957813 0.110938 0.015625 0.034375
