0 0.100000 0.342969 0.100000 0.164062
0 0.171875 0.284375 0.050000 0.093750
0 0.213281 0.265625 0.039062 0.078125
0 0.287500 0.326563 0.059375 0.103125
0 0.285156 0.277344 0.042188 0.064063
0 0.314844 0.270313 0.039062 0.071875
0 0.411719 0.305469 0.060938 0.089063
0 0.429688 0.260937 0.043750 0.062500
0 0.506250 0.324219 0.075000 0.123438
0 0.519531 0.256250 0.039062 0.068750
0 0.550000 0.272656 0.043750 0.076563
0 0.392969 0.464844 0.145313 0.217188
0 0.661719 0.319531 0.073438 0.110938
0 0.696875 0.289062 0.037500 0.093750
0 0.664062 0.260937 0.040625 0.065625
0 0.728906 0.263281 0.039062 0.067187
0 0.788281 0.278906 0.051563 0.089063
0 0.789062 0.226562 0.040625 0.056250
0 0.843750 0.251563 0.043750 0.078125
0 0.926563 0.364063 0.087500 0.125000
0 0.889063 0.293750 0.053125 0.087500
0 0.902344 0.256250 0.045313 0.075000
