0 0.110156 0.477344 0.085938 0.117188
0 0.212500 0.519531 0.103125 0.154688
0 0.141406 0.370313 0.070312 0.096875
0 0.224219 0.358594 0.042188 0.073438
0 0.259375 0.382812 0.053125 0.087500
0 0.323438 0.336719 0.043750 0.076563
0 0.420313 0.431250 0.056250 0.109375
0 0.415625 0.357813 0.031250 0.056250
0 0.459375 0.358594 0.040625 0.073438
0 0.528906 0.401563 0.051563 0.096875
0 0.506250 0.347656 0.031250 0.064063
0 0.560156 0.324219 0.035938 0.070312
0 0.562500 0.218750 0.031250 0.059375
0 0.638281 0.361719 0.045313 0.073438
0 0.672656 0.437500 0.048438 0.090625
0 0.701563 0.606250 0.100000 0.140625
0 0.875781 0.222656 0.060938 0.114063
