0 0.180469 0.415625 0.045313 0.075000
0 0.278906 0.254688 0.014063 0.028125
0 0.297656 0.253125 0.014063 0.028125
0 0.315625 0.257812 0.015625 0.031250
0 0.374219 0.293750 0.020313 0.034375
0 0.360156 0.236719 0.017188 0.032813
0 0.383594 0.189063 0.014063 0.028125
0 0.407813 0.196875 0.015625 0.028125
0 0.396094 0.230469 0.014063 0.032813
0 0.431250 0.243750 0.018750 0.037500
0 0.421094 0.185938 0.010938 0.025000
0 0.445312 0.196094 0.015625 0.026563
0 0.453125 0.160938 0.009375 0.018750
0 0.468750 0.203125 0.018750 0.028125
0 0.467188 0.244531 0.025000 0.045313
0 0.523438 0.213281 0.018750 0.035938
0 0.507031 0.193750 0.014063 0.028125
0 0.521094 0.171094 0.010938 0.026563
0 0.510156 0.133594 0.010938 0.023438
0 0.538281 0.139844 0.014063 0.026563
0 0.555469 0.135156 0.010938 0.023438
0 0.567188 0.141406 0.009375 0.026563
0 0.585156 0.145313 0.014063 0.021875
0 0.467969 0.172656 0.014063 0.023438
0 0.480469 0.174219 0.014063 0.023438
0 0.433594 0.169531 0.010938 0.023438
0 0.414844 0.174219 0.014063 0.026563
0 0.496094 0.300000 0.020313 0.046875
0 0.538281 0.342969 0.029688 0.054688
0 0.602344 0.348438 0.029688 0.050000
0 0.695312 0.337500 0.034375 0.062500
0 0.585156 0.247656 0.023438 0.045313
0 0.607813 0.272656 0.018750 0.048438
0 0.585156 0.177344 0.014063 0.029688
0 0.539062 0.190625 0.015625 0.028125
0 0.588281 0.122656 0.010938 0.023438
0 0.594531 0.104688 0.010938 0.021875
0 0.611719 0.153906 0.014063 0.026563
0 0.630469 0.118750 0.010938 0.021875
0 0.622656 0.107031 0.014063 0.020313
0 0.643750 0.144531 0.009375 0.023438
0 0.664062 0.117188 0.012500 0.031250
0 0.694531 0.115625 0.014063 0.028125
0 0.650000 0.181250 0.018750 0.037500
0 0.632812 0.217188 0.015625 0.037500
0 0.677344 0.217188 0.014063 0.037500
0 0.696875 0.182031 0.015625 0.035938
0 0.683594 0.172656 0.014063 0.029688
0 0.734375 0.125000 0.012500 0.028125
0 0.743750 0.150000 0.015625 0.031250
0 0.732031 0.179688 0.010938 0.028125
0 0.727344 0.203125 0.017188 0.040625
0 0.728906 0.253906 0.026563 0.045313
0 0.769531 0.219531 0.017188 0.045313
0 0.748438 0.327344 0.028125 0.057813
0 0.771875 0.307813 0.018750 0.053125
0 0.764063 0.133594 0.012500 0.026563
0 0.783594 0.144531 0.017188 0.035938
0 0.810938 0.156250 0.012500 0.031250
0 0.833594 0.153906 0.010938 0.026563
0 0.834375 0.132031 0.009375 0.020313
0 0.872656 0.135156 0.010938 0.029688
0 0.856250 0.171875 0.012500 0.034375
0 0.824219 0.217188 0.017188 0.037500
0 0.778125 0.189844 0.015625 0.029688
0 0.807813 0.250781 0.021875 0.045313
0 0.836719 0.314844 0.023438 0.045313
0 0.796094 0.399219 0.026563 0.070312
0 0.885156 0.385156 0.029688 0.057813
0 0.896094 0.317969 0.023438 0.057813
0 0.913281 0.272656 0.020313 0.048438
0 0.921875 0.226562 0.015625 0.037500
0 0.856250 0.259375 0.018750 0.040625
0 0.877344 0.215625 0.014063 0.037500
0 0.885938 0.175781 0.012500 0.029688
0 0.895313 0.167188 0.015625 0.031250
0 0.928125 0.166406 0.012500 0.020313
