0 0.042188 0.329688 0.043750 0.081250
0 0.133594 0.384375 0.048438 0.093750
0 0.136719 0.321875 0.045313 0.065625
0 0.392969 0.786719 0.132812 0.276562
0 0.391406 0.601562 0.107813 0.171875
0 0.380469 0.498438 0.095313 0.150000
0 0.507031 0.302344 0.070312 0.179688
0 0.587500 0.342188 0.040625 0.106250
0 0.610156 0.382031 0.042188 0.098438
0 0.661719 0.375781 0.057813 0.126562
0 0.707031 0.310156 0.039062 0.082813
0 0.737500 0.528906 0.093750 0.179688
0 0.850000 0.609375 0.100000 0.221875
0 0.948438 0.751563 0.103125 0.318750
0 0.827344 0.463281 0.057813 0.120313
0 0.775781 0.325000 0.048438 0.090625
