0 0.037500 0.380469 0.028125 0.051563
0 0.274219 0.284375 0.017188 0.031250
0 0.320312 0.255469 0.015625 0.029688
0 0.339063 0.289844 0.018750 0.032813
0 0.367969 0.217969 0.014063 0.032813
0 0.388281 0.218750 0.014063 0.034375
0 0.428906 0.271875 0.020313 0.040625
0 0.403906 0.174219 0.010938 0.023438
0 0.450781 0.148438 0.010938 0.028125
0 0.479688 0.228906 0.015625 0.032813
0 0.484375 0.301563 0.021875 0.050000
0 0.557813 0.295313 0.021875 0.040625
0 0.600000 0.339063 0.025000 0.059375
0 0.670313 0.359375 0.025000 0.059375
0 0.610938 0.251563 0.021875 0.043750
0 0.620313 0.194531 0.021875 0.029688
0 0.610938 0.149219 0.015625 0.023438
0 0.571094 0.167969 0.010938 0.032813
0 0.506250 0.197656 0.012500 0.029688
0 0.527344 0.201563 0.017188 0.028125
0 0.476562 0.167969 0.015625 0.023438
0 0.488281 0.132812 0.014063 0.021875
0 0.421875 0.222656 0.012500 0.020313
0 0.441406 0.229688 0.017188 0.034375
0 0.528125 0.144531 0.012500 0.032813
0 0.559375 0.118750 0.009375 0.018750
0 0.657813 0.275000 0.025000 0.043750
0 0.710938 0.299219 0.021875 0.048438
0 0.774219 0.304688 0.023438 0.056250
0 0.747656 0.225000 0.020313 0.040625
0 0.810156 0.237500 0.017188 0.043750
0 0.860938 0.217188 0.015625 0.034375
0 0.916406 0.289062 0.017188 0.050000
0 0.919531 0.194531 0.017188 0.029688
0 0.932813 0.177344 0.012500 0.023438
0 0.884375 0.135938 0.015625 0.028125
0 0.863281 0.130469 0.017188 0.020313
0 0.864063 0.155469 0.015625 0.026563
0 0.880469 0.192188 0.014063 0.034375
0 0.845313 0.161719 0.018750 0.029688
0 0.801563 0.181250 0.012500 0.040625
0 0.757812 0.168750 0.018750 0.028125
0 0.736719 0.188281 0.026563 0.029688
0 0.693750 0.229688 0.018750 0.046875
0 0.658594 0.215625 0.026563 0.037500
0 0.680469 0.148438 0.017188 0.028125
0 0.697656 0.183594 0.017188 0.032813
0 0.736719 0.147656 0.014063 0.023438
0 0.760156 0.131250 0.014063 0.021875
0 0.776563 0.125781 0.012500 0.026563
0 0.794531 0.134375 0.010938 0.028125
0 0.746094 0.121094 0.010938 0.020313
0 0.724219 0.135156 0.014063 0.029688
0 0.687500 0.107031 0.012500 0.029688
0 0.646875 0.107813 0.015625 0.028125
0 0.585938 0.102344 0.009375 0.014063
0 0.815625 0.171094 0.009375 0.029688
0 0.830469 0.145313 0.010938 0.031250
0 0.548438 0.155469 0.018750 0.039062
0 0.703125 0.150781 0.012500 0.029688
