0 0.127344 0.630469 0.026563 0.070312
0 0.076563 0.539844 0.021875 0.057813
0 0.075781 0.448438 0.017188 0.056250
0 0.195312 0.463281 0.018750 0.067187
0 0.235938 0.389063 0.015625 0.050000
0 0.243750 0.314844 0.018750 0.039062
0 0.171875 0.276562 0.015625 0.037500
0 0.180469 0.187500 0.014063 0.034375
0 0.164062 0.189844 0.012500 0.029688
0 0.114063 0.212500 0.015625 0.037500
0 0.038281 0.196875 0.014063 0.028125
0 0.042969 0.258594 0.014063 0.042188
0 0.199219 0.130469 0.010938 0.032813
0 0.225000 0.143750 0.012500 0.028125
0 0.246875 0.118750 0.012500 0.037500
0 0.300781 0.145313 0.010938 0.028125
0 0.301563 0.171094 0.015625 0.039062
0 0.289844 0.206250 0.014063 0.040625
0 0.317188 0.245313 0.015625 0.037500
0 0.359375 0.216406 0.015625 0.042188
0 0.377344 0.180469 0.014063 0.039062
0 0.416406 0.171094 0.014063 0.039062
0 0.361719 0.086719 0.010938 0.032813
0 0.405469 0.092188 0.010938 0.028125
0 0.435938 0.096094 0.012500 0.023438
0 0.459375 0.143750 0.012500 0.028125
0 0.468750 0.134375 0.012500 0.028125
0 0.483594 0.077344 0.010938 0.029688
0 0.503125 0.042969 0.012500 0.029688
0 0.527344 0.080469 0.010938 0.023438
0 0.503906 0.179688 0.014063 0.037500
0 0.495313 0.230469 0.012500 0.042188
0 0.481250 0.305469 0.018750 0.039062
0 0.549219 0.179688 0.014063 0.028125
0 0.575000 0.206250 0.015625 0.034375
0 0.563281 0.322656 0.017188 0.048438
0 0.528906 0.485156 0.026563 0.054688
0 0.689844 0.353125 0.020313 0.046875
0 0.715625 0.285938 0.015625 0.037500
0 0.634375 0.255469 0.015625 0.029688
0 0.650781 0.151563 0.010938 0.028125
0 0.581250 0.150781 0.012500 0.023438
0 0.600000 0.146094 0.012500 0.026563
0 0.624219 0.115625 0.010938 0.028125
0 0.592187 0.096875 0.009375 0.021875
0 0.706250 0.230469 0.012500 0.032813
0 0.716406 0.217969 0.010938 0.032813
0 0.734375 0.217969 0.012500 0.029688
0 0.778906 0.214844 0.014063 0.032813
0 0.819531 0.242188 0.014063 0.037500
0 0.778125 0.372656 0.021875 0.057813
0 0.860156 0.285156 0.014063 0.032813
0 0.931250 0.383594 0.015625 0.039062
