0 0.029688 0.591406 0.050000 0.085938
0 0.064844 0.563281 0.051563 0.076563
0 0.182813 0.602344 0.084375 0.101562
0 0.219531 0.539062 0.057813 0.071875
0 0.161719 0.542188 0.060938 0.068750
0 0.299219 0.548438 0.051563 0.065625
0 0.336719 0.583594 0.057813 0.082813
0 0.398438 0.585156 0.100000 0.145313
0 0.432031 0.550000 0.045313 0.068750
0 0.515625 0.569531 0.053125 0.070312
0 0.563281 0.468750 0.045313 0.059375
0 0.619531 0.663281 0.154688 0.157813
0 0.692188 0.571875 0.062500 0.068750
0 0.715625 0.552344 0.059375 0.082813
0 0.833594 0.532813 0.057813 0.075000
0 0.889844 0.538281 0.051563 0.073438
0 0.942188 0.570312 0.081250 0.109375
0 0.899219 0.487500 0.054688 0.065625
0 0.977344 0.484375 0.035938 0.053125
