1 0.753125 0.457813 0.046875 0.078125
1 0.786719 0.489844 0.010938 0.029688
1 0.818750 0.486719 0.009375 0.017188
1 0.864063 0.489844 0.009375 0.014063
1 0.651563 0.471094 0.046875 0.085938
1 0.571094 0.484375 0.045313 0.084375
1 0.523438 0.464844 0.037500 0.060938
1 0.412500 0.458594 0.043750 0.057813
1 0.535156 0.342188 0.004688 0.009375
1 0.477344 0.379688 0.004688 0.009375
1 0.303906 0.460156 0.042188 0.064063
1 0.232813 0.387500 0.003125 0.006250
1 0.228125 0.384375 0.003125 0.006250
1 0.221094 0.382812 0.004688 0.006250
1 0.969531 0.592969 0.029688 0.054688
