0 0.149219 0.552344 0.035938 0.064063
0 0.217969 0.349219 0.017188 0.035938
0 0.257031 0.349219 0.020313 0.035938
0 0.283594 0.307813 0.017188 0.028125
0 0.285156 0.364844 0.017188 0.035938
0 0.312500 0.385938 0.021875 0.040625
0 0.350000 0.296094 0.018750 0.029688
0 0.373438 0.335938 0.015625 0.028125
0 0.342188 0.339063 0.015625 0.028125
0 0.399219 0.337500 0.020313 0.031250
0 0.398438 0.298438 0.015625 0.021875
0 0.401563 0.265625 0.012500 0.025000
0 0.388281 0.254688 0.014063 0.031250
0 0.452344 0.417188 0.023438 0.056250
0 0.468750 0.335156 0.018750 0.035938
0 0.495313 0.454688 0.025000 0.056250
0 0.560937 0.458594 0.028125 0.067187
0 0.625000 0.482031 0.025000 0.067187
0 0.667969 0.517969 0.035938 0.064063
0 0.779688 0.534375 0.025000 0.071875
0 0.753906 0.434375 0.020313 0.056250
0 0.722656 0.404688 0.020313 0.056250
0 0.640625 0.369531 0.025000 0.048438
0 0.583594 0.374219 0.026563 0.042188
0 0.524219 0.368750 0.023438 0.040625
0 0.493750 0.325781 0.015625 0.035938
0 0.558594 0.275781 0.014063 0.032813
0 0.617969 0.303906 0.010938 0.029688
0 0.584375 0.327344 0.015625 0.039062
0 0.427344 0.306250 0.014063 0.025000
0 0.452344 0.278125 0.014063 0.021875
0 0.511719 0.278125 0.014063 0.025000
0 0.493750 0.272656 0.018750 0.026563
0 0.528906 0.250781 0.010938 0.026563
0 0.561719 0.241406 0.014063 0.020313
0 0.596094 0.203125 0.010938 0.028125
0 0.610156 0.215625 0.007812 0.028125
0 0.642188 0.214063 0.009375 0.028125
0 0.664062 0.224219 0.015625 0.032813
0 0.692969 0.247656 0.010938 0.035938
0 0.714844 0.262500 0.014063 0.040625
0 0.725781 0.240625 0.010938 0.034375
0 0.756250 0.235938 0.012500 0.034375
0 0.789844 0.242969 0.014063 0.029688
0 0.794531 0.298438 0.017188 0.031250
0 0.737500 0.297656 0.018750 0.035938
0 0.688281 0.297656 0.017188 0.035938
0 0.652344 0.282031 0.017188 0.029688
0 0.666406 0.314844 0.017188 0.029688
0 0.672656 0.356250 0.020313 0.040625
0 0.619531 0.257812 0.014063 0.028125
0 0.593750 0.243750 0.012500 0.025000
0 0.559375 0.215625 0.009375 0.028125
0 0.544531 0.222656 0.017188 0.020313
0 0.821875 0.464063 0.028125 0.056250
0 0.892188 0.457031 0.021875 0.051563
0 0.896875 0.404688 0.021875 0.040625
0 0.832031 0.397656 0.020313 0.051563
0 0.788281 0.364844 0.017188 0.048438
0 0.803906 0.342188 0.014063 0.040625
0 0.821094 0.321875 0.014063 0.028125
0 0.835156 0.309375 0.010938 0.028125
0 0.864844 0.329688 0.014063 0.031250
0 0.849219 0.382031 0.014063 0.032813
0 0.900781 0.350000 0.017188 0.040625
0 0.910156 0.264844 0.014063 0.023438
0 0.907031 0.293750 0.014063 0.021875
0 0.875781 0.282031 0.014063 0.029688
0 0.849219 0.258594 0.010938 0.029688
0 0.828906 0.269531 0.017188 0.026563
0 0.441406 0.258594 0.014063 0.026563
0 0.438281 0.245313 0.010938 0.021875
0 0.460938 0.239844 0.012500 0.023438
0 0.507031 0.251563 0.010938 0.021875
0 0.641406 0.240625 0.014063 0.028125
0 0.745313 0.264063 0.012500 0.025000
0 0.752344 0.288281 0.014063 0.029688
0 0.632812 0.339063 0.018750 0.043750
0 0.904688 0.330469 0.015625 0.039062
