0 0.105469 0.542188 0.045313 0.109375
0 0.212500 0.350000 0.015625 0.031250
0 0.280469 0.305469 0.017188 0.039062
0 0.257031 0.340625 0.014063 0.037500
0 0.288281 0.357813 0.020313 0.040625
0 0.350781 0.289844 0.017188 0.029688
0 0.386719 0.253906 0.017188 0.032813
0 0.412500 0.250781 0.025000 0.035938
0 0.441406 0.253125 0.020313 0.037500
0 0.457813 0.238281 0.015625 0.026563
0 0.330469 0.360156 0.023438 0.042188
0 0.347656 0.337500 0.023438 0.034375
0 0.381250 0.323438 0.015625 0.031250
0 0.396875 0.298438 0.012500 0.034375
0 0.426563 0.279688 0.025000 0.034375
0 0.465625 0.269531 0.018750 0.029688
0 0.401563 0.340625 0.015625 0.031250
0 0.425781 0.344531 0.017188 0.032813
0 0.480469 0.267969 0.017188 0.042188
0 0.491406 0.254688 0.020313 0.043750
0 0.513281 0.272656 0.014063 0.032813
0 0.546094 0.219531 0.014063 0.023438
0 0.541406 0.276562 0.017188 0.034375
0 0.560937 0.261719 0.018750 0.035938
0 0.586719 0.225781 0.010938 0.026563
0 0.592969 0.208594 0.010938 0.029688
0 0.451563 0.319531 0.018750 0.035938
0 0.428906 0.312500 0.026563 0.040625
0 0.492969 0.322656 0.023438 0.039062
0 0.630469 0.228906 0.020313 0.035938
0 0.650000 0.230469 0.018750 0.023438
0 0.662500 0.225000 0.018750 0.028125
0 0.612500 0.247656 0.015625 0.026563
0 0.614844 0.299219 0.017188 0.032813
0 0.576562 0.320312 0.018750 0.034375
0 0.544531 0.347656 0.023438 0.045313
0 0.452344 0.408594 0.026563 0.054688
0 0.529687 0.399219 0.028125 0.051563
0 0.559375 0.431250 0.028125 0.071875
0 0.635156 0.327344 0.020313 0.035938
0 0.617969 0.459375 0.029688 0.056250
0 0.646875 0.367188 0.021875 0.050000
0 0.665625 0.344531 0.021875 0.039062
0 0.653906 0.267969 0.014063 0.032813
0 0.685938 0.263281 0.015625 0.035938
0 0.728125 0.232031 0.021875 0.035938
0 0.712500 0.250000 0.021875 0.037500
0 0.713281 0.270313 0.026563 0.037500
0 0.697656 0.292187 0.017188 0.034375
0 0.757812 0.236719 0.018750 0.029688
0 0.749219 0.267188 0.023438 0.037500
0 0.735156 0.296094 0.020313 0.042188
0 0.721094 0.402344 0.035938 0.057813
0 0.687500 0.502344 0.037500 0.073438
0 0.772656 0.307813 0.014063 0.043750
0 0.791406 0.270313 0.017188 0.037500
0 0.811719 0.262500 0.017188 0.034375
0 0.831250 0.264844 0.015625 0.032813
0 0.846094 0.260156 0.014063 0.032813
0 0.813281 0.310156 0.020313 0.045313
0 0.796094 0.339063 0.020313 0.050000
0 0.777344 0.371094 0.029688 0.060938
0 0.767969 0.416406 0.029688 0.060938
0 0.778125 0.538281 0.037500 0.082813
0 0.817188 0.432031 0.028125 0.057813
0 0.834375 0.375000 0.018750 0.056250
0 0.846094 0.348438 0.023438 0.053125
0 0.861719 0.332031 0.017188 0.035938
0 0.864844 0.288281 0.023438 0.039062
0 0.900000 0.275781 0.015625 0.032813
0 0.895313 0.332031 0.012500 0.029688
0 0.886719 0.392188 0.017188 0.034375
0 0.878906 0.467188 0.035938 0.068750
0 0.509375 0.242188 0.012500 0.021875
0 0.582031 0.257031 0.023438 0.032813
0 0.606250 0.218750 0.012500 0.031250
