0 0.159375 0.646094 0.228125 0.314063
0 0.039062 0.410938 0.068750 0.118750
0 0.074219 0.341406 0.082813 0.104688
0 0.042188 0.267969 0.062500 0.092188
0 0.142187 0.365625 0.059375 0.112500
0 0.192969 0.292969 0.057813 0.085938
0 0.197656 0.515625 0.160938 0.200000
0 0.225781 0.435156 0.120313 0.157813
0 0.303906 0.393750 0.079688 0.150000
0 0.347656 0.324219 0.064063 0.107813
0 0.471875 0.339063 0.075000 0.115625
0 0.490625 0.291406 0.046875 0.082813
0 0.634375 0.346875 0.065625 0.137500
0 0.668750 0.354688 0.071875 0.121875
0 0.754688 0.408594 0.112500 0.198438
0 0.871875 0.388281 0.140625 0.217188
