0 0.117969 0.448438 0.070312 0.100000
0 0.245313 0.482031 0.075000 0.120313
0 0.318750 0.370313 0.046875 0.084375
0 0.247656 0.331250 0.035938 0.062500
0 0.271875 0.302344 0.034375 0.045313
0 0.182813 0.326563 0.034375 0.056250
0 0.101562 0.357813 0.043750 0.071875
0 0.045313 0.354688 0.037500 0.062500
0 0.334375 0.298438 0.034375 0.050000
0 0.353125 0.277344 0.028125 0.042188
0 0.406250 0.285938 0.025000 0.043750
0 0.420313 0.266406 0.021875 0.032813
0 0.468750 0.267969 0.028125 0.039062
0 0.461719 0.256250 0.020313 0.037500
0 0.509375 0.262500 0.021875 0.040625
0 0.495313 0.311719 0.031250 0.060938
0 0.520313 0.332031 0.037500 0.064063
0 0.448438 0.337500 0.037500 0.062500
0 0.428906 0.378906 0.045313 0.076563
0 0.561719 0.295313 0.029688 0.059375
0 0.584375 0.302344 0.034375 0.054688
0 0.606250 0.273438 0.021875 0.043750
0 0.635938 0.284375 0.031250 0.053125
0 0.645313 0.253906 0.025000 0.039062
0 0.681250 0.266406 0.025000 0.042188
0 0.713281 0.239844 0.023438 0.035938
0 0.728906 0.526563 0.085938 0.168750
0 0.797656 0.439063 0.073438 0.109375
0 0.835938 0.335938 0.043750 0.084375
0 0.857031 0.269531 0.032813 0.057813
0 0.872656 0.247656 0.026563 0.039062
0 0.876563 0.278906 0.021875 0.048438
0 0.944531 0.259375 0.026563 0.043750
0 0.964844 0.293750 0.039062 0.075000
