0 0.046094 0.396094 0.029688 0.064063
0 0.251563 0.289844 0.015625 0.023438
0 0.272656 0.271094 0.017188 0.032813
0 0.303906 0.263281 0.017188 0.035938
0 0.337500 0.280469 0.015625 0.029688
0 0.333594 0.223438 0.014063 0.031250
0 0.349219 0.217969 0.014063 0.026563
0 0.375781 0.215625 0.014063 0.031250
0 0.392969 0.218750 0.014063 0.028125
0 0.427344 0.218750 0.014063 0.025000
0 0.428906 0.269531 0.020313 0.042188
0 0.490625 0.232813 0.018750 0.043750
0 0.456250 0.223438 0.015625 0.031250
0 0.442969 0.201563 0.014063 0.025000
0 0.427344 0.187500 0.017188 0.028125
0 0.425781 0.164844 0.010938 0.017188
0 0.460156 0.168750 0.014063 0.018750
0 0.453125 0.150000 0.009375 0.018750
0 0.478125 0.168750 0.012500 0.021875
0 0.471875 0.149219 0.012500 0.023438
0 0.485938 0.135156 0.009375 0.023438
0 0.500781 0.198438 0.014063 0.025000
0 0.540625 0.200781 0.015625 0.032813
0 0.517969 0.152344 0.014063 0.026563
0 0.531250 0.135938 0.012500 0.031250
0 0.501563 0.155469 0.012500 0.020313
0 0.503125 0.179688 0.012500 0.021875
0 0.550781 0.159375 0.014063 0.031250
0 0.570312 0.181250 0.018750 0.031250
0 0.578906 0.155469 0.014063 0.029688
0 0.559375 0.115625 0.012500 0.021875
0 0.586719 0.124219 0.014063 0.023438
0 0.589844 0.099219 0.010938 0.023438
0 0.620313 0.146094 0.012500 0.026563
0 0.610938 0.121875 0.009375 0.021875
0 0.617188 0.106250 0.009375 0.021875
0 0.636719 0.124219 0.014063 0.026563
0 0.650000 0.105469 0.012500 0.023438
0 0.667969 0.118750 0.014063 0.025000
0 0.699219 0.101562 0.014063 0.031250
0 0.392969 0.198438 0.014063 0.025000
0 0.489844 0.299219 0.020313 0.045313
0 0.568750 0.292969 0.021875 0.045313
0 0.603906 0.332031 0.029688 0.054688
0 0.671875 0.325781 0.028125 0.054688
0 0.712500 0.296094 0.025000 0.045313
0 0.783594 0.298438 0.020313 0.050000
0 0.803906 0.243750 0.020313 0.050000
0 0.747656 0.222656 0.023438 0.042188
0 0.703906 0.203906 0.020313 0.032813
0 0.662500 0.202344 0.018750 0.035938
0 0.639063 0.178906 0.018750 0.032813
0 0.621094 0.221875 0.020313 0.037500
0 0.614844 0.254688 0.020313 0.040625
0 0.564844 0.244531 0.023438 0.048438
0 0.677344 0.150781 0.014063 0.029688
0 0.703125 0.145313 0.012500 0.028125
0 0.725781 0.156250 0.010938 0.031250
0 0.735938 0.128125 0.012500 0.031250
0 0.746875 0.139063 0.015625 0.031250
0 0.747656 0.110156 0.010938 0.026563
0 0.765625 0.132812 0.012500 0.025000
0 0.771875 0.159375 0.015625 0.028125
0 0.732813 0.195312 0.018750 0.037500
0 0.660156 0.262500 0.020313 0.043750
0 0.781250 0.125000 0.009375 0.025000
0 0.796875 0.133594 0.009375 0.023438
0 0.807813 0.132031 0.012500 0.026563
0 0.796875 0.182031 0.018750 0.035938
0 0.814063 0.171875 0.015625 0.028125
0 0.832813 0.140625 0.012500 0.031250
0 0.851562 0.168750 0.012500 0.028125
0 0.861719 0.153125 0.010938 0.028125
0 0.861719 0.128125 0.010938 0.025000
0 0.892188 0.132031 0.012500 0.029688
0 0.883594 0.167188 0.010938 0.021875
0 0.911719 0.167969 0.014063 0.026563
0 0.927344 0.160938 0.010938 0.028125
0 0.923438 0.204688 0.015625 0.034375
0 0.890625 0.199219 0.012500 0.032813
0 0.894531 0.167188 0.010938 0.021875
0 0.865625 0.233594 0.015625 0.035938
0 0.843750 0.196875 0.015625 0.037500
