0 0.413281 0.266406 0.020313 0.032813
0 0.157813 0.399219 0.028125 0.042188
0 0.108594 0.445312 0.029688 0.043750
0 0.102344 0.408594 0.026563 0.039062
0 0.041406 0.475000 0.039062 0.053125
0 0.059375 0.444531 0.028125 0.042188
0 0.036719 0.407031 0.029688 0.048438
0 0.148438 0.531250 0.053125 0.081250
0 0.255469 0.654688 0.098438 0.131250
0 0.429688 0.864063 0.162500 0.221875
0 0.456250 0.592969 0.081250 0.164062
0 0.490625 0.524219 0.046875 0.085938
0 0.514062 0.430469 0.034375 0.048438
0 0.520313 0.392969 0.025000 0.042188
0 0.470313 0.393750 0.021875 0.037500
0 0.452344 0.452344 0.032813 0.048438
0 0.426563 0.473438 0.034375 0.053125
0 0.445312 0.427344 0.021875 0.042188
0 0.406250 0.414844 0.025000 0.039062
0 0.367188 0.455469 0.031250 0.051563
0 0.307813 0.506250 0.037500 0.068750
0 0.336719 0.520313 0.029688 0.056250
0 0.261719 0.510938 0.051563 0.090625
0 0.253906 0.457031 0.035938 0.051563
0 0.319531 0.445312 0.029688 0.043750
0 0.335938 0.406250 0.034375 0.046875
0 0.567188 0.398438 0.025000 0.034375
0 0.585156 0.417188 0.035938 0.034375
0 0.589844 0.447656 0.029688 0.039062
0 0.598438 0.504688 0.040625 0.068750
0 0.631250 0.530469 0.056250 0.085938
0 0.712500 0.597656 0.093750 0.123438
0 0.912500 0.824219 0.175000 0.314063
0 0.961719 0.596094 0.076563 0.160938
0 0.819531 0.515625 0.054688 0.084375
0 0.767188 0.549219 0.053125 0.085938
0 0.849219 0.493750 0.032813 0.056250
0 0.808594 0.450000 0.039062 0.062500
0 0.784375 0.431250 0.031250 0.050000
0 0.728125 0.507031 0.040625 0.070312
0 0.687500 0.514062 0.043750 0.065625
0 0.657813 0.466406 0.028125 0.042188
0 0.650000 0.435938 0.028125 0.037500
0 0.646094 0.396875 0.026563 0.043750
0 0.628125 0.391406 0.018750 0.029688
0 0.732813 0.375781 0.025000 0.039062
0 0.743750 0.407031 0.028125 0.035938
0 0.724219 0.428906 0.029688 0.042188
0 0.736719 0.467969 0.032813 0.045313
0 0.879688 0.378906 0.028125 0.048438
0 0.942188 0.410938 0.031250 0.056250
0 0.945312 0.385938 0.025000 0.037500
0 0.989844 0.379688 0.020313 0.046875
