0 0.017188 0.553125 0.031250 0.065625
0 0.067187 0.557031 0.037500 0.054688
0 0.068750 0.531250 0.021875 0.050000
0 0.108594 0.530469 0.029688 0.051563
0 0.158594 0.539844 0.032813 0.045313
0 0.175781 0.522656 0.020313 0.032813
0 0.210938 0.549219 0.040625 0.064063
0 0.264063 0.558594 0.040625 0.067187
0 0.263281 0.509375 0.026563 0.040625
0 0.302344 0.535156 0.029688 0.045313
0 0.304688 0.516406 0.021875 0.035938
0 0.341406 0.550000 0.029688 0.050000
0 0.349219 0.525000 0.026563 0.037500
0 0.381250 0.523438 0.025000 0.037500
0 0.422656 0.582813 0.051563 0.071875
0 0.392969 0.550000 0.029688 0.046875
0 0.500000 0.575781 0.056250 0.092188
0 0.464063 0.541406 0.025000 0.045313
0 0.478125 0.520313 0.025000 0.037500
0 0.541406 0.560937 0.032813 0.062500
0 0.531250 0.521094 0.028125 0.042188
0 0.617969 0.575781 0.039062 0.057813
0 0.612500 0.540625 0.031250 0.053125
0 0.650000 0.414062 0.025000 0.050000
0 0.687500 0.616406 0.050000 0.092188
0 0.698438 0.555469 0.028125 0.051563
0 0.672656 0.550000 0.026563 0.053125
0 0.733594 0.576562 0.042188 0.065625
0 0.753906 0.534375 0.032813 0.050000
0 0.794531 0.622656 0.060938 0.095313
0 0.792969 0.547656 0.035938 0.048438
0 0.867188 0.590625 0.046875 0.071875
0 0.843750 0.547656 0.031250 0.051563
0 0.902344 0.551563 0.029688 0.059375
0 0.932031 0.550000 0.032813 0.053125
0 0.907031 0.445312 0.035938 0.046875
