0 0.325000 0.217188 0.018750 0.037500
0 0.359375 0.210156 0.018750 0.039062
0 0.377344 0.175781 0.020313 0.039062
0 0.414062 0.172656 0.018750 0.032813
0 0.439063 0.178906 0.018750 0.035938
0 0.464063 0.207813 0.021875 0.043750
0 0.469531 0.165625 0.020313 0.040625
0 0.442969 0.155469 0.017188 0.026563
0 0.438281 0.147656 0.014063 0.032813
0 0.472656 0.135156 0.014063 0.026563
0 0.503125 0.186719 0.018750 0.039062
0 0.496094 0.170313 0.017188 0.034375
0 0.496875 0.142187 0.015625 0.025000
0 0.498438 0.126562 0.012500 0.021875
0 0.519531 0.137500 0.014063 0.028125
0 0.527344 0.124219 0.014063 0.026563
0 0.540625 0.146875 0.015625 0.034375
0 0.546094 0.192969 0.017188 0.042188
0 0.525781 0.172656 0.017188 0.029688
0 0.550000 0.169531 0.018750 0.035938
0 0.582031 0.181250 0.017188 0.037500
0 0.571094 0.148438 0.017188 0.034375
0 0.555469 0.135938 0.014063 0.028125
0 0.579688 0.121094 0.015625 0.029688
0 0.594531 0.139844 0.014063 0.032813
0 0.611719 0.104688 0.014063 0.025000
0 0.620313 0.167188 0.018750 0.037500
0 0.622656 0.143750 0.014063 0.021875
0 0.627344 0.126562 0.014063 0.028125
0 0.571875 0.235156 0.025000 0.060938
0 0.620313 0.221094 0.021875 0.045313
0 0.656250 0.189844 0.018750 0.042188
0 0.668750 0.236719 0.021875 0.051563
0 0.698438 0.242188 0.025000 0.059375
0 0.659375 0.113281 0.012500 0.020313
0 0.674219 0.110938 0.010938 0.028125
0 0.654688 0.142969 0.012500 0.026563
0 0.665625 0.140625 0.012500 0.028125
0 0.683594 0.147656 0.014063 0.023438
0 0.702344 0.119531 0.014063 0.026563
0 0.721094 0.147656 0.017188 0.032813
0 0.709375 0.192969 0.018750 0.035938
0 0.693750 0.178906 0.015625 0.035938
0 0.735156 0.175781 0.014063 0.032813
0 0.739063 0.146094 0.015625 0.032813
0 0.758594 0.137500 0.014063 0.028125
0 0.775000 0.188281 0.018750 0.048438
0 0.778906 0.147656 0.014063 0.029688
0 0.790625 0.167969 0.018750 0.039062
0 0.796094 0.137500 0.014063 0.031250
0 0.807031 0.159375 0.017188 0.034375
0 0.823438 0.133594 0.015625 0.032813
0 0.823438 0.188281 0.018750 0.042188
0 0.800781 0.207813 0.017188 0.040625
0 0.760938 0.323438 0.040625 0.090625
0 0.854688 0.207031 0.018750 0.051563
0 0.853906 0.143750 0.017188 0.034375
0 0.876563 0.155469 0.015625 0.032813
0 0.879688 0.230469 0.018750 0.045313
0 0.871094 0.268750 0.020313 0.050000
0 0.929688 0.257812 0.018750 0.050000
0 0.932813 0.215625 0.021875 0.037500
0 0.934375 0.189844 0.015625 0.029688
0 0.938281 0.166406 0.014063 0.026563
0 0.914844 0.181250 0.017188 0.040625
