0 0.153125 0.354688 0.031250 0.065625
0 0.172656 0.353125 0.039062 0.087500
0 0.260156 0.289844 0.020313 0.035938
0 0.296094 0.272656 0.020313 0.035938
0 0.321875 0.246875 0.018750 0.037500
0 0.328125 0.226562 0.012500 0.025000
0 0.345313 0.221094 0.015625 0.035938
0 0.365625 0.251563 0.015625 0.040625
0 0.361719 0.225000 0.010938 0.028125
0 0.378125 0.234375 0.015625 0.031250
0 0.385156 0.202344 0.017188 0.039062
0 0.410156 0.174219 0.010938 0.029688
0 0.423438 0.190625 0.025000 0.034375
0 0.428125 0.225000 0.018750 0.037500
0 0.453125 0.225781 0.018750 0.032813
0 0.467188 0.256250 0.031250 0.046875
0 0.448438 0.190625 0.015625 0.037500
0 0.455469 0.175000 0.014063 0.028125
0 0.471094 0.192188 0.014063 0.031250
0 0.467969 0.160938 0.014063 0.025000
0 0.485156 0.166406 0.020313 0.032813
0 0.487500 0.192969 0.021875 0.032813
0 0.517969 0.213281 0.020313 0.039062
0 0.485938 0.129688 0.012500 0.025000
0 0.532031 0.138281 0.010938 0.032813
0 0.544531 0.166406 0.017188 0.029688
0 0.546094 0.139063 0.014063 0.031250
0 0.564063 0.142969 0.012500 0.032813
0 0.567188 0.186719 0.018750 0.035938
0 0.575000 0.162500 0.015625 0.025000
0 0.613281 0.151563 0.017188 0.034375
0 0.596094 0.110938 0.014063 0.031250
0 0.636719 0.103906 0.014063 0.032813
0 0.644531 0.098438 0.010938 0.025000
0 0.624219 0.060938 0.014063 0.025000
0 0.675000 0.065625 0.015625 0.028125
0 0.700781 0.060156 0.014063 0.029688
0 0.564844 0.253125 0.023438 0.050000
0 0.532813 0.357031 0.037500 0.057813
0 0.485938 0.303906 0.025000 0.054688
0 0.592969 0.354688 0.026563 0.062500
0 0.669531 0.361719 0.029688 0.073438
0 0.657813 0.296094 0.028125 0.051563
0 0.600781 0.271094 0.026563 0.048438
0 0.623438 0.215625 0.025000 0.046875
0 0.652344 0.179688 0.023438 0.037500
0 0.664844 0.216406 0.020313 0.048438
0 0.689844 0.225000 0.026563 0.056250
0 0.687500 0.192188 0.021875 0.037500
0 0.688281 0.156250 0.017188 0.034375
0 0.720313 0.167188 0.015625 0.028125
0 0.721094 0.142187 0.014063 0.031250
0 0.745313 0.152344 0.015625 0.035938
0 0.743750 0.178906 0.018750 0.042188
0 0.735938 0.203125 0.025000 0.043750
0 0.745313 0.260156 0.028125 0.064063
0 0.717969 0.291406 0.029688 0.060938
0 0.785156 0.317188 0.026563 0.059375
0 0.805469 0.242969 0.023438 0.051563
0 0.785156 0.191406 0.020313 0.035938
0 0.782813 0.128125 0.015625 0.034375
0 0.794531 0.148438 0.017188 0.034375
0 0.818750 0.169531 0.015625 0.035938
0 0.831250 0.149219 0.015625 0.039062
0 0.843750 0.167969 0.018750 0.039062
0 0.850781 0.144531 0.014063 0.029688
0 0.857813 0.128906 0.012500 0.029688
0 0.890625 0.197656 0.018750 0.042188
0 0.867188 0.241406 0.018750 0.051563
0 0.907813 0.290625 0.025000 0.053125
0 0.921094 0.202344 0.014063 0.035938
0 0.925781 0.162500 0.014063 0.031250
0 0.885938 0.155469 0.012500 0.032813
0 0.894531 0.143750 0.017188 0.028125
