0 0.076563 0.573438 0.053125 0.075000
0 0.086719 0.689063 0.089063 0.143750
0 0.038281 0.803906 0.073438 0.189063
0 0.213281 0.657031 0.070312 0.120313
0 0.259375 0.614063 0.050000 0.078125
0 0.239063 0.405469 0.034375 0.064063
0 0.306250 0.570312 0.046875 0.075000
0 0.327344 0.827344 0.148438 0.217188
0 0.355469 0.689063 0.089063 0.137500
0 0.393750 0.628906 0.056250 0.101562
0 0.431250 0.609375 0.043750 0.075000
0 0.426563 0.564844 0.043750 0.064063
0 0.623438 0.573438 0.043750 0.075000
0 0.653906 0.600000 0.051563 0.084375
0 0.726562 0.614844 0.065625 0.114063
0 0.796094 0.588281 0.064063 0.085938
0 0.822656 0.674219 0.089063 0.120313
0 0.911719 0.616406 0.070312 0.123438
0 0.946094 0.792969 0.107813 0.220313
