0 0.133594 0.546875 0.039062 0.081250
0 0.227344 0.335938 0.017188 0.034375
0 0.257812 0.336719 0.018750 0.039062
0 0.278125 0.371094 0.021875 0.039062
0 0.325000 0.366406 0.021875 0.045313
0 0.286719 0.300781 0.020313 0.032813
0 0.344531 0.323438 0.017188 0.034375
0 0.347656 0.291406 0.014063 0.029688
0 0.381250 0.333594 0.018750 0.039062
0 0.401563 0.327344 0.018750 0.029688
0 0.400000 0.295313 0.015625 0.028125
0 0.388281 0.252344 0.017188 0.032813
0 0.417188 0.257812 0.012500 0.025000
0 0.429688 0.271875 0.015625 0.034375
0 0.430469 0.305469 0.020313 0.035938
0 0.438281 0.335156 0.023438 0.039062
0 0.492969 0.316406 0.020313 0.035938
0 0.464844 0.303125 0.020313 0.040625
0 0.456250 0.239844 0.015625 0.029688
0 0.467188 0.262500 0.015625 0.034375
0 0.496094 0.255469 0.017188 0.032813
0 0.509375 0.271094 0.015625 0.032813
0 0.509375 0.242969 0.015625 0.026563
0 0.530469 0.246875 0.014063 0.034375
0 0.544531 0.280469 0.017188 0.032813
0 0.564063 0.257031 0.012500 0.029688
0 0.560937 0.231250 0.012500 0.025000
0 0.555469 0.218750 0.010938 0.021875
0 0.572656 0.233594 0.010938 0.026563
0 0.585156 0.249219 0.014063 0.029688
0 0.590625 0.220313 0.012500 0.025000
0 0.594531 0.206250 0.014063 0.025000
0 0.614844 0.212500 0.014063 0.028125
0 0.625781 0.224219 0.010938 0.029688
0 0.628906 0.242188 0.014063 0.028125
0 0.654688 0.228125 0.015625 0.028125
0 0.657031 0.206250 0.010938 0.021875
0 0.669531 0.221875 0.010938 0.028125
0 0.527344 0.345313 0.023438 0.046875
0 0.471094 0.400000 0.029688 0.059375
0 0.532031 0.405469 0.029688 0.054688
0 0.573438 0.440625 0.031250 0.065625
0 0.589063 0.376563 0.028125 0.050000
0 0.588281 0.325000 0.023438 0.037500
0 0.625781 0.295313 0.020313 0.040625
0 0.653906 0.277344 0.017188 0.032813
0 0.680469 0.299219 0.017188 0.039062
0 0.690625 0.294531 0.015625 0.035938
0 0.647656 0.364844 0.026563 0.054688
0 0.672656 0.353125 0.023438 0.053125
0 0.623438 0.457813 0.031250 0.065625
0 0.703906 0.393750 0.026563 0.053125
0 0.683594 0.530469 0.035938 0.064063
0 0.769531 0.421094 0.026563 0.060938
0 0.810156 0.492188 0.035938 0.071875
0 0.824219 0.453125 0.026563 0.053125
0 0.692188 0.247656 0.012500 0.029688
0 0.714063 0.251563 0.015625 0.034375
0 0.717969 0.236719 0.014063 0.029688
0 0.732031 0.229688 0.010938 0.028125
0 0.750781 0.274219 0.014063 0.032813
0 0.745313 0.262500 0.012500 0.021875
0 0.768750 0.265625 0.015625 0.028125
0 0.762500 0.234375 0.015625 0.028125
0 0.791406 0.246094 0.014063 0.026563
0 0.796094 0.298438 0.017188 0.040625
0 0.792969 0.352344 0.023438 0.045313
0 0.825781 0.309375 0.017188 0.037500
0 0.822656 0.256250 0.014063 0.031250
0 0.835156 0.270313 0.014063 0.034375
0 0.857031 0.250000 0.014063 0.028125
0 0.871875 0.271094 0.012500 0.032813
0 0.861719 0.310156 0.014063 0.032813
0 0.850781 0.346875 0.020313 0.043750
0 0.839063 0.371094 0.021875 0.045313
0 0.897656 0.452344 0.029688 0.057813
0 0.890625 0.382031 0.025000 0.054688
0 0.910156 0.349219 0.017188 0.039062
0 0.909375 0.325000 0.021875 0.046875
0 0.890625 0.300781 0.015625 0.029688
0 0.917188 0.271094 0.012500 0.026563
