0 0.063281 0.794531 0.070312 0.114063
0 0.208594 0.792969 0.054688 0.092188
0 0.244531 0.789844 0.042188 0.079688
0 0.332813 0.775781 0.050000 0.089063
0 0.400781 0.757031 0.045313 0.064063
0 0.452344 0.752344 0.045313 0.060938
0 0.507812 0.736719 0.028125 0.054688
0 0.521875 0.747656 0.040625 0.051563
0 0.529687 0.657031 0.028125 0.054688
0 0.583594 0.726562 0.032813 0.053125
0 0.654688 0.730469 0.037500 0.060938
0 0.692969 0.746094 0.042188 0.073438
0 0.680469 0.889063 0.107813 0.187500
0 0.840625 0.758594 0.050000 0.092188
0 0.769531 0.766406 0.048438 0.070312
0 0.915625 0.758594 0.053125 0.092188
0 0.959375 0.778906 0.068750 0.107813
