0 0.108594 0.296094 0.023438 0.048438
0 0.135156 0.302344 0.026563 0.051563
0 0.328125 0.225000 0.015625 0.028125
0 0.351562 0.224219 0.018750 0.029688
0 0.353906 0.258594 0.020313 0.039062
0 0.378906 0.236719 0.020313 0.035938
0 0.392188 0.286719 0.025000 0.051563
0 0.362500 0.307031 0.025000 0.045313
0 0.384375 0.185938 0.012500 0.031250
0 0.398438 0.185156 0.015625 0.032813
0 0.422656 0.188281 0.014063 0.032813
0 0.450781 0.184375 0.017188 0.037500
0 0.461719 0.200781 0.017188 0.032813
0 0.467969 0.234375 0.023438 0.050000
0 0.475000 0.196875 0.018750 0.037500
0 0.490625 0.153125 0.018750 0.034375
0 0.521875 0.173438 0.018750 0.037500
0 0.552344 0.159375 0.017188 0.031250
0 0.493750 0.299219 0.028125 0.051563
0 0.576562 0.131250 0.018750 0.034375
0 0.590625 0.160938 0.021875 0.040625
0 0.628125 0.199219 0.018750 0.039062
0 0.619531 0.250781 0.023438 0.051563
0 0.657031 0.273438 0.029688 0.056250
0 0.662500 0.207031 0.021875 0.042188
0 0.686719 0.223438 0.026563 0.050000
0 0.696094 0.162500 0.020313 0.037500
0 0.735156 0.202344 0.023438 0.042188
0 0.770313 0.167188 0.018750 0.040625
0 0.754688 0.243750 0.021875 0.046875
0 0.710938 0.278906 0.025000 0.054688
0 0.759375 0.313281 0.028125 0.054688
0 0.837500 0.325781 0.031250 0.060938
0 0.921875 0.232031 0.025000 0.048438
