0 0.056250 0.246875 0.106250 0.346875
0 0.119531 0.260937 0.039062 0.075000
0 0.214844 0.283594 0.110938 0.210938
0 0.320312 0.286719 0.065625 0.154688
0 0.366406 0.272656 0.042188 0.126562
0 0.407813 0.277344 0.037500 0.089063
0 0.431250 0.259375 0.028125 0.078125
0 0.446875 0.259375 0.018750 0.056250
0 0.456250 0.256250 0.012500 0.040625
0 0.500000 0.083594 0.062500 0.114063
0 0.549219 0.260937 0.023438 0.059375
0 0.612500 0.281250 0.043750 0.093750
0 0.621094 0.246094 0.045313 0.067187
0 0.669531 0.253906 0.060938 0.101562
0 0.743750 0.221875 0.068750 0.162500
0 0.825000 0.274219 0.140625 0.245313
0 0.947656 0.198438 0.107813 0.343750
