0 0.306250 0.178125 0.018750 0.043750
0 0.365625 0.196094 0.015625 0.035938
0 0.392969 0.185938 0.017188 0.034375
0 0.410938 0.191406 0.015625 0.035938
0 0.403125 0.219531 0.015625 0.029688
0 0.393750 0.289844 0.021875 0.045313
0 0.356250 0.306250 0.025000 0.040625
0 0.449219 0.183594 0.017188 0.039062
0 0.458594 0.204688 0.020313 0.034375
0 0.477344 0.189844 0.017188 0.035938
0 0.491406 0.200781 0.017188 0.039062
0 0.458594 0.232031 0.020313 0.039062
0 0.487500 0.234375 0.021875 0.037500
0 0.576562 0.140625 0.015625 0.031250
0 0.491406 0.303906 0.029688 0.048438
0 0.614063 0.244531 0.021875 0.048438
0 0.712500 0.191406 0.021875 0.045313
0 0.760938 0.210156 0.021875 0.048438
0 0.967188 0.109375 0.015625 0.034375
