0 0.775781 0.268750 0.070312 0.121875
0 0.503906 0.357813 0.029688 0.050000
0 0.417188 0.366406 0.037500 0.079688
0 0.393750 0.371875 0.037500 0.075000
0 0.318750 0.404688 0.059375 0.081250
0 0.250000 0.413281 0.056250 0.107813
0 0.165625 0.446094 0.081250 0.126562
0 0.029688 0.515625 0.056250 0.140625
0 0.131250 0.390625 0.053125 0.075000
0 0.207031 0.350781 0.026563 0.035938
0 0.221094 0.381250 0.035938 0.071875
0 0.235156 0.342969 0.029688 0.042188
0 0.283594 0.349219 0.035938 0.054688
0 0.314063 0.361719 0.034375 0.057813
0 0.325000 0.349219 0.025000 0.042188
0 0.105469 0.366406 0.032813 0.057813
0 0.065625 0.383594 0.040625 0.082813
0 0.021875 0.365625 0.040625 0.071875
