0 0.126562 0.363281 0.040625 0.085938
0 0.278125 0.220313 0.021875 0.031250
0 0.310156 0.227344 0.017188 0.035938
0 0.339063 0.181250 0.015625 0.034375
0 0.334375 0.235938 0.018750 0.034375
0 0.368750 0.187500 0.012500 0.034375
0 0.376563 0.160938 0.012500 0.028125
0 0.373438 0.230469 0.018750 0.039062
0 0.402344 0.197656 0.017188 0.032813
0 0.419531 0.200781 0.020313 0.035938
0 0.402344 0.235156 0.017188 0.032813
0 0.421875 0.247656 0.021875 0.035938
0 0.446094 0.202344 0.023438 0.039062
0 0.415625 0.164844 0.015625 0.029688
0 0.443750 0.164062 0.015625 0.031250
0 0.482813 0.185938 0.021875 0.034375
0 0.487500 0.146094 0.012500 0.029688
0 0.503125 0.119531 0.009375 0.023438
0 0.522656 0.132812 0.014063 0.018750
0 0.552344 0.127344 0.014063 0.020313
0 0.514062 0.153125 0.015625 0.028125
0 0.521875 0.180469 0.018750 0.035938
0 0.545312 0.157813 0.015625 0.034375
0 0.564844 0.157031 0.017188 0.039062
0 0.557813 0.184375 0.015625 0.031250
0 0.591406 0.160156 0.017188 0.035938
0 0.607031 0.146094 0.017188 0.029688
0 0.601562 0.117188 0.015625 0.028125
0 0.632812 0.112500 0.015625 0.021875
0 0.648438 0.105469 0.012500 0.026563
0 0.635156 0.151563 0.014063 0.028125
0 0.659375 0.150000 0.015625 0.025000
0 0.689063 0.106250 0.012500 0.025000
0 0.695312 0.123438 0.015625 0.025000
0 0.714063 0.108594 0.012500 0.026563
0 0.621094 0.209375 0.020313 0.040625
0 0.571094 0.243750 0.023438 0.050000
0 0.643750 0.241406 0.021875 0.054688
0 0.673438 0.217188 0.025000 0.050000
0 0.668750 0.179688 0.018750 0.040625
0 0.714063 0.181250 0.018750 0.037500
0 0.731250 0.146094 0.015625 0.035938
0 0.753125 0.132031 0.015625 0.029688
0 0.778125 0.132812 0.012500 0.021875
0 0.801563 0.143750 0.012500 0.028125
0 0.823438 0.132812 0.012500 0.028125
0 0.879688 0.112500 0.015625 0.034375
0 0.931250 0.110938 0.018750 0.034375
0 0.907813 0.173438 0.015625 0.031250
0 0.940625 0.167188 0.012500 0.025000
0 0.950781 0.183594 0.017188 0.023438
0 0.897656 0.187500 0.017188 0.031250
0 0.876563 0.189844 0.018750 0.035938
0 0.862500 0.139844 0.012500 0.020313
0 0.846875 0.150000 0.021875 0.025000
0 0.830469 0.177344 0.017188 0.032813
0 0.795313 0.169531 0.018750 0.023438
0 0.812500 0.191406 0.021875 0.035938
0 0.795313 0.210156 0.021875 0.042188
0 0.757812 0.196094 0.015625 0.035938
0 0.740625 0.181250 0.015625 0.034375
0 0.740625 0.241406 0.018750 0.039062
0 0.768750 0.246094 0.021875 0.035938
0 0.697656 0.257812 0.026563 0.050000
0 0.702344 0.320312 0.035938 0.068750
0 0.754688 0.366406 0.034375 0.051563
0 0.795313 0.302344 0.025000 0.045313
0 0.835938 0.245313 0.018750 0.046875
0 0.845313 0.221094 0.015625 0.035938
0 0.932813 0.348438 0.025000 0.056250
0 0.939844 0.260937 0.014063 0.037500
0 0.931250 0.217969 0.018750 0.039062
0 0.900000 0.244531 0.018750 0.048438
0 0.905469 0.213281 0.017188 0.035938
