0 0.057031 0.650781 0.076563 0.095313
0 0.047656 0.568750 0.051563 0.071875
0 0.086719 0.510156 0.035938 0.057813
0 0.141406 0.535156 0.039062 0.054688
0 0.180469 0.542188 0.035938 0.053125
0 0.181250 0.600000 0.053125 0.075000
0 0.154688 0.753125 0.125000 0.153125
0 0.272656 0.579688 0.054688 0.084375
0 0.318750 0.571094 0.037500 0.064063
0 0.282031 0.528906 0.032813 0.054688
0 0.380469 0.664844 0.073438 0.110938
0 0.421875 0.571875 0.040625 0.065625
0 0.388281 0.557813 0.042188 0.071875
0 0.394531 0.450781 0.026563 0.045313
0 0.492969 0.552344 0.035938 0.051563
0 0.541406 0.590625 0.060938 0.087500
0 0.528906 0.815625 0.132812 0.212500
0 0.689844 0.588281 0.057813 0.107813
0 0.635156 0.617969 0.054688 0.067187
0 0.767969 0.699219 0.101562 0.164062
0 0.830469 0.642969 0.064063 0.104688
0 0.885156 0.623438 0.060938 0.084375
0 0.917188 0.574219 0.053125 0.076563
