0 0.156250 0.701563 0.140625 0.184375
0 0.323438 0.520313 0.100000 0.096875
0 0.135938 0.489063 0.081250 0.096875
0 0.031250 0.304688 0.059375 0.068750
0 0.181250 0.396875 0.096875 0.100000
0 0.238281 0.304688 0.073438 0.078125
0 0.161719 0.264063 0.067187 0.090625
0 0.215625 0.226562 0.053125 0.078125
0 0.292969 0.222656 0.057813 0.070312
0 0.371875 0.360938 0.078125 0.090625
0 0.465625 0.229688 0.078125 0.071875
0 0.435156 0.310156 0.067187 0.095313
0 0.628125 0.718750 0.150000 0.178125
0 0.630469 0.545312 0.132812 0.175000
0 0.591406 0.386719 0.082813 0.085938
0 0.535156 0.310938 0.067187 0.081250
0 0.577344 0.244531 0.048438 0.064063
0 0.614063 0.228125 0.050000 0.075000
0 0.729688 0.187500 0.046875 0.071875
0 0.788281 0.260156 0.095313 0.117188
0 0.899219 0.386719 0.095313 0.114063
0 0.935156 0.500781 0.110938 0.164062
