0 0.112500 0.432813 0.046875 0.071875
0 0.142969 0.409375 0.029688 0.075000
0 0.167969 0.474219 0.045313 0.085938
0 0.214063 0.516406 0.050000 0.082813
0 0.203906 0.428906 0.042188 0.070312
0 0.236719 0.428906 0.032813 0.060938
0 0.278125 0.423438 0.034375 0.059375
0 0.307031 0.404688 0.032813 0.071875
0 0.290625 0.501563 0.046875 0.075000
0 0.339063 0.494531 0.037500 0.070312
0 0.350781 0.412500 0.029688 0.062500
0 0.385938 0.429688 0.037500 0.065625
0 0.411719 0.592187 0.054688 0.090625
0 0.453906 0.464844 0.035938 0.070312
0 0.439844 0.383594 0.035938 0.070312
0 0.486719 0.411719 0.032813 0.070312
0 0.511719 0.442188 0.032813 0.071875
0 0.548438 0.441406 0.034375 0.070312
0 0.590625 0.528125 0.037500 0.078125
0 0.580469 0.443750 0.032813 0.075000
0 0.616406 0.412500 0.035938 0.062500
0 0.654688 0.487500 0.037500 0.071875
0 0.664844 0.437500 0.032813 0.062500
0 0.693750 0.430469 0.028125 0.057813
0 0.694531 0.491406 0.029688 0.070312
0 0.725781 0.503906 0.032813 0.070312
0 0.765625 0.487500 0.037500 0.078125
0 0.750000 0.428125 0.034375 0.062500
0 0.768750 0.410938 0.025000 0.059375
0 0.814844 0.420313 0.032813 0.062500
0 0.823438 0.519531 0.040625 0.085938
0 0.869531 0.483594 0.039062 0.070312
0 0.853906 0.410938 0.032813 0.059375
0 0.900000 0.443750 0.034375 0.075000
0 0.925781 0.446094 0.029688 0.070312
0 0.950000 0.467969 0.040625 0.057813
