0 0.196875 0.403906 0.040625 0.082813
0 0.257031 0.265625 0.020313 0.040625
0 0.281250 0.256250 0.015625 0.031250
0 0.310156 0.243750 0.017188 0.040625
0 0.333594 0.261719 0.020313 0.042188
0 0.334375 0.214063 0.015625 0.037500
0 0.348438 0.232813 0.015625 0.037500
0 0.369531 0.277344 0.020313 0.045313
0 0.389063 0.286719 0.025000 0.051563
0 0.362500 0.206250 0.015625 0.031250
0 0.361719 0.240625 0.014063 0.025000
0 0.400781 0.209375 0.014063 0.034375
0 0.386719 0.185156 0.014063 0.032813
0 0.411719 0.189063 0.014063 0.034375
0 0.439844 0.228906 0.020313 0.045313
0 0.467188 0.242188 0.021875 0.040625
0 0.440625 0.192969 0.025000 0.032813
0 0.445312 0.171875 0.015625 0.031250
0 0.478125 0.187500 0.015625 0.037500
0 0.460938 0.092188 0.012500 0.021875
0 0.503906 0.195312 0.014063 0.037500
0 0.503906 0.163281 0.014063 0.023438
0 0.526563 0.202344 0.021875 0.045313
0 0.535938 0.161719 0.015625 0.032813
0 0.546875 0.151563 0.015625 0.028125
0 0.486719 0.138281 0.007812 0.023438
0 0.561719 0.121094 0.014063 0.029688
0 0.577344 0.140625 0.014063 0.028125
0 0.582031 0.168750 0.017188 0.031250
0 0.589063 0.125000 0.012500 0.031250
0 0.614844 0.143750 0.014063 0.031250
0 0.638281 0.111719 0.010938 0.023438
0 0.677344 0.114844 0.014063 0.029688
0 0.558594 0.232031 0.020313 0.048438
0 0.491406 0.307813 0.032813 0.053125
0 0.569531 0.286719 0.026563 0.057813
0 0.606250 0.328906 0.031250 0.064063
0 0.625781 0.249219 0.020313 0.054688
0 0.611719 0.214063 0.020313 0.050000
0 0.656250 0.203125 0.021875 0.046875
0 0.688281 0.192188 0.020313 0.043750
0 0.676563 0.252344 0.025000 0.054688
0 0.710156 0.225000 0.023438 0.046875
0 0.715625 0.275781 0.025000 0.051563
0 0.685938 0.146875 0.015625 0.037500
0 0.707031 0.148438 0.014063 0.034375
0 0.717969 0.175000 0.020313 0.037500
0 0.736719 0.116406 0.017188 0.032813
0 0.751563 0.137500 0.015625 0.034375
0 0.762500 0.163281 0.018750 0.045313
0 0.752344 0.218750 0.023438 0.050000
0 0.735938 0.199219 0.015625 0.039062
0 0.775781 0.201563 0.020313 0.040625
0 0.763281 0.296875 0.023438 0.056250
0 0.834375 0.332031 0.028125 0.060938
0 0.846094 0.239844 0.023438 0.054688
0 0.913281 0.267969 0.023438 0.054688
0 0.914844 0.229688 0.020313 0.043750
0 0.881250 0.200000 0.021875 0.040625
0 0.886719 0.168750 0.014063 0.031250
0 0.891406 0.156250 0.010938 0.025000
0 0.836719 0.189063 0.020313 0.037500
0 0.819531 0.224219 0.023438 0.045313
0 0.804688 0.146875 0.018750 0.037500
0 0.780469 0.151563 0.017188 0.037500
0 0.769531 0.130469 0.014063 0.029688
0 0.812500 0.126562 0.015625 0.034375
0 0.832813 0.139844 0.015625 0.042188
0 0.855469 0.157813 0.014063 0.031250
