0 0.023438 0.417969 0.025000 0.060938
0 0.238281 0.339063 0.014063 0.034375
0 0.267188 0.351562 0.018750 0.053125
0 0.289844 0.308594 0.017188 0.032813
0 0.289062 0.364844 0.018750 0.045313
0 0.342188 0.364844 0.018750 0.045313
0 0.359375 0.292187 0.015625 0.031250
0 0.372656 0.325781 0.017188 0.035938
0 0.380469 0.350781 0.017188 0.042188
0 0.386719 0.260937 0.014063 0.028125
0 0.406250 0.278125 0.012500 0.031250
0 0.407031 0.342188 0.017188 0.037500
0 0.410938 0.303125 0.015625 0.034375
0 0.432031 0.282813 0.014063 0.037500
0 0.445312 0.312500 0.015625 0.043750
0 0.452344 0.347656 0.020313 0.048438
0 0.470313 0.314844 0.018750 0.035938
0 0.458594 0.248438 0.010938 0.034375
0 0.470313 0.237500 0.012500 0.028125
0 0.504688 0.264844 0.015625 0.039062
0 0.518750 0.313281 0.018750 0.042188
0 0.517188 0.253125 0.015625 0.037500
0 0.550781 0.290625 0.017188 0.037500
0 0.552344 0.228125 0.014063 0.021875
0 0.572656 0.221875 0.017188 0.025000
0 0.564844 0.264844 0.017188 0.029688
0 0.594531 0.253125 0.014063 0.028125
0 0.607813 0.209375 0.012500 0.031250
0 0.624219 0.219531 0.010938 0.020313
0 0.635938 0.228125 0.009375 0.021875
0 0.638281 0.259375 0.017188 0.031250
0 0.651563 0.221094 0.015625 0.026563
0 0.668750 0.230469 0.015625 0.032813
0 0.682031 0.228906 0.007812 0.020313
0 0.500781 0.397656 0.026563 0.057813
0 0.540625 0.407813 0.028125 0.050000
0 0.590625 0.328125 0.018750 0.043750
0 0.604688 0.375000 0.021875 0.050000
0 0.631250 0.299219 0.015625 0.042188
0 0.675781 0.268750 0.014063 0.034375
0 0.696875 0.255469 0.015625 0.032813
0 0.607813 0.427344 0.025000 0.070312
0 0.644531 0.336719 0.017188 0.039062
0 0.661719 0.389063 0.023438 0.046875
0 0.689844 0.353125 0.020313 0.043750
0 0.662500 0.447656 0.031250 0.064063
0 0.714063 0.508594 0.034375 0.076563
0 0.732031 0.399219 0.026563 0.054688
0 0.786719 0.412500 0.020313 0.053125
0 0.836719 0.439063 0.032813 0.050000
0 0.825000 0.528906 0.034375 0.067187
0 0.801563 0.368750 0.021875 0.053125
0 0.867188 0.371875 0.028125 0.050000
0 0.898438 0.473438 0.021875 0.065625
0 0.908594 0.410156 0.020313 0.045313
0 0.917188 0.357813 0.018750 0.046875
0 0.807813 0.297656 0.015625 0.045313
0 0.839063 0.310156 0.015625 0.039062
0 0.864063 0.325781 0.018750 0.032813
0 0.758594 0.285938 0.017188 0.037500
0 0.717188 0.295313 0.015625 0.037500
0 0.739063 0.226562 0.012500 0.034375
0 0.778125 0.233594 0.015625 0.032813
0 0.803125 0.248438 0.015625 0.034375
0 0.841406 0.258594 0.010938 0.026563
0 0.868750 0.262500 0.009375 0.028125
0 0.887500 0.290625 0.015625 0.028125
0 0.926563 0.279688 0.012500 0.021875
0 0.916406 0.325000 0.017188 0.034375
0 0.742188 0.271875 0.012500 0.031250
0 0.532031 0.260937 0.017188 0.028125
