0 0.110156 0.398438 0.023438 0.040625
0 0.096094 0.520313 0.095313 0.143750
0 0.027344 0.458594 0.051563 0.107813
0 0.232031 0.733594 0.135938 0.254688
0 0.325000 0.528906 0.059375 0.139063
0 0.259375 0.506250 0.053125 0.109375
0 0.142969 0.467188 0.032813 0.075000
0 0.160938 0.430469 0.031250 0.048438
0 0.208594 0.407813 0.023438 0.050000
0 0.307813 0.445312 0.028125 0.053125
0 0.408594 0.483594 0.057813 0.123438
0 0.485156 0.591406 0.089063 0.185938
0 0.580469 0.576562 0.076563 0.137500
0 0.578906 0.487500 0.051563 0.090625
0 0.548438 0.460938 0.037500 0.081250
0 0.489063 0.439844 0.031250 0.054688
0 0.452344 0.442188 0.039062 0.081250
0 0.500000 0.406250 0.031250 0.056250
0 0.260156 0.440625 0.032813 0.043750
0 0.183594 0.429688 0.023438 0.040625
0 0.249219 0.414844 0.026563 0.039062
0 0.271094 0.404688 0.020313 0.040625
0 0.284375 0.428906 0.018750 0.039062
0 0.317188 0.413281 0.018750 0.035938
0 0.339844 0.412500 0.023438 0.043750
0 0.355469 0.417969 0.014063 0.039062
0 0.374219 0.430469 0.020313 0.048438
0 0.386719 0.410938 0.026563 0.053125
0 0.532031 0.423438 0.023438 0.050000
0 0.564844 0.410938 0.029688 0.059375
0 0.581250 0.436719 0.031250 0.054688
0 0.602344 0.413281 0.023438 0.048438
0 0.625000 0.414062 0.021875 0.053125
0 0.639844 0.435938 0.029688 0.065625
0 0.667969 0.440625 0.026563 0.056250
0 0.728125 0.518750 0.068750 0.137500
0 0.708594 0.448438 0.045313 0.087500
0 0.735156 0.425000 0.029688 0.068750
0 0.769531 0.428906 0.039062 0.089063
0 0.802344 0.476562 0.067187 0.118750
0 0.831250 0.446875 0.046875 0.100000
0 0.821094 0.721875 0.145313 0.306250
0 0.907031 0.634375 0.104688 0.221875
0 0.953906 0.567969 0.089063 0.170313
0 0.910156 0.490625 0.048438 0.103125
0 0.895313 0.439063 0.046875 0.087500
0 0.940625 0.465625 0.046875 0.103125
0 0.985156 0.437500 0.029688 0.081250
