0 0.042188 0.463281 0.037500 0.060938
0 0.083594 0.621094 0.070312 0.092188
0 0.179688 0.620313 0.065625 0.096875
0 0.135156 0.503906 0.039062 0.064063
0 0.112500 0.468750 0.037500 0.050000
0 0.195312 0.450781 0.025000 0.048438
0 0.233594 0.472656 0.035938 0.051563
0 0.265625 0.500000 0.037500 0.046875
0 0.265625 0.555469 0.040625 0.060938
0 0.307813 0.582813 0.034375 0.068750
0 0.264844 0.655469 0.048438 0.076563
0 0.350000 0.612500 0.056250 0.100000
0 0.412500 0.572656 0.040625 0.064063
0 0.310156 0.466406 0.029688 0.048438
0 0.368750 0.453125 0.028125 0.046875
0 0.402344 0.460156 0.026563 0.045313
0 0.428906 0.500781 0.029688 0.054688
0 0.496875 0.485938 0.028125 0.056250
0 0.544531 0.463281 0.026563 0.051563
0 0.560937 0.507031 0.034375 0.051563
0 0.565625 0.556250 0.037500 0.053125
0 0.599219 0.574219 0.029688 0.067187
0 0.628125 0.550000 0.034375 0.059375
0 0.596094 0.503906 0.032813 0.051563
0 0.598438 0.464844 0.025000 0.035938
0 0.672656 0.442188 0.032813 0.050000
0 0.688281 0.522656 0.035938 0.054688
0 0.664844 0.612500 0.048438 0.087500
0 0.730469 0.584375 0.045313 0.068750
0 0.717188 0.450781 0.031250 0.048438
0 0.778125 0.488281 0.037500 0.060938
0 0.822656 0.469531 0.026563 0.045313
0 0.828125 0.534375 0.040625 0.059375
0 0.798438 0.632812 0.062500 0.103125
0 0.953125 0.622656 0.059375 0.101562
0 0.888281 0.540625 0.029688 0.056250
0 0.939844 0.527344 0.039062 0.048438
0 0.908594 0.464844 0.023438 0.035938
0 0.866406 0.470313 0.023438 0.046875
