0 0.157031 0.644531 0.076563 0.132812
0 0.122656 0.601562 0.054688 0.093750
0 0.113281 0.546094 0.051563 0.070312
0 0.286719 0.651563 0.067187 0.115625
0 0.263281 0.591406 0.057813 0.095313
0 0.401563 0.614063 0.062500 0.093750
0 0.430469 0.838281 0.120313 0.160938
0 0.555469 0.879688 0.123438 0.215625
0 0.686719 0.889844 0.129688 0.195312
0 0.575000 0.688281 0.087500 0.176563
0 0.641406 0.670313 0.070312 0.137500
0 0.667969 0.337500 0.060938 0.100000
0 0.837500 0.624219 0.075000 0.120313
0 0.955469 0.674219 0.085938 0.170313
