0 0.066406 0.525000 0.032813 0.050000
0 0.058594 0.478906 0.026563 0.045313
0 0.102344 0.339063 0.032813 0.050000
0 0.137500 0.477344 0.031250 0.054688
0 0.179688 0.459375 0.034375 0.050000
0 0.190625 0.436719 0.025000 0.039062
0 0.197656 0.500000 0.035938 0.053125
0 0.226562 0.423438 0.025000 0.037500
0 0.244531 0.472656 0.026563 0.057813
0 0.275781 0.481250 0.029688 0.050000
0 0.307031 0.555469 0.051563 0.076563
0 0.327344 0.512500 0.039062 0.075000
0 0.317969 0.449219 0.032813 0.039062
0 0.311719 0.349219 0.023438 0.035938
0 0.389844 0.475000 0.029688 0.053125
0 0.379688 0.436719 0.025000 0.039062
0 0.398438 0.437500 0.021875 0.046875
0 0.460156 0.431250 0.023438 0.037500
0 0.466406 0.450000 0.026563 0.046875
0 0.469531 0.495313 0.042188 0.062500
0 0.494531 0.543750 0.060938 0.090625
0 0.510156 0.433594 0.023438 0.032813
0 0.502344 0.414062 0.017188 0.025000
0 0.563281 0.431250 0.020313 0.037500
0 0.582031 0.510156 0.048438 0.082813
0 0.582031 0.356250 0.026563 0.034375
0 0.609375 0.411719 0.025000 0.039062
0 0.657031 0.430469 0.026563 0.042188
0 0.685938 0.334375 0.021875 0.040625
0 0.719531 0.492188 0.039062 0.075000
0 0.706250 0.466406 0.034375 0.054688
0 0.761719 0.463281 0.029688 0.057813
0 0.797656 0.485156 0.035938 0.057813
0 0.839844 0.464063 0.029688 0.059375
0 0.853906 0.435156 0.020313 0.042188
0 0.914844 0.452344 0.032813 0.054688
0 0.952344 0.437500 0.029688 0.053125
