0 0.026563 0.418750 0.021875 0.043750
0 0.240625 0.353906 0.015625 0.032813
0 0.271094 0.360156 0.020313 0.045313
0 0.300000 0.378125 0.018750 0.043750
0 0.296875 0.318750 0.018750 0.034375
0 0.349219 0.381250 0.020313 0.046875
0 0.367969 0.302344 0.014063 0.032813
0 0.422656 0.353906 0.020313 0.035938
0 0.399219 0.270313 0.014063 0.021875
0 0.414062 0.289062 0.009375 0.021875
0 0.422656 0.313281 0.014063 0.026563
0 0.436719 0.294531 0.014063 0.026563
0 0.478906 0.322656 0.017188 0.026563
0 0.455469 0.320312 0.017188 0.028125
0 0.460156 0.355469 0.023438 0.035938
0 0.485156 0.278125 0.014063 0.025000
0 0.470313 0.258594 0.012500 0.023438
0 0.482031 0.247656 0.010938 0.023438
0 0.513281 0.272656 0.010938 0.035938
0 0.533594 0.332031 0.017188 0.032813
0 0.532031 0.260937 0.010938 0.021875
0 0.532031 0.291406 0.020313 0.029688
0 0.569531 0.296875 0.017188 0.028125
0 0.564063 0.238281 0.012500 0.026563
0 0.618750 0.232813 0.012500 0.021875
0 0.625781 0.215625 0.010938 0.021875
0 0.617969 0.265625 0.010938 0.021875
0 0.657031 0.264063 0.014063 0.025000
0 0.611719 0.342188 0.017188 0.037500
0 0.513281 0.406250 0.023438 0.050000
0 0.551563 0.379688 0.018750 0.037500
0 0.556250 0.421875 0.025000 0.040625
0 0.626563 0.442969 0.028125 0.054688
0 0.662500 0.344531 0.012500 0.029688
0 0.648438 0.315625 0.015625 0.031250
0 0.671094 0.228906 0.007812 0.023438
0 0.686719 0.239063 0.010938 0.031250
0 0.701563 0.239844 0.012500 0.026563
0 0.686719 0.282031 0.014063 0.032813
0 0.728125 0.298438 0.018750 0.028125
0 0.717969 0.272656 0.010938 0.017188
0 0.760156 0.233594 0.014063 0.029688
0 0.760156 0.282813 0.014063 0.031250
0 0.782031 0.296875 0.014063 0.034375
0 0.796875 0.241406 0.012500 0.032813
0 0.826563 0.258594 0.018750 0.032813
0 0.860156 0.268750 0.014063 0.025000
0 0.890625 0.260937 0.012500 0.028125
0 0.916406 0.294531 0.014063 0.035938
0 0.870313 0.298438 0.015625 0.025000
0 0.828906 0.317188 0.017188 0.028125
0 0.863281 0.326563 0.017188 0.031250
0 0.889844 0.331250 0.017188 0.034375
0 0.880469 0.364063 0.020313 0.037500
0 0.825000 0.389063 0.021875 0.040625
0 0.707031 0.357813 0.020313 0.034375
0 0.621875 0.393750 0.034375 0.034375
0 0.676563 0.385156 0.021875 0.045313
0 0.675000 0.467188 0.028125 0.062500
0 0.727344 0.517969 0.039062 0.076563
0 0.753906 0.411719 0.026563 0.051563
0 0.802344 0.415625 0.023438 0.050000
0 0.847656 0.528906 0.026563 0.057813
0 0.860156 0.450781 0.023438 0.051563
0 0.875781 0.412500 0.017188 0.034375
0 0.921875 0.482031 0.025000 0.051563
0 0.935156 0.410156 0.017188 0.045313
0 0.946094 0.366406 0.017188 0.035938
0 0.953906 0.296094 0.014063 0.026563
0 0.390625 0.362500 0.018750 0.031250
0 0.383594 0.336719 0.017188 0.032813
0 0.439063 0.273438 0.012500 0.028125
0 0.546875 0.278125 0.015625 0.031250
0 0.579688 0.275781 0.015625 0.029688
0 0.584375 0.235156 0.012500 0.023438
0 0.828906 0.355469 0.017188 0.035938
0 0.878906 0.280469 0.014063 0.032813
0 0.793750 0.275000 0.015625 0.040625
0 0.642969 0.232031 0.014063 0.026563
0 0.942969 0.334375 0.017188 0.034375
0 0.954688 0.319531 0.015625 0.029688
