0 0.052344 0.399219 0.023438 0.054688
0 0.264063 0.257812 0.015625 0.031250
0 0.275000 0.271094 0.015625 0.032813
0 0.314063 0.244531 0.015625 0.032813
0 0.329688 0.218750 0.015625 0.034375
0 0.356250 0.228125 0.015625 0.028125
0 0.357813 0.292969 0.018750 0.035938
0 0.382812 0.303906 0.025000 0.042188
0 0.382812 0.186719 0.012500 0.026563
0 0.393750 0.217969 0.015625 0.032813
0 0.401563 0.203125 0.015625 0.025000
0 0.405469 0.181250 0.014063 0.025000
0 0.445312 0.193750 0.015625 0.031250
0 0.450000 0.214844 0.015625 0.035938
0 0.470313 0.228125 0.015625 0.040625
0 0.458594 0.153125 0.014063 0.025000
0 0.480469 0.192188 0.017188 0.031250
0 0.471875 0.175781 0.015625 0.032813
0 0.500781 0.134375 0.010938 0.018750
0 0.507031 0.160156 0.010938 0.023438
0 0.514062 0.188281 0.015625 0.032813
0 0.521875 0.219531 0.018750 0.039062
0 0.529687 0.160938 0.012500 0.028125
0 0.546094 0.160156 0.014063 0.029688
0 0.563281 0.153125 0.010938 0.021875
0 0.566406 0.123438 0.010938 0.028125
0 0.591406 0.139844 0.014063 0.026563
0 0.613281 0.120313 0.010938 0.021875
0 0.616406 0.145313 0.014063 0.028125
0 0.639063 0.144531 0.015625 0.032813
0 0.645313 0.122656 0.012500 0.023438
0 0.671875 0.121094 0.012500 0.023438
0 0.582031 0.171875 0.014063 0.028125
0 0.575000 0.217969 0.018750 0.048438
0 0.606250 0.207031 0.018750 0.035938
0 0.616406 0.241406 0.026563 0.051563
0 0.571094 0.302344 0.023438 0.054688
0 0.497656 0.296875 0.026563 0.046875
0 0.609375 0.322656 0.031250 0.057813
0 0.656250 0.288281 0.025000 0.051563
0 0.653125 0.212500 0.018750 0.043750
0 0.653125 0.183594 0.015625 0.029688
0 0.692969 0.152344 0.014063 0.023438
0 0.706250 0.150000 0.012500 0.028125
0 0.717188 0.169531 0.015625 0.029688
0 0.695312 0.177344 0.018750 0.042188
0 0.726562 0.119531 0.012500 0.026563
0 0.746094 0.138281 0.014063 0.032813
0 0.759375 0.131250 0.015625 0.028125
0 0.760938 0.162500 0.015625 0.040625
0 0.781250 0.164062 0.015625 0.031250
0 0.776563 0.144531 0.012500 0.029688
0 0.764844 0.214063 0.020313 0.040625
0 0.730469 0.202344 0.017188 0.032813
0 0.726562 0.231250 0.018750 0.037500
0 0.753906 0.238281 0.017188 0.042188
0 0.697656 0.289062 0.020313 0.046875
0 0.757812 0.285938 0.021875 0.050000
0 0.839844 0.324219 0.023438 0.054688
0 0.854688 0.235938 0.021875 0.043750
0 0.914062 0.255469 0.021875 0.048438
0 0.902344 0.232031 0.017188 0.032813
0 0.885156 0.203906 0.017188 0.039062
0 0.877344 0.168750 0.014063 0.028125
0 0.889063 0.164062 0.015625 0.031250
0 0.853125 0.167969 0.015625 0.029688
0 0.837500 0.185938 0.015625 0.037500
0 0.821875 0.210938 0.018750 0.037500
0 0.832813 0.159375 0.015625 0.028125
