0 0.075781 0.433594 0.045313 0.082813
0 0.259375 0.286719 0.021875 0.035938
0 0.292187 0.268750 0.018750 0.034375
0 0.320312 0.262500 0.025000 0.037500
0 0.315625 0.226562 0.018750 0.031250
0 0.355469 0.263281 0.023438 0.045313
0 0.373438 0.220313 0.018750 0.046875
0 0.388281 0.225000 0.017188 0.034375
0 0.381250 0.202344 0.015625 0.032813
0 0.410156 0.178125 0.014063 0.031250
0 0.427344 0.223438 0.020313 0.040625
0 0.429688 0.279688 0.028125 0.053125
0 0.448438 0.220313 0.021875 0.046875
0 0.464844 0.202344 0.017188 0.029688
0 0.461719 0.175781 0.014063 0.026563
0 0.453125 0.145313 0.012500 0.025000
0 0.481250 0.171094 0.015625 0.032813
0 0.472656 0.157031 0.014063 0.026563
0 0.489063 0.206250 0.018750 0.037500
0 0.479688 0.232813 0.028125 0.046875
0 0.533594 0.192969 0.023438 0.039062
0 0.493750 0.296875 0.028125 0.062500
0 0.560937 0.292969 0.028125 0.051563
0 0.566406 0.250000 0.023438 0.046875
0 0.612500 0.257812 0.031250 0.056250
0 0.614063 0.329688 0.031250 0.062500
0 0.488281 0.136719 0.014063 0.020313
0 0.519531 0.149219 0.017188 0.029688
0 0.550781 0.158594 0.017188 0.029688
0 0.542969 0.132812 0.014063 0.025000
0 0.555469 0.115625 0.014063 0.025000
0 0.567188 0.177344 0.018750 0.029688
0 0.597656 0.150781 0.014063 0.029688
0 0.589844 0.125781 0.017188 0.035938
0 0.599219 0.107031 0.017188 0.035938
0 0.616406 0.106250 0.014063 0.025000
0 0.614063 0.124219 0.015625 0.026563
0 0.613281 0.154688 0.017188 0.037500
0 0.632812 0.142187 0.018750 0.034375
0 0.640625 0.123438 0.012500 0.028125
0 0.646094 0.106250 0.014063 0.028125
0 0.622656 0.191406 0.020313 0.042188
0 0.651563 0.181250 0.021875 0.043750
0 0.662500 0.208594 0.021875 0.042188
0 0.667188 0.264063 0.028125 0.056250
0 0.705469 0.225781 0.023438 0.057813
0 0.700000 0.179688 0.021875 0.040625
0 0.695312 0.142187 0.018750 0.037500
0 0.678125 0.123438 0.018750 0.031250
0 0.687500 0.104688 0.012500 0.031250
0 0.730469 0.120313 0.017188 0.034375
0 0.714844 0.152344 0.014063 0.029688
0 0.730469 0.210156 0.023438 0.048438
0 0.729688 0.284375 0.034375 0.056250
0 0.780469 0.290625 0.029688 0.065625
0 0.759375 0.212500 0.021875 0.050000
0 0.739063 0.171875 0.015625 0.034375
0 0.750781 0.142969 0.014063 0.039062
0 0.753906 0.116406 0.010938 0.023438
0 0.764844 0.134375 0.014063 0.037500
0 0.782031 0.123438 0.014063 0.037500
0 0.801563 0.134375 0.012500 0.034375
0 0.815625 0.129688 0.012500 0.037500
0 0.807031 0.176563 0.017188 0.043750
0 0.821094 0.254688 0.026563 0.053125
0 0.761719 0.185938 0.014063 0.034375
0 0.826563 0.171094 0.018750 0.039062
0 0.836719 0.145313 0.017188 0.034375
0 0.850000 0.187500 0.018750 0.040625
0 0.862500 0.158594 0.015625 0.035938
0 0.871094 0.142187 0.010938 0.025000
0 0.893750 0.132812 0.015625 0.028125
0 0.897656 0.168750 0.014063 0.031250
0 0.891406 0.194531 0.014063 0.035938
0 0.877344 0.178125 0.017188 0.037500
0 0.870313 0.223438 0.021875 0.043750
0 0.917188 0.289844 0.021875 0.054688
0 0.922656 0.203125 0.017188 0.037500
0 0.930469 0.175000 0.010938 0.031250
0 0.931250 0.156250 0.009375 0.025000
