0 0.029688 0.697656 0.053125 0.120313
0 0.023438 0.778125 0.043750 0.112500
0 0.057813 0.610156 0.087500 0.120313
0 0.418750 0.910938 0.187500 0.175000
0 0.167969 0.577344 0.064063 0.092188
0 0.217969 0.567188 0.054688 0.093750
0 0.185938 0.518750 0.053125 0.059375
0 0.208594 0.495313 0.045313 0.056250
0 0.097656 0.466406 0.026563 0.042188
0 0.112500 0.460938 0.021875 0.040625
0 0.125000 0.449219 0.018750 0.026563
0 0.147656 0.378125 0.017188 0.031250
0 0.175000 0.373438 0.021875 0.034375
0 0.558594 0.368750 0.032813 0.056250
0 0.885938 0.264844 0.043750 0.060938
