0 0.183594 0.484375 0.057813 0.075000
0 0.252344 0.521875 0.054688 0.096875
0 0.317969 0.488281 0.048438 0.082813
0 0.375000 0.490625 0.053125 0.093750
0 0.447656 0.482031 0.042188 0.067187
0 0.549219 0.503125 0.045313 0.090625
0 0.515625 0.490625 0.037500 0.078125
0 0.641406 0.516406 0.045313 0.070312
0 0.617969 0.471875 0.026563 0.040625
0 0.721875 0.471875 0.034375 0.062500
0 0.761719 0.469531 0.029688 0.051563
0 0.799219 0.478906 0.035938 0.064063
0 0.835156 0.284375 0.054688 0.093750
0 0.121875 0.469531 0.025000 0.045313
0 0.084375 0.471875 0.025000 0.040625
0 0.059375 0.450781 0.025000 0.051563
