0 0.117969 0.164844 0.210938 0.317188
0 0.380469 0.482031 0.117188 0.201563
0 0.512500 0.413281 0.090625 0.182813
0 0.612500 0.428125 0.065625 0.125000
0 0.616406 0.355469 0.048438 0.079688
0 0.657031 0.410938 0.045313 0.096875
0 0.657031 0.377344 0.039062 0.064063
0 0.675781 0.344531 0.032813 0.054688
0 0.700000 0.382812 0.034375 0.056250
0 0.714844 0.342188 0.026563 0.050000
0 0.690625 0.723438 0.165625 0.253125
0 0.728125 0.561719 0.109375 0.176563
0 0.771875 0.476562 0.093750 0.140625
0 0.889844 0.343750 0.045313 0.071875
0 0.860156 0.354688 0.032813 0.059375
