0 0.219531 0.444531 0.054688 0.117188
0 0.265625 0.435938 0.053125 0.115625
0 0.325000 0.278125 0.025000 0.046875
0 0.379688 0.257031 0.025000 0.045313
0 0.425781 0.232813 0.020313 0.046875
0 0.445312 0.283594 0.025000 0.042188
0 0.491406 0.314063 0.029688 0.062500
0 0.465625 0.225000 0.021875 0.043750
0 0.465625 0.183594 0.021875 0.042188
0 0.491406 0.194531 0.020313 0.042188
0 0.551563 0.197656 0.021875 0.039062
0 0.464844 0.099219 0.014063 0.032813
0 0.496094 0.076563 0.017188 0.031250
0 0.549219 0.132812 0.017188 0.034375
0 0.569531 0.147656 0.017188 0.035938
0 0.596094 0.150781 0.020313 0.035938
0 0.678125 0.249219 0.028125 0.060938
0 0.737500 0.282813 0.031250 0.068750
0 0.712500 0.148438 0.018750 0.040625
0 0.732813 0.143750 0.018750 0.040625
0 0.753125 0.150781 0.018750 0.035938
0 0.775781 0.139063 0.017188 0.040625
0 0.803906 0.155469 0.020313 0.042188
0 0.824219 0.171875 0.020313 0.046875
0 0.842969 0.123438 0.017188 0.034375
0 0.911719 0.235156 0.026563 0.054688
0 0.852344 0.317188 0.032813 0.062500
