0 0.057813 0.225781 0.065625 0.132812
0 0.150781 0.371875 0.035938 0.056250
0 0.141406 0.336719 0.029688 0.048438
0 0.196094 0.376563 0.035938 0.075000
0 0.229688 0.369531 0.040625 0.073438
0 0.249219 0.391406 0.042188 0.070312
0 0.283594 0.326563 0.026563 0.059375
0 0.315625 0.326563 0.021875 0.059375
0 0.342188 0.333594 0.028125 0.054688
0 0.373438 0.336719 0.025000 0.060938
0 0.408594 0.348438 0.029688 0.062500
0 0.404688 0.439844 0.043750 0.107813
0 0.452344 0.450781 0.048438 0.104688
0 0.454688 0.357813 0.037500 0.078125
0 0.523438 0.319531 0.025000 0.048438
0 0.471875 0.305469 0.025000 0.039062
0 0.579688 0.324219 0.031250 0.057813
0 0.521875 0.479688 0.050000 0.109375
0 0.607813 0.496094 0.062500 0.123438
0 0.623438 0.398438 0.046875 0.090625
0 0.697656 0.423438 0.042188 0.087500
0 0.768750 0.421094 0.053125 0.092188
0 0.746094 0.369531 0.035938 0.079688
0 0.739844 0.542969 0.079688 0.154688
0 0.899219 0.628906 0.085938 0.167188
0 0.871875 0.433594 0.068750 0.123438
0 0.831250 0.377344 0.043750 0.095313
0 0.967969 0.467969 0.064063 0.123438
0 0.979688 0.393750 0.040625 0.081250
