0 0.021875 0.532031 0.031250 0.067187
0 0.163281 0.572656 0.057813 0.110938
0 0.167188 0.477344 0.034375 0.070312
0 0.203125 0.540625 0.040625 0.075000
0 0.103125 0.608594 0.043750 0.073438
0 0.253906 0.593750 0.079688 0.143750
0 0.322656 0.742188 0.151563 0.359375
0 0.323438 0.553125 0.046875 0.078125
0 0.281250 0.536719 0.040625 0.092188
0 0.382031 0.585156 0.039062 0.082813
0 0.390625 0.555469 0.037500 0.070312
0 0.444531 0.585156 0.042188 0.092188
0 0.521875 0.614844 0.081250 0.160938
0 0.578125 0.575781 0.040625 0.085938
0 0.615625 0.586719 0.034375 0.089063
0 0.524219 0.427344 0.029688 0.064063
0 0.903906 0.609375 0.039062 0.071875
0 0.925000 0.635938 0.050000 0.087500
