0 0.304688 0.442969 0.087500 0.148438
0 0.228906 0.394531 0.045313 0.070312
0 0.178125 0.437500 0.065625 0.112500
0 0.132031 0.377344 0.042188 0.070312
0 0.107813 0.345313 0.028125 0.053125
0 0.075781 0.385156 0.057813 0.082813
0 0.018750 0.361719 0.034375 0.082813
0 0.069531 0.275000 0.026563 0.046875
0 0.097656 0.267969 0.026563 0.042188
0 0.203906 0.340625 0.029688 0.053125
0 0.209375 0.305469 0.021875 0.032813
0 0.246094 0.368750 0.039062 0.075000
0 0.271094 0.338281 0.039062 0.057813
0 0.305469 0.322656 0.023438 0.042188
0 0.341406 0.355469 0.035938 0.057813
0 0.343750 0.322656 0.031250 0.048438
0 0.357031 0.314063 0.017188 0.034375
0 0.407031 0.341406 0.032813 0.054688
0 0.414062 0.315625 0.018750 0.037500
0 0.478906 0.437500 0.082813 0.128125
0 0.451563 0.380469 0.053125 0.076563
0 0.478906 0.328125 0.032813 0.046875
0 0.521875 0.353125 0.046875 0.087500
0 0.571875 0.400000 0.056250 0.100000
0 0.606250 0.341406 0.043750 0.067187
0 0.671094 0.390625 0.057813 0.096875
0 0.676563 0.339063 0.043750 0.059375
0 0.630469 0.316406 0.020313 0.035938
0 0.547656 0.342969 0.026563 0.051563
0 0.542969 0.316406 0.017188 0.032813
0 0.705469 0.318750 0.017188 0.034375
0 0.728906 0.317969 0.023438 0.032813
0 0.749219 0.351562 0.039062 0.065625
0 0.777344 0.340625 0.023438 0.053125
0 0.800781 0.349219 0.035938 0.060938
0 0.835156 0.339844 0.029688 0.054688
0 0.867969 0.368750 0.051563 0.084375
0 0.914062 0.352344 0.046875 0.079688
0 0.934375 0.320312 0.025000 0.053125
0 0.989063 0.322656 0.021875 0.048438
0 0.959375 0.323438 0.021875 0.037500
0 0.867188 0.314844 0.021875 0.045313
