0 0.175000 0.494531 0.043750 0.079688
0 0.260156 0.265625 0.020313 0.034375
0 0.281250 0.262500 0.018750 0.034375
0 0.376563 0.277344 0.018750 0.042188
0 0.490625 0.308594 0.031250 0.057813
0 0.545312 0.325781 0.028125 0.039062
0 0.688281 0.325781 0.023438 0.054688
0 0.719531 0.342188 0.023438 0.068750
0 0.790625 0.378125 0.034375 0.068750
0 0.893750 0.378906 0.034375 0.070312
0 0.905469 0.301563 0.017188 0.050000
0 0.828906 0.315625 0.023438 0.050000
0 0.771094 0.279688 0.026563 0.050000
0 0.707813 0.272656 0.028125 0.042188
0 0.745313 0.239063 0.025000 0.034375
0 0.737500 0.182031 0.018750 0.042188
0 0.781250 0.198438 0.018750 0.043750
0 0.830469 0.203125 0.020313 0.043750
0 0.693750 0.188281 0.025000 0.032813
0 0.660156 0.220313 0.029688 0.043750
0 0.611719 0.258594 0.032813 0.045313
0 0.560937 0.263281 0.028125 0.045313
0 0.540625 0.193750 0.025000 0.037500
0 0.432813 0.232031 0.025000 0.032813
0 0.403906 0.222656 0.026563 0.026563
0 0.367969 0.220313 0.023438 0.025000
0 0.701563 0.057031 0.012500 0.026563
0 0.803125 0.139844 0.021875 0.035938
0 0.828906 0.140625 0.017188 0.037500
0 0.842969 0.119531 0.014063 0.032813
0 0.867969 0.131250 0.017188 0.031250
0 0.886719 0.133594 0.010938 0.054688
0 0.906250 0.142187 0.009375 0.034375
0 0.928906 0.146875 0.023438 0.050000
0 0.876563 0.196875 0.028125 0.046875
0 0.926563 0.225000 0.025000 0.037500
0 0.866406 0.253906 0.026563 0.048438
0 0.441406 0.193750 0.020313 0.025000
0 0.474219 0.189063 0.010938 0.034375
0 0.489063 0.197656 0.015625 0.039062
0 0.512500 0.125781 0.015625 0.029688
0 0.534375 0.123438 0.015625 0.028125
0 0.617188 0.150000 0.012500 0.031250
0 0.651563 0.142187 0.015625 0.031250
0 0.651563 0.112500 0.018750 0.021875
0 0.585938 0.143750 0.018750 0.031250
0 0.567188 0.132812 0.015625 0.025000
0 0.450000 0.153125 0.015625 0.018750
0 0.468750 0.152344 0.018750 0.023438
0 0.589063 0.113281 0.015625 0.020313
0 0.547656 0.070312 0.017188 0.028125
0 0.625000 0.098438 0.025000 0.037500
0 0.364063 0.191406 0.015625 0.023438
