0 0.188281 0.228906 0.092188 0.167188
0 0.192969 0.404688 0.082813 0.143750
0 0.177344 0.561719 0.135938 0.273438
0 0.450000 0.384375 0.071875 0.165625
0 0.442188 0.307813 0.050000 0.093750
0 0.339063 0.261719 0.037500 0.060938
0 0.402344 0.245313 0.032813 0.071875
0 0.492188 0.080469 0.034375 0.067187
0 0.623438 0.253125 0.037500 0.100000
0 0.513281 0.249219 0.039062 0.082813
0 0.579688 0.349219 0.056250 0.107813
0 0.821094 0.392188 0.095313 0.196875
0 0.878125 0.285938 0.056250 0.134375
0 0.775781 0.235938 0.042188 0.090625
