0 0.065625 0.524219 0.100000 0.182813
0 0.333594 0.716406 0.182813 0.310938
0 0.189844 0.896094 0.157813 0.207813
0 0.275781 0.478906 0.079688 0.132812
0 0.208594 0.518750 0.060938 0.100000
0 0.361719 0.535156 0.067187 0.107813
0 0.383594 0.497656 0.042188 0.082813
0 0.500781 0.252344 0.051563 0.095313
0 0.536719 0.391406 0.042188 0.082813
0 0.588281 0.505469 0.060938 0.085938
0 0.539844 0.611719 0.064063 0.120313
0 0.601562 0.684375 0.084375 0.146875
0 0.503125 0.896094 0.140625 0.204688
0 0.787500 0.767188 0.175000 0.318750
0 0.728125 0.565625 0.078125 0.131250
0 0.705469 0.421094 0.045313 0.082813
0 0.815625 0.233594 0.050000 0.067187
0 0.838281 0.510156 0.051563 0.095313
0 0.903906 0.496875 0.054688 0.093750
0 0.889844 0.595313 0.073438 0.115625
0 0.953125 0.686719 0.093750 0.235938
0 0.947656 0.485156 0.042188 0.079688
0 0.639844 0.402344 0.045313 0.079688
