0 0.068750 0.458594 0.043750 0.073438
0 0.129688 0.580469 0.043750 0.067187
0 0.103125 0.580469 0.028125 0.057813
0 0.078125 0.573438 0.034375 0.062500
0 0.116406 0.640625 0.057813 0.078125
0 0.153125 0.692188 0.068750 0.087500
0 0.202344 0.770313 0.098438 0.137500
0 0.179688 0.917969 0.143750 0.167188
0 0.493750 0.896094 0.115625 0.176563
0 0.374219 0.712500 0.085938 0.125000
0 0.298438 0.678125 0.068750 0.096875
0 0.249219 0.642969 0.048438 0.076563
0 0.229688 0.598438 0.037500 0.059375
0 0.205469 0.569531 0.039062 0.064063
0 0.215625 0.529687 0.031250 0.043750
0 0.257812 0.535938 0.025000 0.037500
0 0.267969 0.556250 0.026563 0.043750
0 0.293750 0.565625 0.037500 0.062500
0 0.350781 0.564063 0.042188 0.075000
0 0.424219 0.564844 0.039062 0.057813
0 0.475781 0.585938 0.039062 0.068750
0 0.461719 0.515625 0.029688 0.046875
0 0.509375 0.544531 0.037500 0.057813
0 0.522656 0.602344 0.051563 0.067187
0 0.555469 0.566406 0.035938 0.051563
0 0.564063 0.525000 0.025000 0.050000
0 0.632031 0.542969 0.042188 0.054688
0 0.636719 0.589063 0.042188 0.059375
0 0.624219 0.621094 0.054688 0.076563
0 0.773438 0.690625 0.081250 0.103125
0 0.744531 0.607813 0.054688 0.084375
0 0.741406 0.546094 0.035938 0.051563
0 0.736719 0.517188 0.026563 0.046875
0 0.690625 0.535938 0.031250 0.043750
0 0.676563 0.514844 0.021875 0.035938
0 0.660938 0.550000 0.025000 0.034375
0 0.776563 0.533594 0.025000 0.048438
0 0.764844 0.507812 0.020313 0.037500
0 0.797656 0.567188 0.032813 0.056250
0 0.810156 0.550000 0.029688 0.046875
0 0.835938 0.515625 0.028125 0.053125
0 0.857813 0.530469 0.031250 0.051563
0 0.889063 0.567969 0.034375 0.060938
0 0.900781 0.528906 0.032813 0.045313
0 0.947656 0.544531 0.032813 0.057813
0 0.925000 0.590625 0.043750 0.068750
0 0.914062 0.649219 0.065625 0.098438
0 0.971875 0.771875 0.059375 0.146875
