0 0.183594 0.470313 0.051563 0.103125
0 0.602344 0.201563 0.017188 0.031250
0 0.616406 0.210156 0.017188 0.029688
0 0.631250 0.221875 0.021875 0.031250
0 0.653125 0.212500 0.009375 0.025000
0 0.664062 0.223438 0.018750 0.031250
0 0.671094 0.230469 0.014063 0.029688
0 0.741406 0.233594 0.017188 0.029688
0 0.546094 0.216406 0.017188 0.032813
0 0.559375 0.257812 0.015625 0.031250
0 0.588281 0.236719 0.023438 0.032813
0 0.542969 0.283594 0.017188 0.045313
0 0.389063 0.250000 0.015625 0.021875
0 0.450000 0.242188 0.015625 0.025000
0 0.510156 0.289062 0.020313 0.037500
0 0.496875 0.269531 0.021875 0.029688
0 0.422656 0.282813 0.017188 0.043750
0 0.406250 0.293750 0.015625 0.037500
0 0.352344 0.292969 0.014063 0.039062
0 0.285938 0.299219 0.015625 0.032813
0 0.223438 0.339063 0.012500 0.031250
0 0.257812 0.342188 0.015625 0.043750
0 0.294531 0.357813 0.017188 0.043750
0 0.316406 0.386719 0.020313 0.048438
0 0.352344 0.325000 0.017188 0.031250
0 0.378906 0.332813 0.014063 0.031250
0 0.404688 0.331250 0.015625 0.031250
0 0.442969 0.337500 0.020313 0.040625
0 0.463281 0.305469 0.017188 0.035938
0 0.503125 0.321875 0.025000 0.040625
0 0.588281 0.322656 0.026563 0.042188
0 0.626563 0.287500 0.031250 0.043750
0 0.495313 0.382031 0.025000 0.057813
0 0.536719 0.393750 0.026563 0.056250
0 0.603906 0.422656 0.035938 0.060938
0 0.639844 0.330469 0.023438 0.032813
0 0.649219 0.368750 0.026563 0.050000
0 0.682813 0.342969 0.021875 0.042188
0 0.657813 0.435938 0.034375 0.068750
0 0.701563 0.467969 0.037500 0.079688
0 0.736719 0.403125 0.035938 0.043750
0 0.757031 0.442188 0.032813 0.053125
0 0.769531 0.245313 0.017188 0.031250
0 0.697656 0.254688 0.014063 0.031250
0 0.666406 0.266406 0.017188 0.035938
0 0.714063 0.283594 0.015625 0.042188
0 0.737500 0.277344 0.018750 0.026563
0 0.757812 0.285156 0.018750 0.042188
0 0.795313 0.242969 0.015625 0.029688
0 0.824219 0.258594 0.020313 0.032813
0 0.802344 0.292969 0.023438 0.032813
0 0.835938 0.307031 0.018750 0.039062
0 0.850000 0.264063 0.015625 0.040625
0 0.857031 0.253125 0.014063 0.046875
0 0.807031 0.338281 0.017188 0.042188
0 0.789062 0.360156 0.021875 0.042188
0 0.850000 0.366406 0.025000 0.054688
0 0.803906 0.480469 0.029688 0.070312
0 0.878906 0.282813 0.017188 0.037500
0 0.868750 0.321094 0.018750 0.039062
0 0.917969 0.264844 0.020313 0.039062
0 0.875781 0.392969 0.023438 0.045313
0 0.903125 0.359375 0.015625 0.050000
0 0.917188 0.310938 0.015625 0.021875
0 0.895313 0.457813 0.031250 0.068750
0 0.508594 0.247656 0.020313 0.023438
0 0.728125 0.252344 0.018750 0.039062
0 0.805469 0.271094 0.017188 0.035938
0 0.915625 0.325781 0.018750 0.064063
0 0.832813 0.444531 0.028125 0.064063
0 0.564844 0.242188 0.010938 0.031250
0 0.464844 0.267969 0.020313 0.035938
0 0.436719 0.303906 0.020313 0.039062
