0 0.178125 0.481250 0.040625 0.081250
0 0.271875 0.260156 0.012500 0.026563
0 0.375781 0.289844 0.023438 0.035938
0 0.328125 0.280469 0.025000 0.032813
0 0.294531 0.278125 0.023438 0.037500
0 0.692188 0.104688 0.015625 0.021875
0 0.658594 0.114063 0.014063 0.028125
0 0.626563 0.103906 0.009375 0.020313
0 0.607813 0.104688 0.009375 0.021875
0 0.588281 0.123438 0.014063 0.021875
0 0.554688 0.126562 0.015625 0.028125
0 0.522656 0.140625 0.014063 0.021875
0 0.510156 0.149219 0.010938 0.023438
0 0.498438 0.136719 0.006250 0.017188
0 0.477344 0.150000 0.010938 0.028125
0 0.439063 0.189063 0.015625 0.031250
0 0.419531 0.175781 0.014063 0.023438
0 0.416406 0.113281 0.014063 0.026563
0 0.362500 0.199219 0.015625 0.029688
0 0.396094 0.200000 0.017188 0.031250
0 0.442969 0.245313 0.020313 0.037500
0 0.477344 0.218750 0.020313 0.040625
0 0.477344 0.192969 0.020313 0.032813
0 0.517969 0.179688 0.014063 0.028125
0 0.546875 0.189844 0.015625 0.035938
0 0.566406 0.176563 0.017188 0.034375
0 0.607031 0.142969 0.017188 0.032813
0 0.488281 0.342188 0.026563 0.040625
0 0.530469 0.352344 0.029688 0.054688
0 0.575000 0.233594 0.018750 0.042188
0 0.625000 0.238281 0.021875 0.039062
0 0.652344 0.170313 0.020313 0.034375
0 0.746875 0.116406 0.015625 0.032813
0 0.741406 0.150781 0.014063 0.029688
0 0.772656 0.129688 0.010938 0.028125
0 0.777344 0.159375 0.014063 0.031250
0 0.830469 0.128906 0.010938 0.029688
0 0.841406 0.144531 0.014063 0.032813
0 0.852344 0.153906 0.014063 0.042188
0 0.862500 0.125000 0.009375 0.018750
0 0.921875 0.160156 0.009375 0.029688
0 0.910938 0.206250 0.015625 0.040625
0 0.876563 0.191406 0.018750 0.026563
0 0.876563 0.212500 0.015625 0.037500
0 0.919531 0.230469 0.020313 0.045313
0 0.824219 0.205469 0.020313 0.045313
0 0.778125 0.196094 0.021875 0.042188
0 0.711719 0.198438 0.020313 0.034375
0 0.724219 0.177344 0.020313 0.032813
0 0.689063 0.194531 0.018750 0.035938
0 0.648438 0.227344 0.021875 0.045313
0 0.685938 0.239063 0.021875 0.037500
0 0.668750 0.319531 0.025000 0.048438
0 0.737500 0.263281 0.021875 0.051563
0 0.745313 0.226562 0.018750 0.046875
0 0.779688 0.266406 0.021875 0.048438
0 0.800000 0.249219 0.018750 0.045313
0 0.732813 0.342188 0.031250 0.068750
0 0.814063 0.322656 0.028125 0.064063
0 0.854688 0.256250 0.018750 0.046875
0 0.873438 0.347656 0.021875 0.057813
0 0.898438 0.367188 0.021875 0.037500
0 0.891406 0.281250 0.017188 0.043750
