0 0.925781 0.422656 0.026563 0.054688
0 0.916406 0.415625 0.029688 0.065625
0 0.878125 0.403125 0.025000 0.040625
0 0.837500 0.405469 0.025000 0.051563
0 0.821094 0.385938 0.020313 0.037500
0 0.814844 0.366406 0.020313 0.045313
0 0.764844 0.529687 0.076563 0.143750
0 0.706250 0.560937 0.062500 0.140625
0 0.574219 0.610938 0.107813 0.206250
0 0.535156 0.471875 0.045313 0.081250
0 0.626563 0.484375 0.037500 0.078125
0 0.742188 0.463281 0.037500 0.064063
0 0.711719 0.428906 0.032813 0.060938
0 0.717188 0.373438 0.021875 0.046875
0 0.696875 0.407813 0.021875 0.040625
0 0.680469 0.397656 0.020313 0.039062
0 0.670313 0.379688 0.015625 0.037500
0 0.650781 0.401563 0.023438 0.056250
0 0.620313 0.421875 0.031250 0.059375
0 0.600781 0.410938 0.023438 0.050000
0 0.625000 0.375781 0.018750 0.039062
0 0.587500 0.303125 0.015625 0.031250
0 0.572656 0.417969 0.029688 0.057813
0 0.589844 0.385156 0.014063 0.035938
0 0.577344 0.387500 0.017188 0.034375
0 0.541406 0.380469 0.017188 0.035938
0 0.552344 0.373438 0.014063 0.028125
0 0.506250 0.417188 0.028125 0.062500
0 0.521875 0.382812 0.018750 0.034375
0 0.506250 0.380469 0.015625 0.039062
0 0.486719 0.389063 0.023438 0.043750
0 0.478906 0.412500 0.023438 0.053125
0 0.458594 0.385156 0.020313 0.032813
0 0.441406 0.385156 0.020313 0.051563
0 0.416406 0.373438 0.020313 0.031250
0 0.415625 0.414844 0.021875 0.045313
0 0.389063 0.425781 0.025000 0.067187
0 0.387500 0.376563 0.018750 0.037500
0 0.371875 0.406250 0.028125 0.046875
0 0.367188 0.455469 0.034375 0.054688
0 0.332813 0.426563 0.031250 0.065625
0 0.352344 0.386719 0.020313 0.045313
0 0.294531 0.396094 0.026563 0.048438
0 0.282813 0.468750 0.037500 0.059375
0 0.265625 0.407813 0.031250 0.053125
0 0.220313 0.417188 0.031250 0.050000
0 0.200781 0.601562 0.098438 0.150000
0 0.046875 0.428125 0.037500 0.075000
0 0.014844 0.437500 0.026563 0.084375
