0 0.058594 0.336719 0.045313 0.070312
0 0.128125 0.461719 0.050000 0.082813
0 0.128906 0.360938 0.039062 0.062500
0 0.188281 0.382812 0.039062 0.062500
0 0.179688 0.463281 0.040625 0.073438
0 0.245313 0.470313 0.034375 0.059375
0 0.217969 0.367969 0.029688 0.051563
0 0.256250 0.374219 0.034375 0.073438
0 0.291406 0.360156 0.029688 0.051563
0 0.317969 0.453906 0.039062 0.070312
0 0.335156 0.366406 0.032813 0.060938
0 0.357031 0.338281 0.035938 0.057813
0 0.387500 0.360156 0.034375 0.057813
0 0.413281 0.454688 0.039062 0.065625
0 0.439844 0.391406 0.029688 0.060938
0 0.431250 0.350000 0.028125 0.050000
0 0.471875 0.474219 0.037500 0.073438
0 0.474219 0.379688 0.035938 0.062500
0 0.495313 0.344531 0.028125 0.048438
0 0.523438 0.344531 0.025000 0.051563
0 0.532031 0.371875 0.032813 0.062500
0 0.553906 0.470313 0.039062 0.071875
0 0.561719 0.334375 0.026563 0.065625
0 0.589063 0.357031 0.034375 0.051563
0 0.611719 0.466406 0.039062 0.067187
0 0.629688 0.351562 0.040625 0.068750
0 0.607031 0.317969 0.026563 0.048438
0 0.654688 0.327344 0.025000 0.051563
0 0.678906 0.353125 0.035938 0.071875
0 0.698438 0.329688 0.034375 0.065625
0 0.689063 0.471875 0.043750 0.084375
0 0.737500 0.318750 0.034375 0.062500
0 0.758594 0.327344 0.042188 0.073438
0 0.802344 0.303906 0.051563 0.082813
0 0.910156 0.347656 0.048438 0.092188
