0 0.038281 0.408594 0.057813 0.123438
0 0.078906 0.517969 0.060938 0.145313
0 0.132031 0.559375 0.076563 0.162500
0 0.198438 0.653906 0.118750 0.226562
0 0.225781 0.734375 0.123438 0.190625
0 0.264063 0.417188 0.065625 0.096875
0 0.319531 0.496875 0.079688 0.134375
0 0.386719 0.514844 0.067187 0.114063
0 0.433594 0.164844 0.067187 0.160938
0 0.561719 0.432031 0.054688 0.117188
0 0.657813 0.725000 0.128125 0.253125
0 0.660938 0.488281 0.100000 0.189063
0 0.690625 0.419531 0.059375 0.120313
0 0.741406 0.389844 0.057813 0.120313
0 0.792188 0.407031 0.050000 0.098438
0 0.791406 0.514844 0.082813 0.135938
0 0.931250 0.430469 0.081250 0.157813
0 0.965625 0.383594 0.062500 0.110938
