0 0.194531 0.532031 0.045313 0.117188
0 0.299219 0.547656 0.060938 0.129688
0 0.263281 0.496094 0.045313 0.104688
0 0.339844 0.485156 0.035938 0.082813
0 0.389844 0.528906 0.045313 0.110938
0 0.418750 0.290625 0.050000 0.093750
0 0.480469 0.433594 0.039062 0.070312
0 0.685938 0.308594 0.034375 0.064063
0 0.624219 0.682031 0.089063 0.189063
0 0.724219 0.639063 0.073438 0.175000
0 0.858594 0.759375 0.135938 0.300000
0 0.859375 0.557031 0.056250 0.117188
0 0.849219 0.464844 0.051563 0.110938
0 0.808594 0.472656 0.042188 0.092188
0 0.764063 0.435938 0.037500 0.075000
0 0.756250 0.532031 0.043750 0.110938
0 0.716406 0.447656 0.035938 0.070312
0 0.914062 0.428125 0.056250 0.081250
0 0.900781 0.485156 0.032813 0.082813
0 0.963281 0.490625 0.054688 0.121875
