0 0.026563 0.583594 0.046875 0.101562
0 0.017188 0.530469 0.028125 0.060938
0 0.029688 0.501563 0.021875 0.046875
0 0.058594 0.498438 0.029688 0.068750
0 0.074219 0.749219 0.079688 0.170313
0 0.145313 0.584375 0.053125 0.087500
0 0.214063 0.528906 0.043750 0.079688
0 0.240625 0.608594 0.053125 0.101562
0 0.284375 0.554688 0.050000 0.087500
0 0.342188 0.590625 0.050000 0.109375
0 0.369531 0.568750 0.039062 0.087500
0 0.443750 0.563281 0.043750 0.082813
0 0.467188 0.653906 0.059375 0.142187
0 0.512500 0.392188 0.025000 0.062500
0 0.540625 0.589844 0.050000 0.098438
0 0.546875 0.549219 0.034375 0.082813
0 0.645313 0.530469 0.043750 0.098438
0 0.673438 0.589063 0.053125 0.106250
0 0.677344 0.683594 0.070312 0.142187
0 0.622656 0.928906 0.107813 0.139063
0 0.726562 0.585938 0.050000 0.090625
0 0.722656 0.535156 0.042188 0.076563
0 0.878906 0.589844 0.073438 0.098438
0 0.907813 0.708594 0.075000 0.142187
0 0.980469 0.484375 0.026563 0.068750
0 0.984375 0.496094 0.025000 0.057813
