0 0.071875 0.263281 0.109375 0.179688
0 0.090625 0.121875 0.053125 0.081250
0 0.047656 0.092188 0.039062 0.068750
0 0.164062 0.104688 0.037500 0.056250
0 0.226562 0.084375 0.050000 0.084375
0 0.328125 0.174219 0.075000 0.126562
0 0.465625 0.090625 0.050000 0.087500
0 0.566406 0.060156 0.039062 0.057813
0 0.599219 0.210156 0.082813 0.135938
0 0.633594 0.117969 0.042188 0.070312
0 0.672656 0.079688 0.045313 0.081250
0 0.821094 0.567188 0.220313 0.371875
0 0.882031 0.320312 0.145313 0.240625
0 0.845313 0.062500 0.040625 0.062500
