0 0.204688 0.326563 0.050000 0.096875
0 0.303906 0.163281 0.020313 0.032813
0 0.347656 0.196875 0.017188 0.031250
0 0.542969 0.132812 0.023438 0.043750
0 0.623438 0.184375 0.015625 0.040625
0 0.617969 0.237500 0.020313 0.037500
0 0.642188 0.236719 0.031250 0.054688
0 0.683594 0.205469 0.020313 0.042188
0 0.682031 0.171875 0.020313 0.037500
0 0.717188 0.193750 0.015625 0.034375
0 0.697656 0.251563 0.023438 0.053125
0 0.735938 0.277344 0.021875 0.054688
0 0.837500 0.240625 0.021875 0.043750
0 0.881250 0.257031 0.018750 0.039062
0 0.931250 0.434375 0.046875 0.100000
