0 0.232031 0.277344 0.029688 0.048438
0 0.379688 0.274219 0.028125 0.035938
0 0.411719 0.278125 0.029688 0.056250
0 0.462500 0.222656 0.021875 0.045313
0 0.488281 0.309375 0.029688 0.065625
0 0.539844 0.331250 0.026563 0.050000
0 0.590625 0.391406 0.037500 0.057813
0 0.635938 0.246875 0.028125 0.031250
0 0.677344 0.210156 0.026563 0.048438
0 0.791406 0.279688 0.026563 0.040625
0 0.851562 0.312500 0.025000 0.046875
0 0.907813 0.150000 0.018750 0.028125
0 0.939063 0.159375 0.021875 0.043750
0 0.571094 0.135938 0.023438 0.031250
0 0.597656 0.117969 0.020313 0.035938
0 0.418750 0.164844 0.025000 0.032813
