0 0.697656 0.408594 0.023438 0.042188
0 0.835156 0.632031 0.057813 0.101562
0 0.712500 0.658594 0.059375 0.082813
0 0.611719 0.598438 0.045313 0.078125
0 0.502344 0.595313 0.067187 0.118750
0 0.441406 0.557813 0.042188 0.065625
0 0.401563 0.589844 0.050000 0.089063
0 0.385938 0.537500 0.031250 0.062500
0 0.332031 0.553906 0.054688 0.076563
0 0.339844 0.519531 0.032813 0.051563
0 0.271875 0.554688 0.050000 0.078125
0 0.208594 0.573438 0.042188 0.053125
0 0.194531 0.530469 0.032813 0.060938
0 0.147656 0.601562 0.092188 0.134375
0 0.067187 0.594531 0.071875 0.117188
0 0.025781 0.567969 0.048438 0.079688
