0 0.067187 0.361719 0.115625 0.160938
0 0.115625 0.278906 0.053125 0.079688
0 0.089063 0.253906 0.056250 0.073438
0 0.232031 0.263281 0.051563 0.060938
0 0.252344 0.235156 0.035938 0.057813
0 0.319531 0.157813 0.073438 0.100000
0 0.353906 0.225000 0.029688 0.056250
0 0.379688 0.255469 0.037500 0.060938
0 0.392969 0.317188 0.060938 0.106250
0 0.350781 0.510156 0.148438 0.235938
0 0.535156 0.821094 0.248438 0.257812
0 0.669531 0.394531 0.076563 0.129688
0 0.576562 0.326563 0.062500 0.075000
0 0.596094 0.275000 0.039062 0.065625
0 0.564063 0.251563 0.040625 0.071875
0 0.496094 0.295313 0.054688 0.084375
0 0.486719 0.244531 0.035938 0.073438
0 0.447656 0.260937 0.045313 0.071875
0 0.703906 0.100000 0.035938 0.065625
0 0.738281 0.276562 0.051563 0.084375
0 0.860156 0.345313 0.076563 0.140625
