0 0.095313 0.575000 0.050000 0.106250
0 0.192188 0.304688 0.021875 0.046875
0 0.222656 0.299219 0.023438 0.057813
0 0.247656 0.264844 0.020313 0.045313
0 0.303906 0.249219 0.017188 0.039062
0 0.304688 0.217188 0.021875 0.046875
0 0.329688 0.238281 0.018750 0.045313
0 0.342969 0.226562 0.017188 0.046875
0 0.364063 0.275781 0.018750 0.048438
0 0.360156 0.207031 0.020313 0.045313
0 0.384375 0.203906 0.018750 0.042188
0 0.400000 0.239063 0.018750 0.046875
0 0.429688 0.330469 0.021875 0.060938
0 0.432813 0.201563 0.018750 0.040625
0 0.439063 0.177344 0.015625 0.042188
0 0.453906 0.181250 0.020313 0.053125
0 0.466406 0.257812 0.023438 0.056250
0 0.489063 0.209375 0.018750 0.046875
0 0.480469 0.167969 0.020313 0.039062
0 0.494531 0.157813 0.014063 0.046875
0 0.518750 0.178125 0.021875 0.056250
0 0.547656 0.221094 0.017188 0.042188
0 0.559375 0.175781 0.021875 0.042188
0 0.548438 0.140625 0.018750 0.046875
0 0.571875 0.219531 0.015625 0.039062
0 0.579688 0.183594 0.018750 0.045313
0 0.575781 0.139063 0.017188 0.043750
0 0.596875 0.132031 0.015625 0.035938
0 0.604688 0.163281 0.018750 0.039062
0 0.601562 0.201563 0.015625 0.040625
0 0.621094 0.205469 0.017188 0.045313
0 0.628906 0.136719 0.014063 0.035938
0 0.651563 0.148438 0.012500 0.040625
0 0.654688 0.194531 0.015625 0.035938
0 0.664062 0.153125 0.015625 0.050000
0 0.687500 0.167188 0.015625 0.040625
0 0.692969 0.146875 0.014063 0.031250
0 0.718750 0.164062 0.015625 0.040625
0 0.659375 0.260156 0.025000 0.060938
0 0.603906 0.302344 0.026563 0.064063
0 0.539844 0.385938 0.026563 0.065625
0 0.589844 0.416406 0.032813 0.070312
0 0.667188 0.422656 0.028125 0.073438
0 0.710156 0.221875 0.014063 0.040625
0 0.722656 0.287500 0.023438 0.059375
0 0.743750 0.235938 0.015625 0.043750
0 0.750000 0.304688 0.018750 0.053125
0 0.729688 0.429688 0.025000 0.075000
0 0.764063 0.207813 0.015625 0.037500
0 0.780469 0.211719 0.017188 0.051563
0 0.809375 0.197656 0.018750 0.048438
0 0.821875 0.233594 0.018750 0.039062
0 0.829688 0.222656 0.015625 0.039062
0 0.790625 0.272656 0.025000 0.051563
0 0.815625 0.309375 0.021875 0.056250
0 0.792188 0.471094 0.031250 0.101562
0 0.857031 0.495313 0.029688 0.075000
0 0.892188 0.411719 0.021875 0.057813
0 0.959375 0.482813 0.025000 0.071875
0 0.965625 0.411719 0.021875 0.060938
0 0.975000 0.378125 0.015625 0.050000
0 0.977344 0.321875 0.020313 0.046875
0 0.982031 0.267188 0.017188 0.043750
0 0.947656 0.249219 0.014063 0.042188
0 0.932031 0.283594 0.010938 0.042188
0 0.932031 0.347656 0.017188 0.051563
0 0.867969 0.369531 0.023438 0.057813
0 0.869531 0.317188 0.020313 0.046875
0 0.887500 0.283594 0.015625 0.045313
0 0.903125 0.271875 0.012500 0.034375
0 0.907813 0.244531 0.015625 0.045313
0 0.868750 0.241406 0.015625 0.039062
