0 0.132812 0.533594 0.040625 0.070312
0 0.228906 0.342188 0.017188 0.037500
0 0.256250 0.364063 0.018750 0.037500
0 0.284375 0.314844 0.015625 0.026563
0 0.282813 0.382812 0.018750 0.037500
0 0.333594 0.365625 0.023438 0.043750
0 0.353125 0.340625 0.015625 0.028125
0 0.351562 0.301563 0.015625 0.031250
0 0.392188 0.260156 0.015625 0.029688
0 0.428125 0.262500 0.015625 0.025000
0 0.445312 0.267188 0.015625 0.034375
0 0.467969 0.243750 0.017188 0.031250
0 0.473438 0.267188 0.015625 0.031250
0 0.473438 0.307813 0.015625 0.028125
0 0.408594 0.333594 0.020313 0.039062
0 0.407031 0.282813 0.014063 0.031250
0 0.453125 0.342969 0.018750 0.042188
0 0.508594 0.266406 0.014063 0.029688
0 0.517969 0.254688 0.014063 0.021875
0 0.527344 0.250781 0.014063 0.026563
0 0.534375 0.277344 0.018750 0.029688
0 0.546094 0.255469 0.017188 0.029688
0 0.557813 0.278906 0.021875 0.029688
0 0.557813 0.225781 0.015625 0.026563
0 0.571875 0.224219 0.015625 0.026563
0 0.610156 0.209375 0.014063 0.021875
0 0.606250 0.228906 0.015625 0.023438
0 0.630469 0.215625 0.017188 0.021875
0 0.640625 0.223438 0.012500 0.021875
0 0.675781 0.210938 0.014063 0.021875
0 0.675000 0.231250 0.015625 0.025000
0 0.687500 0.226562 0.012500 0.021875
0 0.638281 0.250000 0.014063 0.025000
0 0.603125 0.257031 0.015625 0.029688
0 0.580469 0.271875 0.014063 0.025000
0 0.503906 0.330469 0.023438 0.035938
0 0.709375 0.254688 0.015625 0.034375
0 0.741406 0.257031 0.014063 0.029688
0 0.743750 0.243750 0.012500 0.028125
0 0.750000 0.237500 0.009375 0.018750
0 0.785156 0.242969 0.014063 0.029688
0 0.814844 0.246094 0.014063 0.026563
0 0.822656 0.275000 0.017188 0.034375
0 0.852344 0.262500 0.014063 0.031250
0 0.860156 0.276562 0.014063 0.031250
0 0.884375 0.260156 0.015625 0.029688
0 0.900000 0.284375 0.015625 0.037500
0 0.946094 0.285156 0.014063 0.023438
0 0.936719 0.311719 0.017188 0.029688
0 0.927344 0.332813 0.014063 0.034375
0 0.894531 0.321094 0.017188 0.029688
0 0.873438 0.345313 0.018750 0.037500
0 0.852344 0.320312 0.017188 0.037500
0 0.801563 0.298438 0.015625 0.028125
0 0.786719 0.289844 0.014063 0.032813
0 0.707031 0.302344 0.017188 0.035938
0 0.671094 0.277344 0.014063 0.029688
0 0.377344 0.351562 0.017188 0.037500
0 0.477344 0.408594 0.026563 0.051563
0 0.539844 0.360156 0.023438 0.048438
0 0.530469 0.439844 0.029688 0.060938
0 0.587500 0.466406 0.031250 0.070312
0 0.635938 0.472656 0.034375 0.067187
0 0.637500 0.304688 0.018750 0.037500
0 0.602344 0.332813 0.017188 0.037500
0 0.615625 0.371094 0.018750 0.042188
0 0.648438 0.351562 0.018750 0.040625
0 0.657031 0.367969 0.023438 0.039062
0 0.681250 0.320312 0.018750 0.040625
0 0.696094 0.368750 0.020313 0.046875
0 0.725000 0.407813 0.025000 0.056250
0 0.789062 0.426563 0.025000 0.046875
0 0.816406 0.367188 0.023438 0.040625
0 0.860938 0.371875 0.021875 0.034375
0 0.857031 0.413281 0.023438 0.045313
0 0.937500 0.407813 0.018750 0.037500
0 0.931250 0.475000 0.028125 0.059375
0 0.847656 0.481250 0.029688 0.062500
0 0.827344 0.497656 0.029688 0.060938
0 0.703125 0.550000 0.037500 0.071875
