0 0.072656 0.532813 0.045313 0.087500
0 0.218750 0.354688 0.021875 0.037500
0 0.255469 0.353125 0.023438 0.050000
0 0.279688 0.375000 0.021875 0.043750
0 0.279688 0.314844 0.018750 0.032813
0 0.326563 0.375781 0.025000 0.051563
0 0.346094 0.337500 0.017188 0.037500
0 0.346875 0.300781 0.018750 0.035938
0 0.374219 0.338281 0.017188 0.039062
0 0.400000 0.344531 0.021875 0.035938
0 0.437500 0.357813 0.021875 0.040625
0 0.425781 0.318750 0.020313 0.040625
0 0.396875 0.305469 0.018750 0.029688
0 0.383594 0.279688 0.017188 0.031250
0 0.410938 0.255469 0.015625 0.029688
0 0.420313 0.280469 0.015625 0.032813
0 0.450000 0.324219 0.018750 0.035938
0 0.487500 0.331250 0.021875 0.037500
0 0.439063 0.257812 0.012500 0.031250
0 0.460938 0.275781 0.015625 0.035938
0 0.454688 0.246875 0.012500 0.028125
0 0.482813 0.270313 0.015625 0.028125
0 0.492188 0.258594 0.012500 0.023438
0 0.507812 0.279688 0.015625 0.034375
0 0.526563 0.257031 0.015625 0.032813
0 0.546094 0.225000 0.010938 0.031250
0 0.560937 0.225000 0.012500 0.021875
0 0.553906 0.247656 0.014063 0.026563
0 0.559375 0.289062 0.012500 0.034375
0 0.553125 0.273438 0.015625 0.025000
0 0.578906 0.237500 0.014063 0.028125
0 0.592969 0.212500 0.017188 0.031250
0 0.608594 0.216406 0.014063 0.032813
0 0.631250 0.223438 0.012500 0.028125
0 0.611719 0.262500 0.017188 0.028125
0 0.649219 0.236719 0.014063 0.032813
0 0.659375 0.235156 0.012500 0.026563
0 0.681250 0.264063 0.018750 0.037500
0 0.651563 0.274219 0.018750 0.032813
0 0.610156 0.303125 0.017188 0.037500
0 0.576562 0.327344 0.021875 0.042188
0 0.543750 0.354688 0.021875 0.053125
0 0.522656 0.412500 0.026563 0.056250
0 0.451563 0.417969 0.031250 0.054688
0 0.557813 0.441406 0.031250 0.070312
0 0.567188 0.427344 0.028125 0.054688
0 0.610938 0.464063 0.034375 0.075000
0 0.640625 0.375781 0.025000 0.060938
0 0.664062 0.357031 0.021875 0.054688
0 0.632031 0.342188 0.020313 0.040625
0 0.671875 0.295313 0.021875 0.037500
0 0.695312 0.294531 0.018750 0.042188
0 0.707813 0.267969 0.018750 0.042188
0 0.716406 0.252344 0.014063 0.032813
0 0.723438 0.235938 0.015625 0.034375
0 0.751563 0.238281 0.015625 0.032813
0 0.738281 0.292187 0.017188 0.037500
0 0.713281 0.407813 0.026563 0.056250
0 0.681250 0.505469 0.040625 0.089063
0 0.762500 0.422656 0.028125 0.060938
0 0.768750 0.531250 0.040625 0.087500
0 0.812500 0.446094 0.031250 0.064063
0 0.885938 0.407813 0.025000 0.053125
0 0.871875 0.475000 0.031250 0.071875
0 0.828906 0.382031 0.023438 0.051563
0 0.776563 0.386719 0.025000 0.054688
0 0.793750 0.357031 0.018750 0.048438
0 0.772656 0.315625 0.017188 0.046875
0 0.812500 0.331250 0.018750 0.040625
0 0.829688 0.282031 0.018750 0.032813
0 0.808594 0.266406 0.014063 0.035938
0 0.795313 0.283594 0.015625 0.032813
0 0.835156 0.259375 0.017188 0.031250
0 0.863281 0.294531 0.014063 0.039062
0 0.851562 0.328125 0.015625 0.034375
0 0.844531 0.370313 0.017188 0.046875
0 0.888281 0.360156 0.017188 0.042188
0 0.893750 0.307813 0.015625 0.040625
0 0.903125 0.332031 0.021875 0.035938
0 0.895313 0.274219 0.012500 0.032813
