0 0.939063 0.175000 0.009375 0.025000
0 0.927344 0.185156 0.010938 0.035938
0 0.938281 0.199219 0.014063 0.032813
0 0.936719 0.224219 0.014063 0.032813
0 0.935938 0.233594 0.012500 0.032813
0 0.896875 0.217188 0.015625 0.028125
0 0.881250 0.160156 0.009375 0.026563
0 0.856250 0.145313 0.009375 0.025000
0 0.818750 0.146094 0.012500 0.026563
0 0.864063 0.205469 0.012500 0.035938
0 0.884375 0.232031 0.015625 0.039062
0 0.874219 0.273438 0.014063 0.040625
0 0.762500 0.139844 0.009375 0.023438
0 0.831250 0.189063 0.012500 0.034375
0 0.810938 0.163281 0.012500 0.029688
0 0.795313 0.171094 0.012500 0.032813
0 0.802344 0.210156 0.014063 0.032813
0 0.816406 0.211719 0.014063 0.032813
0 0.774219 0.183594 0.010938 0.029688
0 0.737500 0.182813 0.012500 0.031250
0 0.731250 0.155469 0.012500 0.035938
0 0.693750 0.182031 0.012500 0.032813
0 0.725000 0.233594 0.018750 0.042188
0 0.710156 0.196875 0.017188 0.037500
0 0.706250 0.123438 0.009375 0.021875
0 0.674219 0.113281 0.007812 0.020313
0 0.657813 0.117969 0.009375 0.014063
0 0.600781 0.067969 0.007812 0.020313
0 0.618750 0.108594 0.009375 0.014063
0 0.506250 0.082813 0.009375 0.018750
0 0.549219 0.122656 0.007812 0.020313
0 0.580469 0.127344 0.010938 0.026563
0 0.594531 0.142187 0.010938 0.028125
0 0.601562 0.158594 0.012500 0.023438
0 0.573438 0.146094 0.012500 0.029688
0 0.632812 0.143750 0.012500 0.028125
0 0.626563 0.135938 0.009375 0.025000
0 0.632031 0.166406 0.017188 0.026563
0 0.660156 0.194531 0.014063 0.039062
0 0.670313 0.217188 0.015625 0.040625
0 0.624219 0.225000 0.017188 0.040625
0 0.566406 0.248438 0.020313 0.043750
0 0.527344 0.133594 0.010938 0.023438
0 0.541406 0.153906 0.010938 0.026563
0 0.557031 0.187500 0.014063 0.034375
0 0.525000 0.186719 0.012500 0.035938
0 0.517969 0.173438 0.014063 0.031250
0 0.451563 0.154688 0.012500 0.028125
0 0.430469 0.152344 0.010938 0.026563
0 0.460938 0.170313 0.012500 0.034375
0 0.481250 0.137500 0.012500 0.028125
0 0.496094 0.135156 0.010938 0.023438
0 0.481250 0.154688 0.012500 0.025000
0 0.455469 0.232031 0.017188 0.042188
0 0.481250 0.180469 0.018750 0.035938
0 0.323438 0.203906 0.015625 0.029688
0 0.371875 0.198438 0.012500 0.028125
0 0.383594 0.182813 0.014063 0.028125
0 0.412500 0.178906 0.012500 0.029688
0 0.650781 0.320312 0.035938 0.078125
