0 0.180469 0.481250 0.042188 0.081250
0 0.346094 0.575781 0.054688 0.114063
0 0.344531 0.259375 0.017188 0.037500
0 0.373438 0.264844 0.021875 0.039062
0 0.436719 0.278906 0.023438 0.039062
0 0.423438 0.218750 0.018750 0.034375
0 0.460156 0.231250 0.020313 0.037500
0 0.460156 0.191406 0.017188 0.032813
0 0.496875 0.197656 0.012500 0.032813
0 0.464844 0.153125 0.014063 0.015625
0 0.495313 0.147656 0.015625 0.020313
0 0.479688 0.195312 0.015625 0.028125
0 0.539062 0.219531 0.018750 0.029688
0 0.539844 0.143750 0.014063 0.028125
0 0.571875 0.149219 0.012500 0.020313
0 0.585156 0.160938 0.017188 0.025000
0 0.490625 0.326563 0.028125 0.056250
0 0.676563 0.248438 0.025000 0.050000
0 0.739063 0.284375 0.025000 0.059375
0 0.797656 0.285156 0.023438 0.051563
0 0.707813 0.150781 0.012500 0.029688
0 0.732031 0.162500 0.017188 0.031250
0 0.722656 0.143750 0.017188 0.028125
0 0.756250 0.128906 0.012500 0.026563
0 0.768750 0.117969 0.018750 0.032813
0 0.825781 0.175000 0.017188 0.034375
0 0.824219 0.128906 0.010938 0.026563
0 0.896094 0.219531 0.020313 0.048438
