0 0.050000 0.571094 0.025000 0.048438
0 0.028125 0.570312 0.028125 0.040625
0 0.098438 0.592187 0.034375 0.053125
0 0.125781 0.563281 0.035938 0.035938
0 0.171875 0.585156 0.028125 0.045313
0 0.266406 0.496875 0.073438 0.115625
0 0.342969 0.573438 0.029688 0.043750
0 0.376563 0.573438 0.031250 0.046875
0 0.421875 0.612500 0.037500 0.050000
0 0.407031 0.515625 0.023438 0.028125
0 0.485156 0.603125 0.035938 0.065625
0 0.528906 0.594531 0.032813 0.045313
0 0.550000 0.657031 0.065625 0.107813
0 0.576562 0.625781 0.037500 0.057813
0 0.697656 0.646094 0.048438 0.085938
0 0.627344 0.596094 0.029688 0.045313
0 0.608594 0.483594 0.020313 0.035938
0 0.594531 0.467188 0.020313 0.031250
0 0.740625 0.585156 0.021875 0.032813
0 0.815625 0.525781 0.025000 0.039062
0 0.864844 0.612500 0.035938 0.050000
0 0.804688 0.632812 0.046875 0.071875
0 0.782031 0.589844 0.026563 0.039062
0 0.761719 0.578125 0.014063 0.034375
0 0.919531 0.634375 0.057813 0.068750
0 0.895313 0.580469 0.018750 0.029688
0 0.932813 0.585156 0.018750 0.029688
0 0.940625 0.574219 0.018750 0.026563
0 0.978125 0.592187 0.028125 0.046875
