0 0.154688 0.706250 0.153125 0.206250
0 0.295313 0.589844 0.081250 0.126562
0 0.536719 0.737500 0.164062 0.243750
0 0.646094 0.569531 0.142187 0.214063
0 0.248438 0.369531 0.053125 0.089063
0 0.290625 0.345313 0.028125 0.040625
0 0.313281 0.439844 0.035938 0.067187
0 0.342969 0.437500 0.035938 0.056250
0 0.391406 0.443750 0.042188 0.056250
0 0.372656 0.414844 0.035938 0.048438
0 0.422656 0.415625 0.023438 0.046875
0 0.442969 0.400781 0.023438 0.045313
0 0.506250 0.411719 0.031250 0.048438
0 0.525781 0.354688 0.026563 0.040625
0 0.535156 0.416406 0.029688 0.042188
0 0.565625 0.352344 0.025000 0.039062
0 0.592187 0.334375 0.034375 0.046875
0 0.636719 0.385156 0.035938 0.048438
0 0.636719 0.425000 0.045313 0.050000
0 0.734375 0.364063 0.043750 0.068750
0 0.840625 0.460156 0.059375 0.085938
0 0.910156 0.460938 0.048438 0.087500
0 0.869531 0.392188 0.026563 0.046875
0 0.807813 0.392969 0.040625 0.064063
