0 0.022656 0.562500 0.042188 0.075000
0 0.043750 0.404688 0.025000 0.037500
0 0.088281 0.439844 0.026563 0.042188
0 0.139063 0.563281 0.046875 0.060938
0 0.173438 0.478125 0.037500 0.053125
0 0.207813 0.410938 0.018750 0.034375
0 0.221875 0.538281 0.034375 0.057813
0 0.296094 0.434375 0.023438 0.037500
0 0.353125 0.422656 0.018750 0.032813
0 0.372656 0.476562 0.026563 0.034375
0 0.410938 0.460156 0.021875 0.035938
0 0.464063 0.526563 0.028125 0.043750
0 0.465625 0.478906 0.018750 0.032813
0 0.546094 0.458594 0.020313 0.032813
0 0.553906 0.479688 0.023438 0.034375
0 0.589844 0.510156 0.026563 0.042188
0 0.553906 0.528906 0.029688 0.045313
0 0.522656 0.604688 0.039062 0.050000
0 0.435938 0.650000 0.046875 0.081250
0 0.740625 0.576562 0.040625 0.059375
0 0.693750 0.523438 0.025000 0.043750
0 0.614844 0.579688 0.039062 0.053125
0 0.890625 0.528906 0.028125 0.039062
0 0.948438 0.507812 0.062500 0.075000
