0 0.087500 0.578906 0.103125 0.160938
0 0.177344 0.585156 0.064063 0.114063
0 0.279688 0.605469 0.087500 0.214063
0 0.370313 0.669531 0.143750 0.235938
0 0.463281 0.607031 0.073438 0.139063
0 0.557813 0.641406 0.109375 0.220313
0 0.317188 0.442188 0.028125 0.053125
0 0.416406 0.542969 0.039062 0.076563
0 0.597656 0.565625 0.060938 0.109375
0 0.650000 0.567969 0.040625 0.095313
0 0.706250 0.371875 0.053125 0.115625
0 0.801563 0.653906 0.184375 0.339063
0 0.882031 0.605469 0.073438 0.214063
0 0.948438 0.695312 0.103125 0.268750
0 0.953125 0.556250 0.053125 0.109375
0 0.225000 0.532813 0.028125 0.062500
