0 0.170313 0.250000 0.021875 0.040625
0 0.241406 0.246875 0.023438 0.046875
0 0.196094 0.515625 0.054688 0.090625
0 0.288281 0.228125 0.020313 0.046875
0 0.330469 0.196875 0.020313 0.037500
0 0.333594 0.232813 0.017188 0.046875
0 0.358594 0.257812 0.020313 0.046875
0 0.430469 0.251563 0.023438 0.040625
0 0.348438 0.214063 0.018750 0.031250
0 0.382031 0.199219 0.020313 0.042188
0 0.433594 0.210938 0.023438 0.037500
0 0.466406 0.216406 0.020313 0.039062
0 0.415625 0.157031 0.012500 0.029688
0 0.439063 0.153125 0.018750 0.018750
0 0.442188 0.178125 0.021875 0.028125
0 0.482031 0.154688 0.014063 0.031250
0 0.496094 0.180469 0.017188 0.035938
0 0.503125 0.228125 0.021875 0.040625
0 0.560156 0.184375 0.020313 0.040625
0 0.498438 0.271875 0.025000 0.053125
0 0.529687 0.125781 0.015625 0.026563
0 0.504688 0.153125 0.012500 0.028125
0 0.546094 0.134375 0.014063 0.028125
0 0.550000 0.153906 0.018750 0.023438
0 0.581250 0.170313 0.015625 0.031250
0 0.574219 0.135156 0.014063 0.026563
0 0.581250 0.112500 0.012500 0.025000
0 0.622656 0.148438 0.010938 0.025000
0 0.607031 0.122656 0.014063 0.026563
0 0.628906 0.117969 0.010938 0.023438
0 0.645313 0.130469 0.015625 0.026563
0 0.646094 0.108594 0.014063 0.026563
0 0.666406 0.120313 0.014063 0.031250
0 0.692969 0.106250 0.010938 0.025000
0 0.689844 0.129688 0.014063 0.028125
0 0.656250 0.179688 0.018750 0.034375
0 0.617188 0.233594 0.015625 0.045313
0 0.541406 0.313281 0.029688 0.054688
0 0.570312 0.257031 0.025000 0.045313
0 0.612500 0.324219 0.031250 0.067187
0 0.678906 0.350781 0.032813 0.057813
0 0.733594 0.407031 0.029688 0.060938
0 0.664062 0.285156 0.025000 0.054688
0 0.725000 0.310938 0.025000 0.053125
0 0.774219 0.315625 0.023438 0.059375
0 0.847656 0.325781 0.026563 0.064063
0 0.901563 0.347656 0.028125 0.057813
0 0.909375 0.296875 0.018750 0.037500
0 0.867188 0.298438 0.021875 0.040625
0 0.806250 0.248438 0.025000 0.053125
0 0.802344 0.204688 0.017188 0.034375
0 0.763281 0.244531 0.023438 0.042188
0 0.734375 0.231250 0.021875 0.043750
0 0.698438 0.210938 0.021875 0.040625
0 0.700781 0.175000 0.014063 0.028125
0 0.721094 0.148438 0.014063 0.028125
0 0.704688 0.121875 0.009375 0.028125
0 0.750781 0.134375 0.017188 0.034375
0 0.779688 0.140625 0.015625 0.034375
0 0.878906 0.229688 0.017188 0.037500
0 0.930469 0.224219 0.020313 0.045313
0 0.965625 0.157813 0.015625 0.040625
