0 0.407813 0.619531 0.056250 0.104688
0 0.282813 0.611719 0.040625 0.076563
0 0.070312 0.673438 0.068750 0.153125
0 0.141406 0.650781 0.045313 0.073438
0 0.099219 0.597656 0.032813 0.060938
0 0.064063 0.557031 0.028125 0.048438
0 0.029688 0.536719 0.025000 0.045313
0 0.107813 0.534375 0.021875 0.037500
0 0.161719 0.532031 0.026563 0.035938
0 0.195312 0.524219 0.028125 0.048438
0 0.222656 0.514844 0.020313 0.032813
0 0.264844 0.533594 0.023438 0.042188
0 0.280469 0.509375 0.020313 0.034375
0 0.311719 0.520313 0.023438 0.037500
0 0.373438 0.498438 0.021875 0.037500
0 0.421875 0.510938 0.018750 0.037500
0 0.471094 0.515625 0.023438 0.034375
0 0.503906 0.520313 0.023438 0.037500
0 0.514062 0.515625 0.018750 0.031250
0 0.544531 0.525000 0.017188 0.031250
0 0.560937 0.496875 0.018750 0.031250
0 0.582031 0.509375 0.014063 0.028125
0 0.604688 0.532031 0.021875 0.035938
0 0.609375 0.510938 0.018750 0.028125
0 0.643750 0.531250 0.018750 0.040625
0 0.686719 0.533594 0.020313 0.039062
0 0.728125 0.530469 0.015625 0.035938
0 0.757031 0.526563 0.023438 0.043750
0 0.786719 0.527344 0.020313 0.045313
0 0.889063 0.547656 0.025000 0.057813
0 0.914844 0.546094 0.023438 0.054688
