0 0.119531 0.400000 0.082813 0.121875
0 0.103906 0.567969 0.079688 0.104688
0 0.214063 0.438281 0.062500 0.110938
0 0.264844 0.624219 0.076563 0.123438
0 0.339063 0.528906 0.062500 0.101562
0 0.367969 0.417188 0.054688 0.087500
0 0.413281 0.532031 0.064063 0.114063
0 0.513281 0.485938 0.067187 0.118750
0 0.514844 0.675781 0.079688 0.123438
0 0.631250 0.510156 0.062500 0.104688
0 0.655469 0.694531 0.085938 0.123438
0 0.791406 0.586719 0.079688 0.145313
0 0.783594 0.370313 0.076563 0.121875
0 0.950000 0.387500 0.087500 0.121875
