0 0.092969 0.425000 0.045313 0.093750
0 0.259375 0.287500 0.018750 0.034375
0 0.282813 0.277344 0.021875 0.042188
0 0.301563 0.259375 0.018750 0.043750
0 0.323438 0.269531 0.018750 0.045313
0 0.341406 0.282813 0.020313 0.043750
0 0.322656 0.222656 0.014063 0.029688
0 0.348438 0.213281 0.018750 0.032813
0 0.356250 0.247656 0.018750 0.035938
0 0.373438 0.230469 0.015625 0.035938
0 0.417969 0.221875 0.017188 0.034375
0 0.389063 0.221094 0.021875 0.039062
0 0.395313 0.307031 0.025000 0.051563
0 0.450781 0.225781 0.017188 0.042188
0 0.426563 0.188281 0.015625 0.026563
0 0.409375 0.177344 0.015625 0.026563
0 0.457813 0.168750 0.018750 0.034375
0 0.482031 0.171094 0.017188 0.032813
0 0.498438 0.232813 0.021875 0.050000
0 0.474219 0.151563 0.014063 0.028125
0 0.486719 0.141406 0.014063 0.032813
0 0.504688 0.175781 0.018750 0.032813
0 0.528125 0.138281 0.018750 0.039062
0 0.531250 0.173438 0.018750 0.034375
0 0.542188 0.203906 0.021875 0.045313
0 0.571875 0.164062 0.021875 0.040625
0 0.551563 0.155469 0.015625 0.035938
0 0.570312 0.118750 0.012500 0.025000
0 0.584375 0.133594 0.015625 0.029688
0 0.596094 0.105469 0.014063 0.029688
0 0.618750 0.103906 0.012500 0.029688
0 0.639844 0.106250 0.014063 0.025000
0 0.621094 0.144531 0.017188 0.032813
0 0.632812 0.128125 0.015625 0.031250
0 0.689844 0.106250 0.014063 0.031250
0 0.671875 0.122656 0.018750 0.035938
0 0.491406 0.299219 0.029688 0.051563
0 0.560937 0.293750 0.025000 0.059375
0 0.567188 0.242188 0.021875 0.043750
0 0.606250 0.259375 0.031250 0.053125
0 0.625000 0.192969 0.021875 0.051563
0 0.649219 0.178906 0.017188 0.042188
0 0.661719 0.209375 0.020313 0.040625
0 0.679688 0.246875 0.018750 0.050000
0 0.696094 0.214844 0.023438 0.045313
0 0.675000 0.337500 0.031250 0.065625
0 0.607031 0.335938 0.026563 0.059375
0 0.685156 0.142969 0.017188 0.032813
0 0.707813 0.138281 0.015625 0.039062
0 0.692969 0.178906 0.020313 0.032813
0 0.731250 0.157031 0.018750 0.039062
0 0.740625 0.122656 0.018750 0.032813
0 0.749219 0.112500 0.014063 0.034375
0 0.765625 0.135938 0.015625 0.034375
0 0.757031 0.160156 0.020313 0.035938
0 0.740625 0.210938 0.021875 0.043750
0 0.761719 0.232031 0.023438 0.048438
0 0.771875 0.282813 0.031250 0.065625
0 0.707813 0.291406 0.031250 0.057813
0 0.795313 0.185938 0.021875 0.043750
0 0.794531 0.133594 0.014063 0.029688
0 0.789062 0.120313 0.015625 0.025000
0 0.807031 0.120313 0.014063 0.034375
0 0.825000 0.160156 0.015625 0.035938
0 0.828906 0.134375 0.014063 0.031250
0 0.850781 0.148438 0.017188 0.034375
0 0.846875 0.192969 0.018750 0.045313
0 0.875000 0.225781 0.025000 0.045313
0 0.879688 0.187500 0.021875 0.040625
0 0.867969 0.150000 0.014063 0.031250
0 0.870313 0.125000 0.015625 0.028125
0 0.896094 0.130469 0.017188 0.039062
0 0.933594 0.166406 0.020313 0.042188
0 0.892969 0.172656 0.017188 0.029688
0 0.928906 0.273438 0.023438 0.056250
