0 0.185938 0.408594 0.043750 0.079688
0 0.278906 0.258594 0.020313 0.029688
0 0.289062 0.276562 0.021875 0.040625
0 0.359375 0.263281 0.015625 0.032813
0 0.373438 0.282813 0.018750 0.037500
0 0.379688 0.232813 0.015625 0.028125
0 0.371875 0.199219 0.015625 0.032813
0 0.399219 0.200000 0.014063 0.028125
0 0.405469 0.161719 0.014063 0.026563
0 0.428906 0.179688 0.017188 0.031250
0 0.457031 0.155469 0.014063 0.026563
0 0.472656 0.158594 0.014063 0.026563
0 0.485156 0.172656 0.017188 0.026563
0 0.456250 0.184375 0.018750 0.034375
0 0.448438 0.231250 0.018750 0.043750
0 0.481250 0.232031 0.021875 0.042188
0 0.508594 0.178125 0.017188 0.034375
0 0.517969 0.203125 0.017188 0.034375
0 0.517188 0.154688 0.015625 0.025000
0 0.518750 0.125781 0.012500 0.026563
0 0.536719 0.132031 0.014063 0.023438
0 0.556250 0.126562 0.012500 0.025000
0 0.571094 0.132812 0.014063 0.025000
0 0.564063 0.182031 0.015625 0.029688
0 0.556250 0.167969 0.012500 0.023438
0 0.591406 0.132812 0.014063 0.031250
0 0.600781 0.098438 0.010938 0.025000
0 0.622656 0.105469 0.010938 0.020313
0 0.633594 0.107031 0.010938 0.020313
0 0.611719 0.134375 0.014063 0.025000
0 0.650000 0.117188 0.012500 0.021875
0 0.649219 0.139844 0.014063 0.026563
0 0.681250 0.107031 0.012500 0.026563
0 0.704688 0.103125 0.012500 0.025000
0 0.689063 0.153125 0.015625 0.025000
0 0.666406 0.175781 0.017188 0.029688
0 0.625000 0.207813 0.015625 0.034375
0 0.614063 0.160938 0.018750 0.025000
0 0.572656 0.163281 0.014063 0.023438
0 0.630469 0.248438 0.020313 0.037500
0 0.559375 0.257812 0.018750 0.037500
0 0.506250 0.300781 0.028125 0.054688
0 0.545312 0.321875 0.025000 0.043750
0 0.622656 0.321094 0.029688 0.051563
0 0.674219 0.214844 0.020313 0.039062
0 0.701563 0.185156 0.021875 0.039062
0 0.728906 0.164062 0.014063 0.028125
0 0.731250 0.122656 0.015625 0.029688
0 0.746094 0.132812 0.014063 0.031250
0 0.773438 0.129688 0.012500 0.025000
0 0.791406 0.142969 0.014063 0.029688
0 0.730469 0.198438 0.020313 0.040625
0 0.708594 0.240625 0.020313 0.037500
0 0.688281 0.346094 0.029688 0.057813
0 0.720313 0.271094 0.021875 0.045313
0 0.761719 0.217188 0.020313 0.040625
0 0.778125 0.204688 0.018750 0.043750
0 0.818750 0.153125 0.015625 0.031250
0 0.839063 0.139063 0.015625 0.031250
0 0.871094 0.119531 0.010938 0.026563
0 0.864844 0.147656 0.014063 0.026563
0 0.857813 0.171875 0.018750 0.040625
0 0.833594 0.196875 0.020313 0.046875
0 0.815625 0.258594 0.021875 0.048438
0 0.779688 0.285156 0.025000 0.054688
0 0.746094 0.382812 0.029688 0.071875
0 0.807813 0.412500 0.031250 0.062500
0 0.896875 0.353125 0.028125 0.053125
0 0.850000 0.305469 0.025000 0.054688
0 0.869531 0.248438 0.020313 0.037500
0 0.880469 0.207813 0.017188 0.034375
0 0.926563 0.267969 0.018750 0.039062
0 0.924219 0.216406 0.014063 0.045313
0 0.898438 0.175000 0.018750 0.031250
0 0.932813 0.160156 0.012500 0.026563
