0 0.036719 0.635156 0.060938 0.101562
0 0.034375 0.567188 0.040625 0.056250
0 0.026563 0.520313 0.034375 0.053125
0 0.050000 0.521875 0.025000 0.050000
0 0.122656 0.729688 0.076563 0.146875
0 0.110156 0.553125 0.032813 0.056250
0 0.097656 0.517188 0.023438 0.037500
0 0.117969 0.513281 0.026563 0.045313
0 0.150000 0.544531 0.037500 0.064063
0 0.172656 0.503125 0.026563 0.050000
0 0.203125 0.488281 0.021875 0.032813
0 0.230469 0.524219 0.032813 0.045313
0 0.280469 0.655469 0.073438 0.120313
0 0.259375 0.578906 0.040625 0.048438
0 0.270313 0.529687 0.028125 0.040625
0 0.241406 0.483594 0.014063 0.029688
0 0.267969 0.490625 0.023438 0.037500
0 0.280469 0.467969 0.023438 0.029688
0 0.292969 0.481250 0.023438 0.034375
0 0.318750 0.534375 0.040625 0.056250
0 0.325000 0.488281 0.028125 0.042188
0 0.347656 0.510156 0.026563 0.045313
0 0.375000 0.518750 0.025000 0.040625
0 0.357813 0.483594 0.021875 0.029688
0 0.387500 0.563281 0.053125 0.064063
0 0.428125 0.510938 0.028125 0.040625
0 0.417188 0.488281 0.025000 0.032813
0 0.387500 0.477344 0.025000 0.042188
0 0.447656 0.481250 0.020313 0.034375
0 0.469531 0.477344 0.020313 0.032813
0 0.494531 0.487500 0.020313 0.037500
0 0.472656 0.542969 0.032813 0.067187
0 0.506250 0.532031 0.034375 0.045313
0 0.527344 0.487500 0.020313 0.037500
0 0.553125 0.496094 0.028125 0.048438
0 0.612500 0.491406 0.025000 0.045313
0 0.635156 0.469531 0.026563 0.042188
0 0.856250 0.315625 0.065625 0.093750
