0 0.060156 0.423438 0.079688 0.125000
0 0.150781 0.411719 0.101562 0.148438
0 0.267969 0.423438 0.070312 0.106250
0 0.320312 0.425781 0.040625 0.082813
0 0.358594 0.448438 0.035938 0.056250
0 0.406250 0.390625 0.071875 0.106250
0 0.438281 0.437500 0.029688 0.068750
0 0.460156 0.451563 0.042188 0.068750
0 0.547656 0.442188 0.057813 0.096875
0 0.621875 0.421094 0.046875 0.082813
0 0.641406 0.377344 0.035938 0.051563
0 0.698438 0.456250 0.046875 0.087500
0 0.821094 0.342188 0.104688 0.175000
0 0.923438 0.372656 0.071875 0.123438
