0 0.110156 0.448438 0.045313 0.090625
0 0.201563 0.278906 0.021875 0.045313
0 0.229688 0.274219 0.025000 0.045313
0 0.271094 0.228906 0.020313 0.039062
0 0.308594 0.232031 0.020313 0.045313
0 0.310938 0.203906 0.021875 0.048438
0 0.329688 0.221875 0.021875 0.046875
0 0.350000 0.200000 0.015625 0.034375
0 0.367969 0.254688 0.020313 0.050000
0 0.399219 0.228125 0.020313 0.037500
0 0.367188 0.191406 0.018750 0.045313
0 0.388281 0.178125 0.020313 0.040625
0 0.439844 0.301563 0.026563 0.050000
0 0.429688 0.182813 0.015625 0.037500
0 0.433594 0.153906 0.014063 0.032813
0 0.450781 0.157031 0.017188 0.035938
0 0.471094 0.236719 0.020313 0.048438
0 0.493750 0.197656 0.018750 0.039062
0 0.487500 0.158594 0.018750 0.045313
0 0.493750 0.139844 0.018750 0.035938
0 0.521094 0.158594 0.020313 0.045313
0 0.561719 0.157813 0.020313 0.034375
0 0.554688 0.125781 0.015625 0.032813
0 0.575000 0.191406 0.015625 0.039062
0 0.581250 0.160938 0.015625 0.037500
0 0.580469 0.130469 0.017188 0.032813
0 0.608594 0.144531 0.017188 0.035938
0 0.606250 0.182031 0.012500 0.039062
0 0.599219 0.108594 0.014063 0.035938
0 0.625000 0.185156 0.015625 0.042188
0 0.632031 0.120313 0.014063 0.031250
0 0.653906 0.139844 0.017188 0.035938
0 0.660938 0.170313 0.015625 0.034375
0 0.665625 0.129688 0.015625 0.037500
0 0.689063 0.128125 0.015625 0.031250
0 0.689844 0.157813 0.014063 0.034375
0 0.714844 0.150781 0.014063 0.035938
0 0.707031 0.200000 0.017188 0.043750
0 0.679688 0.229688 0.018750 0.046875
0 0.623438 0.283594 0.025000 0.060938
0 0.573438 0.324219 0.025000 0.057813
0 0.607031 0.357031 0.029688 0.064063
0 0.667188 0.382812 0.028125 0.059375
0 0.728125 0.384375 0.028125 0.062500
0 0.720313 0.246875 0.021875 0.050000
0 0.744531 0.213281 0.020313 0.048438
0 0.752344 0.285156 0.020313 0.051563
0 0.794531 0.247656 0.017188 0.048438
0 0.778125 0.197656 0.018750 0.042188
0 0.760938 0.189063 0.015625 0.034375
0 0.810156 0.182031 0.017188 0.042188
0 0.817969 0.214063 0.020313 0.043750
0 0.830469 0.202344 0.014063 0.042188
0 0.815625 0.288281 0.021875 0.064063
0 0.861719 0.319531 0.020313 0.045313
0 0.870313 0.292969 0.018750 0.051563
0 0.796875 0.421094 0.031250 0.076563
0 0.871094 0.473438 0.029688 0.081250
0 0.879688 0.419531 0.025000 0.064063
0 0.963281 0.411719 0.023438 0.076563
0 0.948438 0.366406 0.021875 0.060938
0 0.928906 0.320312 0.020313 0.046875
0 0.892188 0.267188 0.018750 0.046875
0 0.868750 0.217188 0.012500 0.040625
0 0.912500 0.222656 0.015625 0.045313
0 0.932031 0.258594 0.017188 0.042188
0 0.950000 0.236719 0.015625 0.042188
0 0.977344 0.350000 0.017188 0.056250
0 0.974219 0.310938 0.014063 0.037500
0 0.989844 0.276562 0.017188 0.034375
