0 0.050000 0.400000 0.037500 0.056250
0 0.253906 0.279688 0.017188 0.021875
0 0.300000 0.258594 0.021875 0.029688
0 0.336719 0.278906 0.017188 0.032813
0 0.382812 0.312500 0.021875 0.040625
0 0.485938 0.293750 0.028125 0.034375
0 0.526563 0.311719 0.025000 0.054688
0 0.600000 0.329688 0.025000 0.050000
0 0.669531 0.349219 0.023438 0.054688
0 0.781250 0.292969 0.025000 0.045313
0 0.711719 0.280469 0.026563 0.045313
0 0.657813 0.261719 0.028125 0.045313
0 0.609375 0.260156 0.025000 0.032813
0 0.562500 0.240625 0.025000 0.031250
0 0.485156 0.222656 0.023438 0.039062
0 0.449219 0.226562 0.023438 0.028125
0 0.410938 0.223438 0.021875 0.037500
0 0.374219 0.224219 0.014063 0.029688
0 0.344531 0.215625 0.023438 0.028125
0 0.316406 0.224219 0.017188 0.029688
0 0.381250 0.197656 0.015625 0.020313
0 0.411719 0.169531 0.014063 0.023438
0 0.449219 0.138281 0.010938 0.020313
0 0.452344 0.168750 0.014063 0.034375
0 0.475000 0.188281 0.018750 0.029688
0 0.474219 0.141406 0.014063 0.026563
0 0.503906 0.172656 0.017188 0.029688
0 0.535938 0.192188 0.018750 0.034375
0 0.606250 0.214063 0.021875 0.040625
0 0.564063 0.174219 0.018750 0.032813
0 0.531250 0.138281 0.021875 0.032813
0 0.553906 0.114063 0.017188 0.021875
0 0.588281 0.117188 0.017188 0.028125
0 0.625000 0.139844 0.018750 0.029688
0 0.652344 0.209375 0.026563 0.037500
0 0.698438 0.211719 0.025000 0.035938
0 0.746094 0.233594 0.026563 0.042188
0 0.800781 0.235938 0.029688 0.050000
0 0.732813 0.189844 0.021875 0.029688
0 0.793750 0.169531 0.021875 0.035938
0 0.753125 0.160156 0.021875 0.032813
0 0.689844 0.103906 0.017188 0.020313
0 0.672656 0.114063 0.020313 0.021875
0 0.651563 0.115625 0.018750 0.018750
0 0.612500 0.113281 0.015625 0.023438
0 0.707031 0.139063 0.014063 0.031250
0 0.726562 0.133594 0.012500 0.017188
0 0.742188 0.113281 0.009375 0.020313
0 0.767188 0.132812 0.009375 0.021875
0 0.773438 0.122656 0.009375 0.026563
0 0.788281 0.127344 0.010938 0.026563
0 0.679688 0.159375 0.015625 0.028125
0 0.576562 0.150781 0.015625 0.029688
0 0.914844 0.285938 0.023438 0.046875
0 0.864844 0.227344 0.017188 0.042188
0 0.875781 0.173438 0.014063 0.028125
0 0.917969 0.198438 0.017188 0.037500
0 0.893750 0.131250 0.012500 0.028125
0 0.830469 0.138281 0.014063 0.029688
0 0.813281 0.164844 0.014063 0.029688
0 0.800000 0.124219 0.009375 0.026563
0 0.847656 0.154688 0.017188 0.040625
0 0.913281 0.162500 0.010938 0.025000
0 0.926563 0.154688 0.009375 0.028125
0 0.865625 0.135156 0.012500 0.026563
0 0.894531 0.167969 0.014063 0.026563
0 0.899219 0.200781 0.014063 0.035938
