0 0.075000 0.513281 0.037500 0.085938
0 0.221094 0.361719 0.020313 0.032813
0 0.267969 0.346875 0.020313 0.034375
0 0.295313 0.364844 0.021875 0.039062
0 0.332031 0.364844 0.023438 0.035938
0 0.287500 0.304688 0.015625 0.028125
0 0.360938 0.329688 0.012500 0.021875
0 0.385938 0.346094 0.021875 0.032813
0 0.358594 0.294531 0.020313 0.035938
0 0.410156 0.346094 0.014063 0.032813
0 0.443750 0.346094 0.015625 0.032813
0 0.406250 0.307813 0.021875 0.025000
0 0.405469 0.280469 0.017188 0.017188
0 0.396094 0.259375 0.014063 0.021875
0 0.442969 0.310938 0.020313 0.031250
0 0.447656 0.269531 0.020313 0.029688
0 0.428125 0.263281 0.021875 0.032813
0 0.499219 0.394531 0.023438 0.048438
0 0.546875 0.409375 0.025000 0.046875
0 0.536719 0.354688 0.023438 0.037500
0 0.502344 0.330469 0.026563 0.045313
0 0.460156 0.314063 0.017188 0.037500
0 0.503125 0.264844 0.015625 0.029688
0 0.580469 0.290625 0.014063 0.028125
0 0.596094 0.331250 0.017188 0.037500
0 0.644531 0.338281 0.020313 0.042188
0 0.691406 0.342969 0.020313 0.042188
0 0.652344 0.380469 0.020313 0.035938
0 0.614844 0.436719 0.026563 0.042188
0 0.609375 0.375781 0.021875 0.045313
0 0.533594 0.256250 0.007812 0.021875
0 0.519531 0.300000 0.010938 0.028125
0 0.520313 0.237500 0.012500 0.025000
0 0.467969 0.244531 0.010938 0.023438
0 0.547656 0.233594 0.010938 0.026563
0 0.603906 0.232031 0.010938 0.026563
0 0.609375 0.208594 0.012500 0.020313
0 0.596875 0.258594 0.012500 0.023438
0 0.627344 0.257031 0.014063 0.026563
0 0.575781 0.246094 0.010938 0.020313
0 0.671094 0.237500 0.007812 0.025000
0 0.682813 0.230469 0.009375 0.020313
0 0.676563 0.269531 0.012500 0.032813
0 0.700781 0.259375 0.010938 0.028125
0 0.737500 0.229688 0.009375 0.028125
0 0.772656 0.245313 0.010938 0.025000
0 0.803906 0.251563 0.014063 0.025000
0 0.832813 0.265625 0.009375 0.031250
0 0.867188 0.264844 0.006250 0.032813
0 0.846094 0.282813 0.010938 0.031250
0 0.857813 0.284375 0.009375 0.031250
0 0.885156 0.288281 0.014063 0.042188
0 0.872656 0.328125 0.017188 0.034375
0 0.839063 0.317969 0.015625 0.029688
0 0.810938 0.306250 0.015625 0.025000
0 0.757812 0.289844 0.015625 0.032813
0 0.720313 0.298438 0.015625 0.031250
0 0.815625 0.346094 0.015625 0.039062
0 0.800000 0.372656 0.018750 0.042188
0 0.848438 0.383594 0.015625 0.039062
0 0.884375 0.403906 0.018750 0.035938
0 0.837500 0.439844 0.018750 0.042188
0 0.767188 0.446094 0.018750 0.054688
0 0.722656 0.396875 0.017188 0.046875
0 0.658594 0.440625 0.029688 0.046875
0 0.700000 0.541406 0.031250 0.073438
0 0.819531 0.526563 0.029688 0.056250
0 0.917969 0.353906 0.010938 0.032813
0 0.926563 0.275781 0.009375 0.023438
0 0.896094 0.462500 0.020313 0.046875
0 0.849219 0.351562 0.023438 0.028125
0 0.628125 0.302344 0.021875 0.039062
0 0.731250 0.274219 0.012500 0.035938
0 0.728906 0.250000 0.014063 0.034375
0 0.767969 0.266406 0.010938 0.042188
0 0.631250 0.240625 0.015625 0.031250
0 0.574219 0.228125 0.017188 0.025000
0 0.660156 0.228125 0.010938 0.028125
0 0.812500 0.282813 0.015625 0.031250
