0 0.628125 0.685156 0.100000 0.192188
0 0.738281 0.526563 0.070312 0.125000
0 0.777344 0.486719 0.057813 0.079688
0 0.820312 0.442188 0.043750 0.068750
0 0.839844 0.396875 0.035938 0.043750
0 0.941406 0.398438 0.045313 0.078125
0 0.918750 0.401563 0.031250 0.059375
0 0.735938 0.398438 0.028125 0.065625
0 0.707813 0.426563 0.040625 0.056250
0 0.665625 0.454688 0.040625 0.075000
0 0.596875 0.495313 0.056250 0.087500
0 0.489063 0.531250 0.075000 0.121875
0 0.332031 0.626563 0.114063 0.153125
0 0.075781 0.510156 0.076563 0.095313
0 0.127344 0.467188 0.054688 0.078125
0 0.261719 0.462500 0.057813 0.081250
0 0.367188 0.446875 0.050000 0.065625
0 0.346094 0.415625 0.042188 0.068750
0 0.421094 0.370313 0.035938 0.056250
0 0.444531 0.359375 0.039062 0.062500
0 0.513281 0.395313 0.035938 0.053125
0 0.574219 0.391406 0.035938 0.057813
0 0.246875 0.392969 0.040625 0.048438
0 0.181250 0.391406 0.031250 0.051563
0 0.150781 0.415625 0.032813 0.062500
0 0.052344 0.410938 0.032813 0.065625
0 0.087500 0.403125 0.031250 0.062500
