0 0.137500 0.566406 0.040625 0.085938
0 0.235938 0.345313 0.018750 0.037500
0 0.262500 0.353125 0.021875 0.043750
0 0.287500 0.377344 0.021875 0.045313
0 0.290625 0.309375 0.018750 0.040625
0 0.357813 0.354688 0.021875 0.046875
0 0.352344 0.326563 0.014063 0.034375
0 0.356250 0.299219 0.018750 0.032813
0 0.388281 0.336719 0.017188 0.035938
0 0.408594 0.335938 0.020313 0.040625
0 0.407031 0.306250 0.017188 0.028125
0 0.407031 0.280469 0.017188 0.026563
0 0.398438 0.263281 0.015625 0.029688
0 0.423438 0.264063 0.018750 0.034375
0 0.443750 0.269531 0.015625 0.029688
0 0.435156 0.310156 0.017188 0.039062
0 0.446094 0.341406 0.020313 0.039062
0 0.473438 0.312500 0.021875 0.034375
0 0.458594 0.250781 0.017188 0.032813
0 0.471094 0.273438 0.017188 0.031250
0 0.466406 0.239844 0.014063 0.029688
0 0.489844 0.269531 0.017188 0.029688
0 0.503125 0.264844 0.015625 0.026563
0 0.518750 0.246094 0.015625 0.029688
0 0.519531 0.279688 0.017188 0.031250
0 0.541406 0.252344 0.017188 0.029688
0 0.553125 0.288281 0.015625 0.039062
0 0.503125 0.332813 0.021875 0.043750
0 0.487500 0.396094 0.034375 0.057813
0 0.562500 0.222656 0.009375 0.023438
0 0.570312 0.237500 0.012500 0.028125
0 0.581250 0.242969 0.012500 0.029688
0 0.568750 0.275781 0.015625 0.035938
0 0.593750 0.255469 0.015625 0.029688
0 0.600000 0.222656 0.009375 0.029688
0 0.593750 0.214844 0.009375 0.026563
0 0.621094 0.221875 0.014063 0.031250
0 0.635156 0.228125 0.010938 0.025000
0 0.637500 0.250781 0.015625 0.026563
0 0.665625 0.235938 0.012500 0.028125
0 0.682031 0.232813 0.014063 0.034375
0 0.662500 0.210938 0.012500 0.025000
0 0.596875 0.332031 0.021875 0.051563
0 0.590625 0.378906 0.025000 0.054688
0 0.546875 0.409375 0.025000 0.056250
0 0.526563 0.360938 0.021875 0.043750
0 0.607031 0.434375 0.029688 0.059375
0 0.628125 0.476562 0.028125 0.068750
0 0.694531 0.553125 0.035938 0.078125
0 0.644531 0.342969 0.023438 0.045313
0 0.628125 0.309375 0.021875 0.040625
0 0.662500 0.281250 0.018750 0.043750
0 0.687500 0.307813 0.018750 0.043750
0 0.700781 0.309375 0.017188 0.040625
0 0.700781 0.254688 0.014063 0.034375
0 0.723438 0.256250 0.015625 0.037500
0 0.727344 0.241406 0.014063 0.026563
0 0.742969 0.232813 0.017188 0.031250
0 0.774219 0.242969 0.014063 0.029688
0 0.771094 0.297656 0.020313 0.035938
0 0.768750 0.269531 0.015625 0.029688
0 0.682031 0.371094 0.023438 0.048438
0 0.657031 0.388281 0.026563 0.064063
0 0.719531 0.411719 0.026563 0.048438
0 0.778125 0.437500 0.028125 0.065625
0 0.807031 0.366406 0.023438 0.054688
0 0.807813 0.305469 0.015625 0.035938
0 0.810156 0.275781 0.017188 0.035938
0 0.802344 0.250000 0.017188 0.037500
0 0.832031 0.261719 0.014063 0.035938
0 0.839844 0.276562 0.017188 0.037500
0 0.850781 0.283594 0.014063 0.032813
0 0.864063 0.264063 0.015625 0.034375
0 0.885156 0.279688 0.014063 0.037500
0 0.880469 0.324219 0.017188 0.039062
0 0.857031 0.343750 0.020313 0.046875
0 0.836719 0.318750 0.020313 0.040625
0 0.852344 0.382031 0.026563 0.064063
0 0.818750 0.497656 0.031250 0.073438
0 0.838281 0.461719 0.026563 0.067187
0 0.911719 0.474219 0.032813 0.073438
0 0.905469 0.402344 0.023438 0.054688
0 0.921094 0.360938 0.017188 0.046875
0 0.900000 0.311719 0.015625 0.035938
0 0.923438 0.314063 0.015625 0.037500
0 0.928906 0.276562 0.014063 0.031250
