0 0.332813 0.202344 0.018750 0.032813
0 0.374219 0.197656 0.014063 0.026563
0 0.384375 0.181250 0.012500 0.021875
0 0.710156 0.309375 0.042188 0.078125
0 0.425781 0.178125 0.020313 0.025000
0 0.439063 0.180469 0.012500 0.029688
0 0.446875 0.150000 0.009375 0.018750
0 0.460156 0.157813 0.017188 0.034375
0 0.477344 0.206250 0.023438 0.040625
0 0.489844 0.171875 0.017188 0.040625
0 0.483594 0.144531 0.010938 0.014063
0 0.501563 0.143750 0.015625 0.028125
0 0.509375 0.160938 0.018750 0.034375
0 0.514062 0.186719 0.009375 0.032813
0 0.527344 0.173438 0.014063 0.028125
0 0.522656 0.137500 0.014063 0.031250
0 0.550000 0.137500 0.009375 0.021875
0 0.562500 0.190625 0.018750 0.034375
0 0.585156 0.134375 0.017188 0.031250
0 0.600781 0.139063 0.014063 0.031250
0 0.603906 0.163281 0.010938 0.020313
0 0.625000 0.114063 0.009375 0.021875
0 0.635938 0.148438 0.015625 0.025000
0 0.665625 0.131250 0.018750 0.043750
0 0.683594 0.120313 0.017188 0.037500
0 0.695312 0.138281 0.021875 0.045313
0 0.716406 0.128906 0.010938 0.020313
0 0.597656 0.239063 0.023438 0.040625
0 0.629688 0.210156 0.018750 0.039062
0 0.667969 0.200000 0.010938 0.025000
0 0.672656 0.238281 0.020313 0.035938
0 0.702344 0.246875 0.029688 0.050000
0 0.703906 0.178906 0.014063 0.026563
0 0.717969 0.200000 0.017188 0.034375
0 0.740625 0.153906 0.018750 0.029688
0 0.743750 0.182813 0.015625 0.031250
0 0.761719 0.145313 0.017188 0.031250
0 0.770313 0.143750 0.009375 0.028125
0 0.801563 0.176563 0.018750 0.034375
0 0.785938 0.181250 0.015625 0.034375
0 0.800781 0.217969 0.014063 0.032813
0 0.817188 0.160156 0.015625 0.026563
0 0.830469 0.145313 0.014063 0.028125
0 0.825000 0.197656 0.012500 0.029688
0 0.847656 0.187500 0.017188 0.031250
0 0.865625 0.147656 0.012500 0.029688
0 0.867969 0.207031 0.014063 0.042188
0 0.895313 0.157031 0.012500 0.023438
0 0.892969 0.234375 0.023438 0.037500
0 0.883594 0.274219 0.017188 0.042188
0 0.916406 0.186719 0.017188 0.035938
0 0.945312 0.177344 0.012500 0.023438
0 0.942188 0.227344 0.018750 0.032813
0 0.472656 0.172656 0.020313 0.029688
0 0.648438 0.160156 0.015625 0.032813
