0 0.192188 0.489844 0.050000 0.082813
0 0.349219 0.257031 0.017188 0.032813
0 0.377344 0.262500 0.017188 0.034375
0 0.432813 0.220313 0.015625 0.028125
0 0.441406 0.279688 0.023438 0.037500
0 0.464063 0.229688 0.018750 0.037500
0 0.464063 0.186719 0.015625 0.029688
0 0.487500 0.197656 0.015625 0.026563
0 0.507812 0.194531 0.015625 0.032813
0 0.478125 0.154688 0.012500 0.021875
0 0.503906 0.139063 0.010938 0.021875
0 0.543750 0.138281 0.015625 0.023438
0 0.546094 0.217969 0.020313 0.032813
0 0.585938 0.157031 0.015625 0.032813
0 0.585156 0.135156 0.014063 0.026563
0 0.495313 0.323438 0.028125 0.056250
0 0.597656 0.240625 0.026563 0.059375
0 0.688281 0.249219 0.026563 0.045313
0 0.760938 0.286719 0.018750 0.048438
0 0.803906 0.292969 0.020313 0.048438
0 0.909375 0.217188 0.015625 0.040625
0 0.839844 0.171875 0.017188 0.037500
0 0.839063 0.128906 0.012500 0.029688
0 0.785938 0.120313 0.015625 0.037500
0 0.765625 0.134375 0.015625 0.031250
0 0.743750 0.159375 0.015625 0.028125
0 0.720313 0.146094 0.015625 0.035938
