0 0.212500 0.360938 0.050000 0.096875
0 0.329688 0.199219 0.018750 0.035938
0 0.368750 0.121875 0.018750 0.031250
0 0.411719 0.185156 0.014063 0.026563
0 0.430469 0.172656 0.017188 0.035938
0 0.440625 0.142969 0.012500 0.032813
0 0.453125 0.144531 0.009375 0.023438
0 0.471875 0.154688 0.015625 0.034375
0 0.461719 0.171094 0.017188 0.029688
0 0.465625 0.201563 0.018750 0.031250
0 0.464063 0.139844 0.015625 0.023438
0 0.487500 0.146094 0.015625 0.026563
0 0.510938 0.144531 0.012500 0.023438
0 0.497656 0.135938 0.010938 0.018750
0 0.522656 0.129688 0.014063 0.028125
0 0.523438 0.186719 0.015625 0.032813
0 0.544531 0.196094 0.020313 0.035938
0 0.545312 0.157031 0.012500 0.029688
0 0.570312 0.134375 0.012500 0.031250
0 0.579688 0.128125 0.015625 0.031250
0 0.599219 0.139063 0.017188 0.031250
0 0.585938 0.161719 0.015625 0.035938
0 0.621875 0.170313 0.018750 0.034375
0 0.617969 0.107031 0.010938 0.023438
0 0.642969 0.121875 0.014063 0.028125
0 0.652344 0.140625 0.014063 0.025000
0 0.659375 0.114844 0.009375 0.023438
0 0.669531 0.117188 0.010938 0.021875
0 0.690625 0.112500 0.012500 0.031250
0 0.712500 0.121094 0.012500 0.026563
0 0.596094 0.242969 0.023438 0.051563
0 0.633594 0.211719 0.023438 0.051563
0 0.661719 0.220313 0.020313 0.053125
0 0.668750 0.206250 0.018750 0.034375
0 0.689063 0.172656 0.018750 0.032813
0 0.710156 0.181250 0.017188 0.031250
0 0.742188 0.207031 0.025000 0.045313
0 0.740625 0.175000 0.015625 0.037500
0 0.755469 0.142969 0.014063 0.026563
0 0.760156 0.132812 0.010938 0.021875
0 0.769531 0.179688 0.017188 0.040625
0 0.780469 0.144531 0.014063 0.035938
0 0.798438 0.166406 0.015625 0.032813
0 0.807813 0.157813 0.012500 0.031250
0 0.828125 0.133594 0.012500 0.029688
0 0.826563 0.181250 0.015625 0.037500
0 0.842188 0.187500 0.015625 0.031250
0 0.810156 0.203906 0.017188 0.035938
0 0.789062 0.217969 0.018750 0.042188
0 0.715625 0.167188 0.015625 0.028125
0 0.871094 0.289844 0.020313 0.051563
0 0.885938 0.229688 0.018750 0.040625
0 0.892969 0.205469 0.020313 0.039062
0 0.874219 0.157031 0.010938 0.029688
0 0.851562 0.151563 0.012500 0.031250
0 0.917188 0.178125 0.015625 0.034375
0 0.939063 0.194531 0.012500 0.029688
0 0.938281 0.171875 0.010938 0.018750
0 0.917969 0.266406 0.017188 0.048438
