0 0.183594 0.390625 0.051563 0.100000
0 0.266406 0.228125 0.020313 0.037500
0 0.337500 0.247656 0.018750 0.045313
0 0.408594 0.239063 0.020313 0.043750
0 0.438281 0.252344 0.023438 0.042188
0 0.429688 0.216406 0.018750 0.039062
0 0.392188 0.196094 0.018750 0.039062
0 0.371094 0.192969 0.014063 0.032813
0 0.382031 0.175000 0.017188 0.037500
0 0.409375 0.161719 0.012500 0.029688
0 0.435938 0.170313 0.015625 0.034375
0 0.440625 0.141406 0.012500 0.023438
0 0.466406 0.135156 0.014063 0.023438
0 0.482031 0.150781 0.010938 0.026563
0 0.475000 0.178906 0.015625 0.029688
0 0.467188 0.207813 0.018750 0.043750
0 0.498438 0.207813 0.018750 0.046875
0 0.523438 0.182813 0.018750 0.040625
0 0.537500 0.163281 0.015625 0.032813
0 0.557813 0.178125 0.018750 0.034375
0 0.510938 0.135938 0.012500 0.034375
0 0.499219 0.128125 0.010938 0.021875
0 0.525000 0.125781 0.012500 0.023438
0 0.538281 0.133594 0.014063 0.026563
0 0.547656 0.140625 0.010938 0.018750
0 0.567969 0.135156 0.010938 0.023438
0 0.576562 0.116406 0.012500 0.023438
0 0.601562 0.163281 0.015625 0.032813
0 0.600000 0.131250 0.015625 0.028125
0 0.600781 0.108594 0.010938 0.029688
0 0.642969 0.047656 0.010938 0.029688
0 0.618750 0.135156 0.012500 0.035938
0 0.624219 0.117188 0.010938 0.028125
0 0.632031 0.114063 0.007812 0.021875
0 0.634375 0.140625 0.012500 0.028125
0 0.660156 0.100781 0.010938 0.026563
0 0.664844 0.114063 0.010938 0.025000
0 0.679688 0.107813 0.012500 0.028125
0 0.691406 0.116406 0.010938 0.029688
0 0.735938 0.054688 0.015625 0.034375
0 0.567188 0.244531 0.021875 0.045313
0 0.628125 0.249219 0.025000 0.057813
0 0.639063 0.195312 0.018750 0.043750
0 0.662500 0.189844 0.015625 0.035938
0 0.671875 0.254688 0.025000 0.050000
0 0.717188 0.233594 0.021875 0.048438
0 0.742969 0.262500 0.026563 0.059375
0 0.763281 0.264063 0.020313 0.046875
0 0.700000 0.157813 0.015625 0.034375
0 0.713281 0.180469 0.020313 0.039062
0 0.732031 0.138281 0.017188 0.029688
0 0.737500 0.190625 0.015625 0.031250
0 0.750000 0.207813 0.021875 0.043750
0 0.787500 0.213281 0.018750 0.042188
0 0.789844 0.278906 0.029688 0.060938
0 0.844531 0.318750 0.023438 0.068750
0 0.865625 0.282813 0.025000 0.056250
0 0.910156 0.352344 0.023438 0.067187
0 0.932813 0.271875 0.021875 0.059375
0 0.919531 0.248438 0.020313 0.053125
0 0.930469 0.225000 0.014063 0.037500
0 0.942188 0.208594 0.012500 0.032813
0 0.929688 0.188281 0.015625 0.039062
0 0.952344 0.164062 0.014063 0.034375
0 0.903125 0.178125 0.015625 0.034375
0 0.912500 0.153906 0.015625 0.032813
0 0.874219 0.160938 0.014063 0.031250
0 0.865625 0.185938 0.015625 0.037500
0 0.887500 0.226562 0.018750 0.037500
0 0.840625 0.232031 0.018750 0.045313
0 0.846094 0.195312 0.017188 0.037500
0 0.842969 0.167969 0.014063 0.035938
0 0.835938 0.160938 0.012500 0.031250
0 0.846875 0.144531 0.015625 0.035938
0 0.819531 0.132812 0.017188 0.034375
0 0.788281 0.154688 0.014063 0.034375
0 0.791406 0.125781 0.014063 0.029688
0 0.780469 0.143750 0.010938 0.025000
0 0.760156 0.132031 0.014063 0.029688
0 0.745313 0.132812 0.015625 0.031250
