0 0.095313 0.409375 0.037500 0.078125
0 0.256250 0.287500 0.012500 0.021875
0 0.282031 0.271094 0.014063 0.029688
0 0.297656 0.263281 0.017188 0.032813
0 0.318750 0.222656 0.012500 0.029688
0 0.345313 0.216406 0.015625 0.032813
0 0.345313 0.270313 0.018750 0.034375
0 0.372656 0.224219 0.014063 0.032813
0 0.378906 0.210156 0.010938 0.023438
0 0.382031 0.202344 0.014063 0.023438
0 0.410156 0.170313 0.014063 0.025000
0 0.424219 0.182031 0.017188 0.029688
0 0.415625 0.224219 0.018750 0.035938
0 0.445312 0.231250 0.018750 0.040625
0 0.432813 0.271094 0.021875 0.042188
0 0.450000 0.150781 0.012500 0.023438
0 0.450000 0.175000 0.018750 0.031250
0 0.458594 0.197656 0.023438 0.035938
0 0.478906 0.166406 0.014063 0.029688
0 0.471094 0.155469 0.014063 0.023438
0 0.488281 0.139844 0.010938 0.023438
0 0.501563 0.149219 0.012500 0.017188
0 0.528125 0.139844 0.015625 0.032813
0 0.511719 0.192188 0.014063 0.025000
0 0.496875 0.232813 0.018750 0.034375
0 0.551563 0.164062 0.018750 0.031250
0 0.546875 0.193750 0.018750 0.037500
0 0.554688 0.143750 0.015625 0.028125
0 0.578125 0.113281 0.009375 0.023438
0 0.584375 0.151563 0.015625 0.040625
0 0.597656 0.121875 0.014063 0.021875
0 0.617969 0.105469 0.010938 0.020313
0 0.615625 0.127344 0.009375 0.020313
0 0.622656 0.138281 0.014063 0.032813
0 0.642188 0.108594 0.012500 0.026563
0 0.631250 0.127344 0.015625 0.026563
0 0.671094 0.122656 0.014063 0.023438
0 0.692969 0.100000 0.014063 0.028125
0 0.691406 0.142187 0.014063 0.028125
0 0.707813 0.135156 0.015625 0.032813
0 0.489844 0.298438 0.023438 0.043750
0 0.561719 0.295313 0.023438 0.050000
0 0.551563 0.247656 0.018750 0.029688
0 0.610938 0.218750 0.018750 0.037500
0 0.609375 0.256250 0.021875 0.043750
0 0.650781 0.179688 0.020313 0.031250
0 0.650000 0.217969 0.021875 0.048438
0 0.690625 0.181250 0.015625 0.037500
0 0.702344 0.210156 0.020313 0.048438
0 0.678125 0.244531 0.021875 0.042188
0 0.599219 0.342969 0.026563 0.054688
0 0.671094 0.349219 0.026563 0.054688
0 0.710938 0.292187 0.025000 0.050000
0 0.784375 0.286719 0.025000 0.048438
0 0.752344 0.238281 0.020313 0.048438
0 0.746875 0.186719 0.015625 0.032813
0 0.732031 0.157813 0.014063 0.034375
0 0.745313 0.148438 0.015625 0.031250
0 0.761719 0.160938 0.014063 0.034375
0 0.760156 0.130469 0.014063 0.029688
0 0.751563 0.105469 0.012500 0.026563
0 0.735938 0.115625 0.015625 0.031250
0 0.782813 0.122656 0.012500 0.026563
0 0.796094 0.137500 0.010938 0.034375
0 0.800000 0.177344 0.012500 0.032813
0 0.811719 0.158594 0.014063 0.029688
0 0.813281 0.132031 0.010938 0.026563
0 0.830469 0.139844 0.014063 0.035938
0 0.852344 0.192188 0.014063 0.034375
0 0.853906 0.155469 0.014063 0.032813
0 0.867188 0.150000 0.015625 0.031250
0 0.869531 0.124219 0.010938 0.023438
0 0.896875 0.131250 0.009375 0.031250
0 0.891406 0.175000 0.014063 0.031250
0 0.879688 0.200000 0.015625 0.031250
0 0.869531 0.220313 0.017188 0.037500
0 0.932031 0.165625 0.014063 0.034375
0 0.932813 0.275000 0.018750 0.037500
