0 0.085938 0.553906 0.053125 0.117188
0 0.226562 0.264844 0.018750 0.045313
0 0.239844 0.262500 0.017188 0.053125
0 0.279688 0.236719 0.021875 0.045313
0 0.307813 0.236719 0.018750 0.039062
0 0.312500 0.207813 0.018750 0.037500
0 0.339063 0.225000 0.018750 0.050000
0 0.373438 0.262500 0.021875 0.059375
0 0.353906 0.207031 0.017188 0.035938
0 0.365625 0.189844 0.015625 0.032813
0 0.415625 0.175781 0.015625 0.035938
0 0.396875 0.242188 0.015625 0.037500
0 0.430469 0.308594 0.023438 0.057813
0 0.434375 0.185938 0.015625 0.040625
0 0.426563 0.161719 0.012500 0.029688
0 0.457813 0.164844 0.012500 0.032813
0 0.475781 0.171875 0.017188 0.043750
0 0.469531 0.241406 0.020313 0.048438
0 0.498438 0.206250 0.018750 0.040625
0 0.497656 0.146875 0.014063 0.034375
0 0.517188 0.167969 0.018750 0.045313
0 0.526563 0.158594 0.015625 0.042188
0 0.553125 0.215625 0.015625 0.046875
0 0.575781 0.193750 0.017188 0.050000
0 0.557031 0.161719 0.017188 0.035938
0 0.557031 0.134375 0.014063 0.034375
0 0.578906 0.135938 0.014063 0.034375
0 0.597656 0.132031 0.017188 0.042188
0 0.607031 0.143750 0.014063 0.028125
0 0.611719 0.164844 0.014063 0.032813
0 0.614063 0.190625 0.015625 0.043750
0 0.658594 0.178906 0.014063 0.035938
0 0.654688 0.147656 0.012500 0.032813
0 0.632812 0.125781 0.015625 0.035938
0 0.651563 0.118750 0.012500 0.031250
0 0.687500 0.150781 0.012500 0.035938
0 0.692188 0.136719 0.012500 0.032813
0 0.710938 0.151563 0.015625 0.040625
0 0.575781 0.328125 0.023438 0.059375
0 0.596094 0.367188 0.026563 0.068750
0 0.609375 0.285938 0.028125 0.062500
0 0.659375 0.245313 0.025000 0.053125
0 0.657813 0.407813 0.028125 0.068750
0 0.721094 0.402344 0.026563 0.070312
0 0.696875 0.210938 0.018750 0.053125
0 0.713281 0.271875 0.023438 0.065625
0 0.741406 0.226562 0.017188 0.050000
0 0.755469 0.275000 0.017188 0.046875
0 0.797656 0.451563 0.029688 0.078125
0 0.852344 0.491406 0.029688 0.092188
0 0.877344 0.396094 0.023438 0.073438
0 0.863281 0.338281 0.023438 0.054688
0 0.800000 0.309375 0.025000 0.059375
0 0.794531 0.238281 0.017188 0.051563
0 0.777344 0.211719 0.014063 0.039062
0 0.755469 0.199219 0.014063 0.039062
0 0.772656 0.180469 0.010938 0.026563
0 0.768750 0.200781 0.012500 0.032813
0 0.808594 0.189844 0.014063 0.039062
0 0.816406 0.228906 0.017188 0.045313
0 0.871094 0.232813 0.017188 0.043750
0 0.903125 0.224219 0.015625 0.045313
0 0.899219 0.253906 0.014063 0.039062
0 0.889063 0.275781 0.018750 0.051563
0 0.926563 0.340625 0.018750 0.046875
0 0.946875 0.371094 0.021875 0.057813
0 0.950000 0.437500 0.025000 0.084375
0 0.975000 0.360938 0.021875 0.056250
0 0.970313 0.311719 0.015625 0.042188
0 0.981250 0.255469 0.015625 0.035938
0 0.927344 0.261719 0.014063 0.045313
0 0.949219 0.241406 0.014063 0.039062
