0 0.132812 0.242188 0.018750 0.037500
0 0.222656 0.347656 0.048438 0.085938
0 0.257812 0.209375 0.015625 0.034375
0 0.275000 0.163281 0.015625 0.029688
0 0.336719 0.229688 0.020313 0.037500
0 0.387500 0.230469 0.021875 0.048438
0 0.410938 0.257031 0.021875 0.045313
0 0.353906 0.117188 0.014063 0.025000
0 0.389844 0.117969 0.017188 0.032813
0 0.429688 0.170313 0.015625 0.037500
0 0.425000 0.220313 0.018750 0.034375
0 0.425781 0.147656 0.014063 0.020313
0 0.473438 0.180469 0.025000 0.039062
0 0.471875 0.206250 0.018750 0.034375
0 0.465625 0.099219 0.015625 0.029688
0 0.482031 0.149219 0.014063 0.029688
0 0.498438 0.142969 0.015625 0.026563
0 0.513281 0.187500 0.017188 0.040625
0 0.510938 0.117969 0.012500 0.029688
0 0.525000 0.124219 0.012500 0.023438
0 0.550000 0.118750 0.015625 0.025000
0 0.547656 0.185156 0.026563 0.042188
0 0.532031 0.332031 0.045313 0.060938
0 0.565625 0.282031 0.028125 0.042188
0 0.591406 0.116406 0.020313 0.035938
0 0.577344 0.095313 0.020313 0.040625
0 0.608594 0.112500 0.010938 0.025000
0 0.621875 0.124219 0.012500 0.029688
0 0.635938 0.096875 0.015625 0.025000
0 0.653125 0.080469 0.015625 0.032813
0 0.660938 0.123438 0.021875 0.040625
0 0.619531 0.157813 0.017188 0.040625
0 0.620313 0.242969 0.034375 0.060938
0 0.672656 0.262500 0.029688 0.050000
0 0.682031 0.216406 0.020313 0.042188
0 0.711719 0.163281 0.017188 0.032813
0 0.692188 0.075000 0.015625 0.028125
0 0.726562 0.070312 0.018750 0.028125
0 0.708594 0.113281 0.010938 0.026563
0 0.737500 0.109375 0.021875 0.043750
0 0.759375 0.085938 0.018750 0.040625
0 0.779688 0.096875 0.015625 0.037500
0 0.778906 0.148438 0.020313 0.037500
0 0.765625 0.248438 0.021875 0.050000
0 0.737500 0.260156 0.025000 0.057813
0 0.798438 0.185938 0.021875 0.059375
0 0.813281 0.122656 0.014063 0.023438
0 0.842969 0.094531 0.014063 0.029688
0 0.834375 0.104688 0.009375 0.025000
0 0.869531 0.109375 0.017188 0.034375
0 0.862500 0.170313 0.018750 0.031250
0 0.847656 0.214844 0.026563 0.060938
0 0.875781 0.238281 0.023438 0.051563
0 0.888281 0.215625 0.014063 0.034375
0 0.910156 0.108594 0.014063 0.035938
0 0.951563 0.134375 0.015625 0.037500
0 0.968750 0.162500 0.015625 0.034375
0 0.975000 0.128125 0.015625 0.034375
0 0.931250 0.214063 0.018750 0.043750
0 0.922656 0.253125 0.020313 0.043750
0 0.914844 0.325000 0.023438 0.062500
0 0.928125 0.295313 0.025000 0.050000
