0 0.232813 0.736719 0.078125 0.142187
0 0.312500 0.575000 0.071875 0.109375
0 0.335938 0.490625 0.043750 0.071875
0 0.415625 0.684375 0.075000 0.153125
0 0.438281 0.572656 0.054688 0.098438
0 0.468750 0.486719 0.050000 0.095313
0 0.560156 0.472656 0.045313 0.073438
0 0.596094 0.585938 0.057813 0.109375
0 0.661719 0.671875 0.073438 0.128125
0 0.732813 0.567188 0.068750 0.125000
0 0.845313 0.717188 0.096875 0.153125
0 0.071094 0.478906 0.048438 0.076563
0 0.029688 0.424219 0.034375 0.054688
0 0.089063 0.390625 0.028125 0.040625
0 0.078906 0.367188 0.032813 0.043750
0 0.131250 0.439844 0.043750 0.073438
0 0.128125 0.367969 0.025000 0.048438
0 0.169531 0.381250 0.032813 0.059375
0 0.189844 0.342969 0.023438 0.039062
0 0.208594 0.414062 0.029688 0.050000
0 0.235156 0.396875 0.023438 0.043750
0 0.260156 0.360938 0.023438 0.046875
0 0.282813 0.360938 0.025000 0.046875
0 0.313281 0.353906 0.023438 0.039062
0 0.368750 0.448438 0.037500 0.068750
0 0.384375 0.389063 0.028125 0.043750
0 0.414844 0.380469 0.032813 0.054688
0 0.438281 0.334375 0.029688 0.043750
0 0.473438 0.350000 0.025000 0.040625
0 0.483594 0.385156 0.029688 0.051563
0 0.458594 0.404688 0.029688 0.040625
0 0.514062 0.335156 0.025000 0.048438
0 0.540625 0.386719 0.028125 0.048438
0 0.560937 0.378125 0.021875 0.043750
0 0.569531 0.350000 0.020313 0.040625
0 0.592187 0.427344 0.031250 0.054688
0 0.634375 0.463281 0.046875 0.082813
0 0.634375 0.404688 0.028125 0.040625
0 0.617188 0.366406 0.028125 0.051563
0 0.700000 0.425000 0.037500 0.065625
0 0.786719 0.424219 0.051563 0.076563
0 0.796875 0.381250 0.034375 0.059375
0 0.707031 0.375781 0.032813 0.054688
0 0.875000 0.516406 0.050000 0.101562
0 0.957031 0.583594 0.064063 0.114063
0 0.933594 0.496094 0.054688 0.082813
0 0.893750 0.426563 0.040625 0.090625
