0 0.172656 0.405469 0.048438 0.082813
0 0.307813 0.223438 0.018750 0.037500
0 0.320312 0.253125 0.018750 0.040625
0 0.332813 0.225781 0.021875 0.032813
0 0.330469 0.190625 0.017188 0.034375
0 0.347656 0.203906 0.017188 0.039062
0 0.372656 0.214844 0.017188 0.035938
0 0.374219 0.247656 0.017188 0.042188
0 0.385938 0.250000 0.021875 0.046875
0 0.392969 0.210156 0.020313 0.042188
0 0.417188 0.257812 0.025000 0.053125
0 0.441406 0.231250 0.020313 0.046875
0 0.441406 0.182813 0.017188 0.034375
0 0.428906 0.177344 0.017188 0.039062
0 0.419531 0.155469 0.017188 0.026563
0 0.446875 0.161719 0.015625 0.029688
0 0.475781 0.188281 0.020313 0.039062
0 0.487500 0.225781 0.021875 0.042188
0 0.503125 0.197656 0.018750 0.039062
0 0.491406 0.160938 0.014063 0.028125
0 0.480469 0.142969 0.010938 0.023438
0 0.491406 0.139063 0.010938 0.025000
0 0.511719 0.128906 0.014063 0.035938
0 0.510156 0.154688 0.014063 0.031250
0 0.533594 0.161719 0.017188 0.032813
0 0.532813 0.132031 0.012500 0.029688
0 0.545312 0.136719 0.015625 0.029688
0 0.549219 0.164062 0.014063 0.031250
0 0.558594 0.188281 0.017188 0.032813
0 0.562500 0.160938 0.015625 0.031250
0 0.583594 0.171875 0.017188 0.040625
0 0.596875 0.144531 0.015625 0.029688
0 0.585156 0.130469 0.014063 0.023438
0 0.604688 0.123438 0.015625 0.028125
0 0.629688 0.129688 0.015625 0.037500
0 0.637500 0.111719 0.012500 0.029688
0 0.620313 0.166406 0.015625 0.042188
0 0.671094 0.135156 0.010938 0.029688
0 0.652344 0.132031 0.014063 0.029688
0 0.664062 0.107813 0.015625 0.034375
0 0.686719 0.124219 0.014063 0.032813
0 0.717969 0.117969 0.014063 0.029688
0 0.673438 0.177344 0.021875 0.042188
0 0.630469 0.225000 0.020313 0.053125
0 0.628906 0.267188 0.026563 0.056250
0 0.566406 0.258594 0.026563 0.054688
0 0.548438 0.317969 0.031250 0.060938
0 0.491406 0.285938 0.029688 0.062500
0 0.596094 0.349219 0.029688 0.064063
0 0.660938 0.353125 0.034375 0.081250
0 0.681250 0.275781 0.025000 0.057813
0 0.719531 0.247656 0.023438 0.048438
0 0.737500 0.291406 0.021875 0.054688
0 0.757031 0.326563 0.029688 0.053125
0 0.743750 0.417969 0.043750 0.079688
0 0.825000 0.421094 0.028125 0.064063
0 0.871875 0.425781 0.031250 0.079688
0 0.845313 0.339063 0.031250 0.062500
0 0.867188 0.286719 0.021875 0.054688
0 0.911719 0.350000 0.029688 0.068750
0 0.925000 0.304688 0.021875 0.053125
0 0.884375 0.235938 0.025000 0.046875
0 0.930469 0.238281 0.017188 0.048438
0 0.806250 0.253125 0.025000 0.043750
0 0.800000 0.232031 0.021875 0.039062
0 0.769531 0.254688 0.023438 0.043750
0 0.750000 0.213281 0.021875 0.039062
0 0.716406 0.194531 0.020313 0.039062
0 0.704688 0.167969 0.018750 0.035938
0 0.728906 0.160156 0.017188 0.035938
0 0.749219 0.139844 0.014063 0.035938
0 0.778125 0.161719 0.015625 0.029688
0 0.785156 0.139844 0.014063 0.029688
0 0.810156 0.163281 0.014063 0.029688
