0 0.954688 0.589844 0.093750 0.279688
0 0.917969 0.438281 0.107813 0.176563
0 0.814844 0.417969 0.079688 0.148438
0 0.711719 0.452344 0.145313 0.217188
0 0.671094 0.804688 0.223438 0.393750
0 0.423438 0.687500 0.243750 0.359375
0 0.513281 0.502344 0.101562 0.207813
0 0.566406 0.421875 0.089063 0.162500
0 0.435938 0.415625 0.071875 0.121875
0 0.368750 0.403125 0.081250 0.131250
0 0.289844 0.513281 0.120313 0.214063
0 0.192969 0.468750 0.085938 0.153125
0 0.121875 0.525781 0.115625 0.214063
0 0.083594 0.439063 0.079688 0.128125
0 0.069531 0.250000 0.045313 0.071875
0 0.139844 0.253906 0.045313 0.073438
0 0.168750 0.400000 0.068750 0.096875
0 0.126562 0.371094 0.059375 0.098438
0 0.078125 0.365625 0.053125 0.084375
