0 0.169531 0.349219 0.092188 0.164062
0 0.270313 0.478125 0.046875 0.068750
0 0.278906 0.539062 0.051563 0.081250
0 0.323438 0.501563 0.046875 0.071875
0 0.350000 0.560156 0.053125 0.095313
0 0.410156 0.546094 0.064063 0.101562
0 0.482031 0.539062 0.060938 0.121875
0 0.571094 0.522656 0.051563 0.079688
0 0.596094 0.598438 0.060938 0.121875
0 0.500000 0.753125 0.106250 0.206250
0 0.683594 0.718750 0.120313 0.193750
0 0.709375 0.602344 0.078125 0.123438
0 0.675781 0.467969 0.039062 0.064063
0 0.738281 0.465625 0.045313 0.065625
0 0.787500 0.495313 0.050000 0.084375
0 0.779688 0.375000 0.025000 0.056250
0 0.878906 0.326563 0.092188 0.153125
0 0.600000 0.468750 0.034375 0.059375
