0 0.909375 0.150000 0.009375 0.021875
0 0.907031 0.174219 0.010938 0.029688
0 0.904688 0.195312 0.012500 0.037500
0 0.944531 0.191406 0.014063 0.029688
0 0.937500 0.210938 0.012500 0.037500
0 0.937500 0.227344 0.015625 0.032813
0 0.929688 0.257031 0.018750 0.048438
0 0.894531 0.242188 0.020313 0.040625
0 0.894531 0.223438 0.020313 0.040625
0 0.868750 0.188281 0.015625 0.032813
0 0.875000 0.171094 0.012500 0.032813
0 0.854688 0.158594 0.012500 0.032813
0 0.782031 0.142187 0.010938 0.031250
0 0.806250 0.146875 0.009375 0.031250
0 0.820312 0.147656 0.012500 0.026563
0 0.762500 0.140625 0.012500 0.034375
0 0.788281 0.159375 0.010938 0.028125
0 0.795313 0.178125 0.012500 0.034375
0 0.839063 0.170313 0.012500 0.031250
0 0.832813 0.183594 0.012500 0.029688
0 0.910156 0.366406 0.023438 0.060938
0 0.839844 0.232031 0.020313 0.042188
0 0.803906 0.214844 0.020313 0.045313
0 0.830469 0.261719 0.023438 0.051563
0 0.796875 0.289844 0.025000 0.054688
0 0.762500 0.207031 0.015625 0.045313
0 0.774219 0.255469 0.020313 0.045313
0 0.739063 0.246094 0.021875 0.048438
0 0.732031 0.178906 0.017188 0.035938
0 0.735156 0.156250 0.017188 0.037500
0 0.714063 0.195312 0.018750 0.040625
0 0.762500 0.353125 0.028125 0.062500
0 0.700000 0.321094 0.031250 0.060938
0 0.692969 0.262500 0.020313 0.046875
0 0.710156 0.122656 0.014063 0.032813
0 0.688281 0.121094 0.010938 0.026563
0 0.679688 0.136719 0.012500 0.029688
0 0.660938 0.189844 0.015625 0.039062
0 0.646875 0.167969 0.012500 0.035938
0 0.656250 0.157813 0.015625 0.031250
0 0.641406 0.129688 0.010938 0.025000
0 0.652344 0.127344 0.010938 0.023438
0 0.634375 0.119531 0.009375 0.020313
0 0.626563 0.143750 0.012500 0.028125
0 0.580469 0.143750 0.014063 0.028125
0 0.600781 0.167188 0.010938 0.031250
0 0.609375 0.167969 0.015625 0.039062
0 0.571094 0.167969 0.014063 0.032813
0 0.553125 0.146875 0.012500 0.028125
0 0.554688 0.137500 0.012500 0.028125
0 0.542969 0.166406 0.014063 0.032813
0 0.562500 0.196875 0.015625 0.037500
0 0.528125 0.185938 0.015625 0.034375
0 0.517188 0.160938 0.012500 0.028125
0 0.486719 0.157031 0.014063 0.029688
0 0.486719 0.146094 0.010938 0.026563
0 0.503125 0.135156 0.009375 0.023438
0 0.498438 0.188281 0.015625 0.032813
0 0.600000 0.235156 0.018750 0.048438
0 0.653125 0.246094 0.018750 0.045313
0 0.640625 0.256250 0.021875 0.046875
0 0.431250 0.163281 0.009375 0.026563
0 0.446875 0.165625 0.012500 0.034375
0 0.420313 0.171094 0.015625 0.029688
0 0.421875 0.192969 0.015625 0.029688
0 0.448438 0.207031 0.015625 0.035938
0 0.467969 0.210938 0.017188 0.037500
0 0.446875 0.250781 0.018750 0.045313
0 0.416406 0.242188 0.020313 0.040625
0 0.380469 0.185156 0.014063 0.029688
0 0.403906 0.216406 0.017188 0.039062
0 0.381250 0.239844 0.018750 0.042188
0 0.372656 0.215625 0.017188 0.034375
0 0.359375 0.229688 0.018750 0.040625
0 0.353906 0.201563 0.017188 0.028125
0 0.355469 0.182031 0.010938 0.029688
0 0.338281 0.225000 0.014063 0.034375
0 0.301563 0.218750 0.015625 0.037500
0 0.295313 0.248438 0.012500 0.037500
0 0.112500 0.383594 0.037500 0.076563
