0 0.047656 0.459375 0.085938 0.168750
0 0.112500 0.452344 0.021875 0.042188
0 0.160938 0.516406 0.056250 0.101562
0 0.145313 0.463281 0.028125 0.045313
0 0.315625 0.453125 0.131250 0.228125
0 0.404688 0.501563 0.037500 0.068750
0 0.450000 0.504688 0.028125 0.046875
0 0.475000 0.510938 0.025000 0.043750
0 0.503906 0.508594 0.017188 0.032813
0 0.532813 0.517969 0.028125 0.051563
0 0.557813 0.542969 0.046875 0.089063
0 0.620313 0.542188 0.040625 0.078125
0 0.667969 0.521094 0.035938 0.060938
0 0.712500 0.543750 0.028125 0.059375
0 0.825000 0.560156 0.062500 0.117188
0 0.875781 0.562500 0.054688 0.103125
0 0.916406 0.582031 0.032813 0.079688
0 0.949219 0.575781 0.023438 0.060938
0 0.239063 0.468750 0.028125 0.046875
