0 0.400781 0.417969 0.051563 0.095313
0 0.271875 0.221094 0.018750 0.039062
0 0.317188 0.208594 0.015625 0.029688
0 0.331250 0.182031 0.015625 0.032813
0 0.343750 0.209375 0.018750 0.040625
0 0.358594 0.241406 0.017188 0.039062
0 0.370313 0.182813 0.015625 0.034375
0 0.379688 0.189844 0.018750 0.039062
0 0.407031 0.148438 0.010938 0.031250
0 0.428125 0.143750 0.009375 0.028125
0 0.410156 0.221875 0.014063 0.040625
0 0.421875 0.239063 0.018750 0.046875
0 0.445312 0.184375 0.018750 0.034375
0 0.464844 0.186719 0.020313 0.035938
0 0.446094 0.142187 0.014063 0.028125
0 0.471094 0.122656 0.010938 0.026563
0 0.487500 0.135156 0.012500 0.026563
0 0.503125 0.112500 0.015625 0.018750
0 0.504688 0.167969 0.015625 0.029688
0 0.507031 0.137500 0.014063 0.028125
0 0.525000 0.121094 0.015625 0.020313
0 0.525000 0.167969 0.015625 0.039062
0 0.535938 0.147656 0.015625 0.032813
0 0.539844 0.123438 0.014063 0.021875
0 0.566406 0.108594 0.010938 0.026563
0 0.557813 0.148438 0.018750 0.028125
0 0.553906 0.180469 0.026563 0.048438
0 0.578906 0.128125 0.023438 0.037500
0 0.589063 0.164844 0.021875 0.035938
0 0.572656 0.227344 0.023438 0.054688
0 0.621875 0.236719 0.018750 0.045313
0 0.600781 0.125781 0.014063 0.023438
0 0.613281 0.100000 0.010938 0.021875
0 0.624219 0.112500 0.010938 0.025000
0 0.633594 0.096875 0.014063 0.028125
0 0.634375 0.144531 0.015625 0.032813
0 0.655469 0.175781 0.014063 0.035938
0 0.659375 0.099219 0.012500 0.029688
0 0.680469 0.100000 0.010938 0.028125
0 0.712500 0.096094 0.012500 0.029688
0 0.707813 0.167969 0.018750 0.039062
0 0.697656 0.243750 0.020313 0.046875
0 0.675000 0.328906 0.025000 0.070312
0 0.750000 0.368750 0.028125 0.056250
0 0.725781 0.229688 0.020313 0.043750
0 0.726562 0.169531 0.018750 0.035938
0 0.740625 0.134375 0.012500 0.034375
0 0.758594 0.114063 0.010938 0.034375
0 0.747656 0.162500 0.020313 0.040625
0 0.765625 0.183594 0.025000 0.051563
0 0.770313 0.240625 0.021875 0.037500
0 0.788281 0.142969 0.032813 0.026563
0 0.788281 0.121094 0.010938 0.020313
0 0.828906 0.120313 0.014063 0.028125
0 0.807813 0.194531 0.018750 0.032813
0 0.796875 0.162500 0.018750 0.040625
0 0.837500 0.158594 0.015625 0.035938
0 0.822656 0.246094 0.023438 0.042188
0 0.803906 0.274219 0.020313 0.054688
0 0.853125 0.204688 0.018750 0.040625
0 0.876563 0.170313 0.018750 0.040625
0 0.885156 0.155469 0.007812 0.029688
0 0.898438 0.221875 0.018750 0.034375
0 0.915625 0.186719 0.015625 0.039062
0 0.960156 0.182031 0.010938 0.039062
0 0.943750 0.207813 0.018750 0.040625
0 0.938281 0.238281 0.017188 0.042188
0 0.928125 0.321094 0.021875 0.054688
0 0.667188 0.217969 0.025000 0.045313
0 0.630469 0.204688 0.020313 0.040625
0 0.685156 0.127344 0.023438 0.032813
0 0.650781 0.137500 0.014063 0.028125
0 0.419531 0.175781 0.014063 0.026563
0 0.917969 0.150000 0.010938 0.031250
0 0.395313 0.206250 0.018750 0.056250
0 0.814844 0.132031 0.010938 0.026563
0 0.946875 0.185156 0.018750 0.032813
0 0.822656 0.189844 0.010938 0.035938
0 0.850781 0.150000 0.014063 0.031250
