1 0.677344 0.468750 0.026563 0.053125
1 0.717188 0.877344 0.034375 0.070312
1 0.402344 0.807031 0.032813 0.060938
1 0.287500 0.802344 0.043750 0.057813
1 0.178125 0.782031 0.037500 0.067187
1 0.149219 0.955469 0.060938 0.089063
1 0.903125 0.524219 0.034375 0.048438
1 0.840625 0.647656 0.021875 0.035938
1 0.757812 0.640625 0.028125 0.043750
1 0.846875 0.432031 0.028125 0.051563
1 0.939844 0.459375 0.026563 0.040625
1 0.689844 0.442969 0.023438 0.035938
1 0.660938 0.460156 0.025000 0.054688
1 0.625781 0.445312 0.029688 0.053125
1 0.495313 0.506250 0.031250 0.050000
1 0.499219 0.407031 0.023438 0.039062
1 0.552344 0.421875 0.023438 0.040625
1 0.473438 0.378906 0.021875 0.035938
1 0.081250 0.522656 0.034375 0.057813
1 0.226562 0.315625 0.018750 0.028125
1 0.187500 0.291406 0.021875 0.029688
1 0.171094 0.249219 0.020313 0.029688
1 0.163281 0.303906 0.014063 0.026563
0 0.421094 0.485938 0.032813 0.050000
0 0.225781 0.502344 0.029688 0.032813
