0 0.028125 0.425000 0.040625 0.078125
0 0.196094 0.467969 0.051563 0.082813
0 0.199219 0.441406 0.042188 0.067187
0 0.313281 0.434375 0.070312 0.115625
0 0.353125 0.422656 0.037500 0.067187
0 0.439844 0.453125 0.048438 0.078125
0 0.449219 0.426563 0.029688 0.059375
0 0.514062 0.435156 0.037500 0.057813
0 0.557031 0.455469 0.054688 0.082813
0 0.609375 0.437500 0.034375 0.062500
0 0.696094 0.465625 0.060938 0.103125
0 0.755469 0.414062 0.076563 0.100000
0 0.853125 0.480469 0.040625 0.073438
0 0.911719 0.485156 0.029688 0.057813
0 0.954688 0.500000 0.040625 0.062500
