0 0.103125 0.528125 0.046875 0.109375
0 0.229688 0.260156 0.018750 0.039062
0 0.242969 0.262500 0.020313 0.046875
0 0.262500 0.248438 0.018750 0.046875
0 0.316406 0.240625 0.020313 0.043750
0 0.314844 0.203906 0.023438 0.045313
0 0.342969 0.234375 0.023438 0.050000
0 0.354688 0.214844 0.018750 0.051563
0 0.380469 0.257812 0.020313 0.043750
0 0.374219 0.196094 0.017188 0.042188
0 0.407031 0.237500 0.020313 0.040625
0 0.417969 0.175000 0.014063 0.037500
0 0.439063 0.189063 0.015625 0.043750
0 0.439063 0.298438 0.021875 0.059375
0 0.483594 0.232813 0.020313 0.053125
0 0.458594 0.167969 0.014063 0.035938
0 0.470313 0.159375 0.015625 0.046875
0 0.480469 0.171875 0.020313 0.043750
0 0.496875 0.149219 0.015625 0.039062
0 0.506250 0.202344 0.015625 0.039062
0 0.558594 0.218750 0.017188 0.037500
0 0.524219 0.162500 0.017188 0.050000
0 0.541406 0.163281 0.014063 0.042188
0 0.560156 0.136719 0.014063 0.029688
0 0.560156 0.162500 0.017188 0.037500
0 0.581250 0.196875 0.015625 0.040625
0 0.579688 0.137500 0.015625 0.031250
0 0.588281 0.169531 0.014063 0.035938
0 0.603906 0.126562 0.014063 0.034375
0 0.609375 0.146094 0.015625 0.029688
0 0.614063 0.178906 0.012500 0.039062
0 0.627344 0.196094 0.017188 0.042188
0 0.638281 0.124219 0.014063 0.035938
0 0.657031 0.150781 0.014063 0.039062
0 0.664062 0.135938 0.015625 0.028125
0 0.663281 0.178906 0.014063 0.029688
0 0.691406 0.159375 0.014063 0.040625
0 0.695312 0.139063 0.012500 0.034375
0 0.716406 0.150781 0.014063 0.035938
0 0.706250 0.213281 0.015625 0.042188
0 0.667188 0.235938 0.021875 0.059375
0 0.619531 0.288281 0.026563 0.057813
0 0.603125 0.364844 0.028125 0.067187
0 0.575781 0.331250 0.023438 0.056250
0 0.659375 0.389844 0.028125 0.064063
0 0.732813 0.385156 0.025000 0.064063
0 0.726562 0.259375 0.021875 0.056250
0 0.749219 0.225781 0.017188 0.045313
0 0.764063 0.198438 0.015625 0.037500
0 0.780469 0.197656 0.014063 0.039062
0 0.792188 0.170313 0.018750 0.040625
0 0.815625 0.189063 0.015625 0.040625
0 0.827344 0.223438 0.020313 0.043750
0 0.801563 0.243750 0.015625 0.050000
0 0.769531 0.278125 0.020313 0.043750
0 0.818750 0.303906 0.021875 0.057813
0 0.803906 0.445312 0.032813 0.075000
0 0.865625 0.485938 0.031250 0.081250
0 0.880469 0.407813 0.026563 0.068750
0 0.866406 0.331250 0.020313 0.050000
0 0.876563 0.231250 0.012500 0.043750
0 0.903906 0.222656 0.014063 0.035938
0 0.898438 0.278125 0.015625 0.043750
0 0.904688 0.257031 0.015625 0.039062
0 0.937500 0.265625 0.015625 0.043750
0 0.957031 0.246875 0.014063 0.040625
0 0.926563 0.337500 0.018750 0.053125
0 0.949219 0.371094 0.023438 0.070312
0 0.949219 0.435938 0.029688 0.078125
0 0.980469 0.357031 0.020313 0.060938
0 0.970313 0.306250 0.015625 0.050000
0 0.980469 0.304688 0.014063 0.037500
0 0.991406 0.257812 0.010938 0.040625
