0 0.065625 0.449219 0.043750 0.079688
0 0.252344 0.288281 0.014063 0.026563
0 0.290625 0.273438 0.015625 0.037500
0 0.307813 0.262500 0.015625 0.037500
0 0.333594 0.263281 0.017188 0.029688
0 0.349219 0.296094 0.017188 0.032813
0 0.335156 0.221094 0.014063 0.032813
0 0.350000 0.217969 0.009375 0.026563
0 0.360938 0.217188 0.012500 0.028125
0 0.376563 0.206250 0.012500 0.025000
0 0.401563 0.211719 0.018750 0.029688
0 0.432813 0.271094 0.018750 0.042188
0 0.432813 0.217188 0.012500 0.028125
0 0.428125 0.186719 0.012500 0.023438
0 0.412500 0.180469 0.012500 0.026563
0 0.462500 0.221875 0.015625 0.037500
0 0.442969 0.204688 0.014063 0.028125
0 0.469531 0.193750 0.014063 0.028125
0 0.464063 0.174219 0.012500 0.026563
0 0.456250 0.146875 0.012500 0.021875
0 0.474219 0.159375 0.007812 0.025000
0 0.485156 0.164844 0.010938 0.023438
0 0.489844 0.136719 0.007812 0.020313
0 0.520313 0.161719 0.012500 0.026563
0 0.523438 0.211719 0.018750 0.032813
0 0.494531 0.224219 0.017188 0.032813
0 0.507812 0.197656 0.012500 0.026563
0 0.556250 0.157813 0.012500 0.025000
0 0.539062 0.136719 0.012500 0.023438
0 0.563281 0.117969 0.014063 0.026563
0 0.575000 0.181250 0.015625 0.028125
0 0.583594 0.153906 0.014063 0.023438
0 0.593750 0.128125 0.009375 0.021875
0 0.593750 0.106250 0.012500 0.021875
0 0.625000 0.140625 0.015625 0.031250
0 0.628125 0.101562 0.012500 0.025000
0 0.646094 0.117188 0.014063 0.025000
0 0.645313 0.102344 0.009375 0.020313
0 0.680469 0.118750 0.014063 0.025000
0 0.700781 0.100781 0.014063 0.029688
0 0.491406 0.299219 0.020313 0.045313
0 0.546875 0.312500 0.021875 0.046875
0 0.568750 0.256250 0.015625 0.037500
0 0.614063 0.219531 0.015625 0.032813
0 0.616406 0.264844 0.020313 0.035938
0 0.610156 0.339063 0.023438 0.050000
0 0.677344 0.339844 0.023438 0.048438
0 0.665625 0.254688 0.021875 0.050000
0 0.657031 0.203906 0.020313 0.042188
0 0.664062 0.177344 0.015625 0.039062
0 0.695312 0.178906 0.018750 0.035938
0 0.697656 0.146875 0.014063 0.028125
0 0.714063 0.146094 0.012500 0.032813
0 0.742969 0.122656 0.014063 0.029688
0 0.750781 0.137500 0.014063 0.028125
0 0.715625 0.280469 0.021875 0.042188
0 0.703906 0.230469 0.020313 0.039062
0 0.750781 0.199219 0.014063 0.032813
0 0.760156 0.174219 0.014063 0.032813
0 0.775781 0.136719 0.014063 0.023438
0 0.757031 0.124219 0.014063 0.023438
0 0.789062 0.125000 0.012500 0.028125
0 0.803906 0.142187 0.014063 0.028125
0 0.821875 0.125781 0.012500 0.029688
0 0.828906 0.164844 0.014063 0.032813
0 0.804688 0.179688 0.018750 0.034375
0 0.837500 0.139063 0.012500 0.021875
0 0.854688 0.154688 0.012500 0.028125
0 0.875000 0.135938 0.012500 0.028125
0 0.864844 0.186719 0.014063 0.032813
0 0.875781 0.235938 0.014063 0.037500
0 0.892969 0.199219 0.014063 0.032813
0 0.900000 0.174219 0.012500 0.026563
0 0.903906 0.144531 0.010938 0.020313
0 0.937500 0.160938 0.009375 0.025000
0 0.935156 0.203906 0.017188 0.029688
0 0.908594 0.168750 0.007812 0.021875
0 0.815625 0.249219 0.018750 0.045313
0 0.792188 0.294531 0.021875 0.051563
0 0.775000 0.228906 0.021875 0.048438
