0 0.121875 0.395313 0.056250 0.090625
0 0.226562 0.342188 0.046875 0.087500
0 0.277344 0.346875 0.039062 0.071875
0 0.248438 0.314063 0.028125 0.059375
0 0.168750 0.328906 0.025000 0.042188
0 0.131250 0.343750 0.034375 0.053125
0 0.114844 0.324219 0.029688 0.057813
0 0.042969 0.360938 0.042188 0.068750
0 0.067187 0.335156 0.028125 0.060938
0 0.012500 0.340625 0.021875 0.065625
0 0.289844 0.307031 0.023438 0.045313
0 0.313281 0.330469 0.029688 0.057813
0 0.326563 0.313281 0.021875 0.045313
0 0.368750 0.354688 0.053125 0.100000
0 0.420313 0.309375 0.025000 0.056250
0 0.392969 0.351562 0.029688 0.075000
0 0.448438 0.350000 0.037500 0.090625
0 0.503906 0.364063 0.048438 0.081250
0 0.531250 0.419531 0.065625 0.107813
0 0.573438 0.357813 0.043750 0.075000
0 0.529687 0.338281 0.028125 0.054688
0 0.540625 0.312500 0.034375 0.050000
0 0.591406 0.311719 0.029688 0.048438
0 0.620313 0.321094 0.037500 0.064063
0 0.655469 0.318750 0.032813 0.062500
0 0.679688 0.320312 0.040625 0.071875
0 0.725781 0.310938 0.035938 0.065625
0 0.768750 0.317969 0.025000 0.048438
0 0.792188 0.246875 0.053125 0.081250
0 0.860938 0.320312 0.037500 0.071875
0 0.895313 0.329688 0.034375 0.078125
0 0.940625 0.318750 0.037500 0.081250
