0 0.164844 0.374219 0.032813 0.067187
0 0.205469 0.368750 0.039062 0.053125
0 0.240625 0.352344 0.040625 0.054688
0 0.417969 0.563281 0.110938 0.167188
0 0.367969 0.457031 0.076563 0.114063
0 0.435938 0.416406 0.062500 0.079688
0 0.351562 0.375781 0.043750 0.057813
0 0.567188 0.364844 0.034375 0.051563
0 0.596094 0.396875 0.045313 0.078125
0 0.635938 0.404688 0.056250 0.068750
0 0.628906 0.446094 0.045313 0.076563
0 0.671875 0.457813 0.056250 0.100000
0 0.714063 0.485938 0.075000 0.118750
0 0.706250 0.627344 0.156250 0.195312
0 0.785938 0.573438 0.109375 0.153125
