0 0.192969 0.368750 0.045313 0.090625
0 0.285156 0.214063 0.017188 0.037500
0 0.305469 0.226562 0.017188 0.037500
0 0.323438 0.221875 0.018750 0.043750
0 0.348438 0.232813 0.018750 0.046875
0 0.371094 0.246875 0.020313 0.043750
0 0.416406 0.249219 0.020313 0.045313
0 0.329688 0.178125 0.018750 0.037500
0 0.352344 0.188281 0.017188 0.035938
0 0.370313 0.183594 0.018750 0.039062
0 0.386719 0.196094 0.020313 0.039062
0 0.418750 0.194531 0.018750 0.035938
0 0.449219 0.232031 0.023438 0.042188
0 0.417969 0.158594 0.017188 0.035938
0 0.434375 0.170313 0.018750 0.037500
0 0.455469 0.145313 0.017188 0.031250
0 0.470313 0.175781 0.021875 0.039062
0 0.497656 0.216406 0.023438 0.045313
0 0.501563 0.177344 0.018750 0.035938
0 0.487500 0.157031 0.018750 0.035938
0 0.468750 0.128906 0.012500 0.026563
0 0.485938 0.130469 0.012500 0.023438
0 0.538281 0.178125 0.017188 0.037500
0 0.526563 0.156250 0.015625 0.037500
0 0.506250 0.140625 0.012500 0.031250
0 0.503125 0.121094 0.012500 0.029688
0 0.525781 0.121094 0.014063 0.029688
0 0.547656 0.164062 0.017188 0.031250
0 0.546094 0.139844 0.014063 0.026563
0 0.548438 0.114844 0.012500 0.029688
0 0.563281 0.146094 0.010938 0.029688
0 0.575000 0.130469 0.012500 0.029688
0 0.579688 0.179688 0.021875 0.034375
0 0.582031 0.110156 0.010938 0.029688
0 0.593750 0.129688 0.012500 0.031250
0 0.603906 0.148438 0.014063 0.028125
0 0.600000 0.109375 0.012500 0.031250
0 0.621094 0.149219 0.014063 0.032813
0 0.623438 0.121094 0.015625 0.026563
0 0.629688 0.108594 0.012500 0.029688
0 0.645313 0.099219 0.015625 0.026563
0 0.656250 0.127344 0.015625 0.029688
0 0.659375 0.111719 0.012500 0.023438
0 0.681250 0.119531 0.012500 0.029688
0 0.678125 0.103125 0.012500 0.025000
0 0.703125 0.110156 0.012500 0.032813
0 0.500000 0.273438 0.025000 0.062500
0 0.573438 0.281250 0.025000 0.059375
0 0.603906 0.312500 0.029688 0.075000
0 0.586719 0.237500 0.026563 0.053125
0 0.620313 0.247656 0.025000 0.054688
0 0.623438 0.199219 0.018750 0.039062
0 0.664062 0.264063 0.021875 0.050000
0 0.675000 0.346094 0.031250 0.073438
0 0.668750 0.190625 0.018750 0.040625
0 0.699219 0.157813 0.017188 0.043750
0 0.712500 0.187500 0.015625 0.040625
0 0.726562 0.284375 0.025000 0.056250
0 0.728906 0.215625 0.023438 0.046875
0 0.757031 0.199219 0.020313 0.045313
0 0.739063 0.143750 0.015625 0.031250
0 0.747656 0.154688 0.017188 0.037500
0 0.752344 0.132031 0.017188 0.032813
0 0.764844 0.154688 0.014063 0.037500
0 0.779688 0.132031 0.012500 0.026563
0 0.806250 0.153906 0.015625 0.029688
0 0.789844 0.216406 0.020313 0.045313
0 0.774219 0.239844 0.020313 0.051563
0 0.787500 0.287500 0.021875 0.062500
0 0.774219 0.356250 0.029688 0.065625
0 0.823438 0.383594 0.034375 0.079688
0 0.829688 0.303906 0.021875 0.064063
0 0.832813 0.242188 0.021875 0.053125
0 0.857813 0.269531 0.018750 0.045313
0 0.884375 0.230469 0.018750 0.045313
0 0.917969 0.331250 0.026563 0.062500
0 0.870313 0.421875 0.034375 0.078125
0 0.924219 0.285938 0.023438 0.040625
0 0.927344 0.232813 0.017188 0.040625
