0 0.216406 0.123438 0.110938 0.200000
0 0.321875 0.281250 0.175000 0.334375
0 0.460156 0.197656 0.101562 0.195312
0 0.749219 0.279688 0.170313 0.309375
0 0.931250 0.239063 0.087500 0.165625
0 0.858594 0.126562 0.067187 0.112500
0 0.851562 0.035156 0.040625 0.060938
0 0.913281 0.080469 0.042188 0.067187
0 0.925781 0.031250 0.045313 0.059375
0 0.686719 0.053906 0.076563 0.104688
0 0.734375 0.037500 0.040625 0.071875
0 0.768750 0.050781 0.037500 0.060938
0 0.755469 0.140625 0.057813 0.096875
0 0.615625 0.075000 0.053125 0.087500
0 0.568750 0.029688 0.034375 0.056250
0 0.625000 0.012500 0.037500 0.021875
0 0.507031 0.117969 0.070312 0.120313
0 0.484375 0.050781 0.050000 0.082813
0 0.457813 0.025781 0.037500 0.048438
0 0.520313 0.020313 0.037500 0.037500
0 0.314063 0.046875 0.059375 0.090625
