0 0.022656 0.607813 0.042188 0.112500
0 0.028125 0.548438 0.043750 0.081250
0 0.083594 0.523438 0.039062 0.068750
0 0.182813 0.635938 0.065625 0.100000
0 0.176563 0.568750 0.071875 0.103125
0 0.283594 0.628125 0.164062 0.253125
0 0.220313 0.881250 0.134375 0.234375
0 0.282813 0.353125 0.037500 0.065625
0 0.367188 0.367188 0.043750 0.075000
0 0.416406 0.657813 0.117188 0.181250
0 0.483594 0.581250 0.060938 0.134375
0 0.433594 0.595313 0.064063 0.112500
0 0.545312 0.578125 0.050000 0.109375
0 0.634375 0.718750 0.162500 0.228125
0 0.645313 0.550000 0.065625 0.109375
0 0.659375 0.456250 0.034375 0.065625
0 0.748438 0.540625 0.046875 0.078125
0 0.775781 0.656250 0.064063 0.121875
0 0.854688 0.709375 0.096875 0.196875
0 0.824219 0.459375 0.029688 0.071875
0 0.913281 0.570312 0.051563 0.118750
0 0.888281 0.584375 0.064063 0.115625
