0 0.889844 0.141406 0.010938 0.029688
0 0.921094 0.157813 0.010938 0.025000
0 0.861719 0.133594 0.010938 0.029688
0 0.853906 0.147656 0.010938 0.026563
0 0.846875 0.170313 0.015625 0.037500
0 0.917969 0.212500 0.014063 0.034375
0 0.907031 0.232813 0.017188 0.037500
0 0.910938 0.271875 0.018750 0.050000
0 0.882031 0.224219 0.014063 0.035938
0 0.874219 0.200781 0.014063 0.032813
0 0.883594 0.182031 0.014063 0.035938
0 0.823438 0.135156 0.012500 0.029688
0 0.807031 0.157813 0.014063 0.031250
0 0.821875 0.205469 0.018750 0.042188
0 0.856250 0.246094 0.021875 0.054688
0 0.889063 0.359375 0.031250 0.075000
0 0.831250 0.303906 0.025000 0.057813
0 0.764844 0.125000 0.014063 0.028125
0 0.774219 0.157813 0.014063 0.040625
0 0.787500 0.202344 0.018750 0.042188
0 0.805469 0.244531 0.017188 0.045313
0 0.778906 0.266406 0.020313 0.057813
0 0.759375 0.334375 0.025000 0.075000
0 0.775781 0.373438 0.032813 0.078125
0 0.750000 0.213281 0.018750 0.048438
0 0.722656 0.197656 0.020313 0.048438
0 0.724219 0.242188 0.023438 0.053125
0 0.701563 0.316406 0.025000 0.073438
0 0.739844 0.117969 0.014063 0.035938
0 0.696094 0.100781 0.010938 0.023438
0 0.666406 0.107813 0.010938 0.028125
0 0.639844 0.100781 0.010938 0.020313
0 0.625000 0.201563 0.015625 0.040625
0 0.653906 0.219531 0.017188 0.039062
0 0.692969 0.221875 0.017188 0.040625
0 0.653906 0.171875 0.014063 0.034375
0 0.689844 0.178906 0.017188 0.039062
0 0.605469 0.258594 0.020313 0.045313
0 0.602344 0.320312 0.029688 0.056250
0 0.560937 0.300000 0.021875 0.050000
0 0.524219 0.279688 0.023438 0.043750
0 0.554688 0.253906 0.018750 0.039062
0 0.588281 0.170313 0.014063 0.034375
0 0.600781 0.150000 0.014063 0.031250
0 0.555469 0.114063 0.010938 0.025000
0 0.561719 0.128125 0.010938 0.025000
0 0.533594 0.121094 0.010938 0.023438
0 0.507812 0.127344 0.012500 0.023438
0 0.518750 0.135156 0.012500 0.029688
0 0.597656 0.100781 0.010938 0.023438
0 0.535156 0.179688 0.014063 0.028125
0 0.521094 0.196875 0.014063 0.040625
0 0.485156 0.192188 0.014063 0.034375
0 0.464844 0.189063 0.017188 0.037500
0 0.442969 0.223438 0.017188 0.046875
0 0.463281 0.226562 0.020313 0.040625
0 0.443750 0.188281 0.012500 0.032813
0 0.444531 0.158594 0.014063 0.029688
0 0.464844 0.139063 0.007812 0.021875
0 0.478906 0.150000 0.014063 0.028125
0 0.393750 0.267188 0.015625 0.034375
0 0.367969 0.257031 0.017188 0.042188
0 0.339844 0.246875 0.023438 0.053125
0 0.366406 0.195312 0.017188 0.025000
0 0.398438 0.194531 0.018750 0.026563
0 0.396094 0.223438 0.017188 0.034375
0 0.410156 0.169531 0.010938 0.026563
0 0.275781 0.257031 0.014063 0.032813
0 0.292969 0.262500 0.017188 0.037500
0 0.635156 0.136719 0.010938 0.026563
