0 0.037500 0.580469 0.065625 0.104688
0 0.127344 0.553906 0.054688 0.073438
0 0.188281 0.579688 0.092188 0.128125
0 0.284375 0.570312 0.090625 0.134375
0 0.396875 0.527344 0.103125 0.135938
0 0.446094 0.537500 0.042188 0.075000
0 0.518750 0.541406 0.071875 0.101562
0 0.573438 0.506250 0.050000 0.075000
0 0.596875 0.544531 0.059375 0.082813
0 0.658594 0.535156 0.073438 0.110938
0 0.707031 0.502344 0.057813 0.085938
0 0.798438 0.489844 0.087500 0.135938
0 0.780469 0.343750 0.026563 0.046875
0 0.935156 0.502344 0.067187 0.085938
0 0.972656 0.473438 0.054688 0.109375
0 0.846875 0.501563 0.050000 0.075000
