0 0.017188 0.239063 0.031250 0.093750
0 0.061719 0.280469 0.042188 0.085938
0 0.107813 0.236719 0.053125 0.107813
0 0.211719 0.334375 0.060938 0.128125
0 0.200000 0.228906 0.037500 0.079688
0 0.260937 0.262500 0.043750 0.084375
0 0.310156 0.415625 0.076563 0.165625
0 0.310938 0.246094 0.043750 0.079688
0 0.381250 0.196094 0.034375 0.064063
0 0.444531 0.271875 0.089063 0.168750
0 0.563281 0.268750 0.035938 0.071875
0 0.657813 0.219531 0.031250 0.060938
0 0.674219 0.292969 0.042188 0.089063
0 0.653906 0.521875 0.107813 0.253125
0 0.785156 0.380469 0.076563 0.154688
0 0.757812 0.302344 0.053125 0.085938
0 0.767969 0.242188 0.045313 0.071875
0 0.966406 0.257812 0.048438 0.100000
0 0.932813 0.321875 0.071875 0.128125
