0 0.076563 0.265625 0.018750 0.040625
0 0.398438 0.185938 0.021875 0.034375
0 0.422656 0.197656 0.020313 0.042188
0 0.454688 0.216406 0.025000 0.045313
0 0.560937 0.157031 0.018750 0.039062
0 0.571094 0.175000 0.017188 0.037500
0 0.642188 0.110938 0.018750 0.040625
0 0.625781 0.125000 0.010938 0.028125
0 0.643750 0.314844 0.031250 0.070312
0 0.630469 0.271094 0.023438 0.045313
0 0.632031 0.212500 0.023438 0.046875
0 0.682031 0.164062 0.020313 0.043750
0 0.687500 0.208594 0.025000 0.045313
0 0.683594 0.276562 0.029688 0.053125
0 0.952344 0.232813 0.023438 0.046875
