0 0.042188 0.668750 0.078125 0.118750
0 0.170313 0.472656 0.062500 0.067187
0 0.244531 0.513281 0.054688 0.076563
0 0.299219 0.612500 0.064063 0.087500
0 0.260156 0.700781 0.067187 0.107813
0 0.342969 0.510938 0.035938 0.071875
0 0.362500 0.468750 0.034375 0.046875
0 0.463281 0.555469 0.039062 0.060938
0 0.419531 0.694531 0.060938 0.073438
0 0.561719 0.428906 0.026563 0.051563
0 0.521875 0.464063 0.028125 0.046875
0 0.600000 0.457813 0.021875 0.043750
0 0.651563 0.509375 0.046875 0.084375
0 0.727344 0.520313 0.042188 0.062500
0 0.771875 0.559375 0.056250 0.087500
0 0.723438 0.472656 0.021875 0.045313
0 0.790625 0.663281 0.078125 0.114063
0 0.936719 0.800000 0.104688 0.143750
0 0.934375 0.546094 0.081250 0.107813
0 0.872656 0.528125 0.045313 0.068750
0 0.868750 0.480469 0.031250 0.045313
