0 0.097656 0.598438 0.054688 0.121875
0 0.196875 0.301563 0.021875 0.050000
0 0.225000 0.289844 0.021875 0.051563
0 0.266406 0.253125 0.020313 0.046875
0 0.306250 0.225781 0.018750 0.042188
0 0.317969 0.257812 0.023438 0.050000
0 0.350000 0.217969 0.018750 0.045313
0 0.371875 0.270313 0.025000 0.050000
0 0.360938 0.204688 0.018750 0.040625
0 0.389844 0.196875 0.020313 0.040625
0 0.387500 0.248438 0.018750 0.043750
0 0.439063 0.321094 0.025000 0.057813
0 0.468750 0.256250 0.021875 0.059375
0 0.426563 0.210938 0.021875 0.046875
0 0.434375 0.175781 0.012500 0.039062
0 0.453906 0.172656 0.017188 0.032813
0 0.490625 0.164844 0.018750 0.039062
0 0.495313 0.210938 0.018750 0.050000
0 0.518750 0.173438 0.018750 0.046875
0 0.550781 0.227344 0.020313 0.045313
0 0.555469 0.170313 0.017188 0.043750
0 0.551563 0.143750 0.015625 0.034375
0 0.577344 0.141406 0.014063 0.039062
0 0.579688 0.177344 0.018750 0.045313
0 0.578125 0.210156 0.015625 0.039062
0 0.601562 0.198438 0.018750 0.046875
0 0.605469 0.162500 0.017188 0.034375
0 0.595313 0.129688 0.015625 0.037500
0 0.621094 0.210156 0.017188 0.048438
0 0.629688 0.135156 0.015625 0.042188
0 0.657031 0.185156 0.017188 0.039062
0 0.654688 0.150000 0.015625 0.034375
0 0.668750 0.132031 0.012500 0.032813
0 0.686719 0.146875 0.017188 0.037500
0 0.687500 0.175781 0.018750 0.042188
0 0.688281 0.221094 0.017188 0.048438
0 0.673438 0.236719 0.018750 0.051563
0 0.709375 0.169531 0.015625 0.045313
0 0.617188 0.300781 0.028125 0.054688
0 0.571875 0.350781 0.028125 0.070312
0 0.605469 0.386719 0.026563 0.064063
0 0.661719 0.409375 0.029688 0.071875
0 0.721875 0.422656 0.025000 0.079688
0 0.728906 0.273438 0.023438 0.056250
0 0.750781 0.300781 0.020313 0.045313
0 0.798438 0.467969 0.031250 0.092188
0 0.866406 0.507031 0.029688 0.085938
0 0.887500 0.417969 0.025000 0.070312
0 0.863281 0.351562 0.020313 0.053125
0 0.813281 0.307813 0.023438 0.056250
0 0.791406 0.275781 0.020313 0.054688
0 0.740625 0.242188 0.018750 0.046875
0 0.749219 0.202344 0.017188 0.045313
0 0.771094 0.192969 0.017188 0.045313
0 0.800000 0.234375 0.015625 0.037500
0 0.821094 0.237500 0.020313 0.043750
0 0.808594 0.200000 0.017188 0.040625
0 0.843750 0.220313 0.015625 0.037500
0 0.868750 0.241406 0.012500 0.039062
0 0.879688 0.241406 0.012500 0.045313
0 0.899219 0.236719 0.017188 0.042188
0 0.899219 0.267969 0.014063 0.045313
0 0.885938 0.299219 0.018750 0.051563
0 0.921875 0.348438 0.018750 0.056250
0 0.946875 0.395313 0.025000 0.071875
0 0.950781 0.494531 0.023438 0.070312
0 0.975000 0.380469 0.018750 0.060938
0 0.973438 0.333594 0.015625 0.042188
0 0.979688 0.265625 0.012500 0.037500
0 0.946875 0.252344 0.012500 0.042188
0 0.929688 0.285156 0.015625 0.051563
