0 0.178125 0.217188 0.065625 0.100000
0 0.471094 0.379688 0.032813 0.050000
0 0.496094 0.378906 0.035938 0.057813
0 0.526563 0.412500 0.040625 0.065625
0 0.560156 0.457813 0.039062 0.075000
0 0.614063 0.486719 0.053125 0.082813
0 0.668750 0.546094 0.062500 0.095313
0 0.621875 0.358594 0.028125 0.048438
0 0.674219 0.364063 0.029688 0.053125
0 0.691406 0.400000 0.026563 0.065625
0 0.714844 0.407813 0.039062 0.075000
0 0.727344 0.338281 0.026563 0.045313
0 0.760156 0.354688 0.029688 0.062500
0 0.812500 0.456250 0.050000 0.075000
0 0.827344 0.643750 0.092188 0.140625
0 0.886719 0.534375 0.060938 0.103125
0 0.851562 0.376563 0.040625 0.062500
0 0.918750 0.406250 0.040625 0.062500
0 0.982031 0.431250 0.032813 0.071875
0 0.983594 0.370313 0.032813 0.056250
