1 0.448438 0.267969 0.065625 0.120313
1 0.367969 0.249219 0.067187 0.107813
1 0.291406 0.203906 0.079688 0.123438
1 0.193750 0.253906 0.103125 0.132812
1 0.456250 0.171094 0.056250 0.098438
1 0.504688 0.191406 0.046875 0.098438
1 0.548438 0.200000 0.053125 0.100000
1 0.560937 0.150000 0.050000 0.075000
1 0.621875 0.167188 0.059375 0.090625
1 0.675000 0.202344 0.046875 0.085938
1 0.726562 0.213281 0.050000 0.082813
1 0.696875 0.139844 0.043750 0.070312
1 0.767188 0.178906 0.050000 0.082813
1 0.814063 0.160938 0.050000 0.078125
