0 0.170313 0.766406 0.134375 0.242188
0 0.176563 0.440625 0.043750 0.068750
0 0.017969 0.448438 0.032813 0.068750
0 0.217188 0.393750 0.025000 0.043750
0 0.266406 0.425781 0.029688 0.045313
0 0.266406 0.398438 0.023438 0.034375
0 0.321875 0.426563 0.028125 0.053125
0 0.315625 0.575000 0.081250 0.131250
0 0.364844 0.488281 0.054688 0.073438
0 0.409375 0.408594 0.025000 0.045313
0 0.424219 0.393750 0.020313 0.037500
0 0.560937 0.510938 0.056250 0.087500
0 0.606250 0.345313 0.037500 0.068750
0 0.684375 0.517969 0.062500 0.107813
0 0.749219 0.665625 0.110938 0.215625
0 0.867969 0.521875 0.092188 0.118750
0 0.903125 0.304688 0.068750 0.106250
