0 0.523438 0.257031 0.031250 0.064063
0 0.585938 0.225781 0.018750 0.045313
0 0.453125 0.224219 0.015625 0.039062
0 0.322656 0.216406 0.017188 0.032813
0 0.367969 0.198438 0.014063 0.028125
0 0.372656 0.181250 0.014063 0.028125
0 0.407813 0.174219 0.012500 0.029688
0 0.439063 0.154688 0.012500 0.025000
0 0.665625 0.222656 0.018750 0.042188
0 0.623438 0.196875 0.018750 0.040625
0 0.715625 0.222656 0.018750 0.039062
0 0.875000 0.273438 0.018750 0.046875
0 0.925000 0.268750 0.015625 0.043750
0 0.934375 0.229688 0.012500 0.037500
0 0.793750 0.215625 0.015625 0.037500
0 0.854688 0.199219 0.012500 0.035938
0 0.921875 0.178125 0.012500 0.031250
0 0.935156 0.192969 0.017188 0.029688
0 0.835156 0.177344 0.014063 0.029688
0 0.850781 0.149219 0.010938 0.026563
0 0.873438 0.159375 0.012500 0.028125
0 0.736719 0.178125 0.014063 0.028125
0 0.767188 0.179688 0.015625 0.034375
0 0.786719 0.172656 0.014063 0.029688
0 0.805469 0.162500 0.010938 0.028125
0 0.819531 0.139063 0.014063 0.031250
0 0.794531 0.138281 0.010938 0.026563
0 0.762500 0.138281 0.018750 0.023438
0 0.723438 0.147656 0.012500 0.032813
0 0.739063 0.149219 0.012500 0.029688
0 0.501563 0.194531 0.018750 0.032813
0 0.478906 0.198438 0.014063 0.025000
0 0.460156 0.170313 0.014063 0.037500
0 0.472656 0.165625 0.014063 0.031250
0 0.467188 0.137500 0.012500 0.025000
0 0.519531 0.164062 0.014063 0.031250
0 0.532813 0.211719 0.018750 0.029688
0 0.493750 0.137500 0.015625 0.028125
0 0.525781 0.127344 0.014063 0.026563
0 0.543750 0.168750 0.015625 0.028125
0 0.575000 0.180469 0.015625 0.029688
0 0.571094 0.125000 0.017188 0.025000
0 0.596875 0.154688 0.012500 0.025000
0 0.593750 0.137500 0.015625 0.028125
0 0.702344 0.125781 0.010938 0.026563
0 0.619531 0.112500 0.010938 0.034375
0 0.676563 0.107031 0.012500 0.032813
0 0.661719 0.145313 0.010938 0.028125
0 0.655469 0.118750 0.017188 0.025000
0 0.660156 0.188281 0.017188 0.026563
0 0.939844 0.171875 0.010938 0.028125
0 0.896094 0.213281 0.014063 0.032813
0 0.878125 0.239844 0.015625 0.039062
0 0.807031 0.205469 0.014063 0.032813
0 0.706250 0.196875 0.018750 0.040625
0 0.432031 0.175781 0.014063 0.026563
0 0.563281 0.157031 0.014063 0.026563
0 0.690625 0.175781 0.012500 0.029688
