0 0.348438 0.208594 0.015625 0.029688
0 0.407813 0.231250 0.021875 0.040625
0 0.433594 0.211719 0.017188 0.029688
0 0.451563 0.217188 0.018750 0.040625
0 0.515625 0.213281 0.018750 0.039062
0 0.526563 0.189844 0.015625 0.032813
0 0.548438 0.191406 0.015625 0.039062
0 0.596094 0.159375 0.017188 0.037500
0 0.633594 0.139844 0.014063 0.029688
0 0.678906 0.183594 0.017188 0.032813
0 0.651563 0.256250 0.021875 0.043750
0 0.720313 0.193750 0.018750 0.040625
0 0.735938 0.296875 0.025000 0.059375
0 0.853906 0.228125 0.017188 0.040625
0 0.860156 0.200781 0.014063 0.032813
0 0.909375 0.225781 0.015625 0.039062
0 0.883594 0.280469 0.017188 0.051563
0 0.860156 0.337500 0.020313 0.059375
0 0.930469 0.267969 0.020313 0.048438
0 0.966406 0.243750 0.017188 0.028125
