0 0.205469 0.355469 0.048438 0.089063
0 0.303906 0.243750 0.023438 0.043750
0 0.310156 0.216406 0.023438 0.035938
0 0.331250 0.235156 0.018750 0.042188
0 0.352344 0.246094 0.023438 0.048438
0 0.372656 0.245313 0.023438 0.046875
0 0.408594 0.267188 0.026563 0.050000
0 0.349219 0.178125 0.017188 0.034375
0 0.358594 0.189844 0.017188 0.032813
0 0.383594 0.182813 0.017188 0.034375
0 0.419531 0.207813 0.020313 0.037500
0 0.417969 0.185156 0.017188 0.032813
0 0.446875 0.214844 0.021875 0.042188
0 0.475000 0.219531 0.025000 0.048438
0 0.418750 0.145313 0.015625 0.031250
0 0.442188 0.170313 0.021875 0.037500
0 0.465625 0.142187 0.015625 0.037500
0 0.474219 0.137500 0.017188 0.034375
0 0.489844 0.168750 0.020313 0.034375
0 0.490625 0.133594 0.012500 0.032813
0 0.503125 0.148438 0.015625 0.034375
0 0.500781 0.117969 0.014063 0.026563
0 0.516406 0.135938 0.014063 0.031250
0 0.529687 0.125000 0.012500 0.028125
0 0.536719 0.161719 0.014063 0.029688
0 0.520313 0.173438 0.018750 0.034375
0 0.556250 0.180469 0.015625 0.032813
0 0.561719 0.157031 0.017188 0.026563
0 0.590625 0.164062 0.015625 0.031250
0 0.558594 0.119531 0.014063 0.023438
0 0.575000 0.119531 0.012500 0.023438
0 0.583594 0.110938 0.014063 0.021875
0 0.590625 0.134375 0.015625 0.031250
0 0.597656 0.120313 0.010938 0.021875
0 0.617969 0.137500 0.014063 0.031250
0 0.615625 0.103125 0.015625 0.028125
0 0.634375 0.111719 0.012500 0.026563
0 0.658594 0.096875 0.017188 0.034375
0 0.681250 0.096875 0.015625 0.028125
0 0.685938 0.114063 0.015625 0.028125
0 0.714063 0.097656 0.012500 0.029688
0 0.661719 0.133594 0.014063 0.032813
0 0.583594 0.239063 0.023438 0.053125
0 0.547656 0.317188 0.032813 0.071875
0 0.493750 0.292969 0.031250 0.057813
0 0.598438 0.334375 0.028125 0.071875
0 0.631250 0.235156 0.025000 0.054688
0 0.677344 0.249219 0.023438 0.054688
0 0.690625 0.309375 0.028125 0.065625
0 0.732813 0.288281 0.021875 0.048438
0 0.745313 0.396875 0.037500 0.078125
0 0.818750 0.385156 0.037500 0.082813
0 0.785938 0.293750 0.028125 0.059375
0 0.769531 0.225781 0.020313 0.045313
0 0.734375 0.227344 0.025000 0.048438
0 0.703906 0.191406 0.020313 0.042188
0 0.671094 0.177344 0.023438 0.039062
0 0.697656 0.153125 0.017188 0.034375
0 0.729688 0.146875 0.015625 0.040625
0 0.746875 0.127344 0.018750 0.039062
0 0.759375 0.168750 0.018750 0.040625
0 0.790625 0.135938 0.015625 0.031250
0 0.802344 0.152344 0.020313 0.035938
0 0.797656 0.217969 0.020313 0.039062
0 0.817188 0.249219 0.025000 0.054688
0 0.828125 0.335156 0.028125 0.054688
0 0.864844 0.252344 0.020313 0.045313
0 0.886719 0.221875 0.020313 0.043750
0 0.924219 0.223438 0.017188 0.046875
0 0.919531 0.277344 0.026563 0.051563
0 0.909375 0.325000 0.025000 0.062500
0 0.875781 0.395313 0.035938 0.078125
