0 0.018750 0.434375 0.021875 0.053125
0 0.237500 0.346094 0.015625 0.032813
0 0.264063 0.382812 0.021875 0.043750
0 0.303125 0.372656 0.018750 0.042188
0 0.341406 0.368750 0.020313 0.040625
0 0.294531 0.314844 0.017188 0.035938
0 0.365625 0.298438 0.012500 0.028125
0 0.369531 0.335938 0.014063 0.031250
0 0.394531 0.346094 0.014063 0.039062
0 0.421094 0.349219 0.020313 0.042188
0 0.462500 0.355469 0.015625 0.039062
0 0.421094 0.306250 0.014063 0.031250
0 0.400000 0.268750 0.012500 0.028125
0 0.417188 0.275781 0.012500 0.029688
0 0.452344 0.271094 0.014063 0.029688
0 0.446875 0.317969 0.018750 0.035938
0 0.483594 0.309375 0.014063 0.034375
0 0.514844 0.327344 0.017188 0.039062
0 0.442188 0.242969 0.012500 0.026563
0 0.485156 0.271094 0.014063 0.026563
0 0.478906 0.242188 0.010938 0.021875
0 0.487500 0.239844 0.012500 0.023438
0 0.510156 0.274219 0.014063 0.032813
0 0.533594 0.281250 0.014063 0.031250
0 0.539062 0.250781 0.012500 0.026563
0 0.560937 0.253125 0.012500 0.028125
0 0.560937 0.297656 0.015625 0.032813
0 0.550000 0.364844 0.021875 0.045313
0 0.475781 0.421094 0.023438 0.051563
0 0.551563 0.433594 0.025000 0.051563
0 0.597656 0.267969 0.014063 0.032813
0 0.588281 0.255469 0.010938 0.026563
0 0.581250 0.222656 0.009375 0.026563
0 0.592969 0.224219 0.010938 0.023438
0 0.616406 0.256250 0.014063 0.031250
0 0.620313 0.226562 0.012500 0.028125
0 0.625781 0.206250 0.010938 0.028125
0 0.642969 0.222656 0.010938 0.026563
0 0.657031 0.226562 0.010938 0.028125
0 0.660938 0.253906 0.012500 0.029688
0 0.677344 0.210938 0.010938 0.025000
0 0.694531 0.233594 0.010938 0.032813
0 0.719531 0.225781 0.010938 0.026563
0 0.724219 0.251563 0.014063 0.034375
0 0.695312 0.267188 0.012500 0.031250
0 0.710156 0.298438 0.017188 0.040625
0 0.650781 0.310156 0.017188 0.042188
0 0.614063 0.347656 0.021875 0.045313
0 0.746094 0.292969 0.014063 0.032813
0 0.614063 0.464844 0.028125 0.067187
0 0.613281 0.409375 0.023438 0.050000
0 0.675000 0.382812 0.021875 0.053125
0 0.664062 0.353125 0.018750 0.040625
0 0.711719 0.368750 0.020313 0.046875
0 0.726562 0.498438 0.031250 0.087500
0 0.658594 0.489844 0.035938 0.060938
0 0.797656 0.453125 0.026563 0.053125
0 0.737500 0.427344 0.021875 0.045313
0 0.860938 0.540625 0.031250 0.065625
0 0.871875 0.481250 0.028125 0.062500
0 0.932031 0.476562 0.029688 0.065625
0 0.885938 0.382812 0.021875 0.053125
0 0.833594 0.375000 0.020313 0.050000
0 0.860156 0.346094 0.014063 0.042188
0 0.863281 0.317969 0.014063 0.032813
0 0.839844 0.319531 0.017188 0.035938
0 0.793750 0.300000 0.015625 0.031250
0 0.759375 0.264063 0.015625 0.031250
0 0.780469 0.271094 0.010938 0.029688
0 0.786719 0.240625 0.014063 0.031250
0 0.810156 0.257031 0.014063 0.026563
0 0.800781 0.250000 0.010938 0.028125
0 0.844531 0.278125 0.014063 0.031250
0 0.866406 0.258594 0.014063 0.029688
0 0.875781 0.285938 0.014063 0.040625
0 0.883594 0.273438 0.010938 0.031250
0 0.898438 0.263281 0.012500 0.035938
0 0.907031 0.346094 0.017188 0.039062
0 0.914062 0.320312 0.012500 0.037500
0 0.920313 0.286719 0.012500 0.029688
0 0.938281 0.333594 0.014063 0.039062
0 0.950781 0.357813 0.017188 0.043750
0 0.962500 0.315625 0.012500 0.031250
0 0.961719 0.285938 0.010938 0.031250
0 0.941406 0.314063 0.014063 0.037500
