0 0.170313 0.720313 0.134375 0.178125
0 0.175781 0.596094 0.114063 0.160938
0 0.106250 0.547656 0.093750 0.145313
0 0.085938 0.443750 0.078125 0.112500
0 0.053906 0.517188 0.073438 0.121875
0 0.028906 0.439063 0.051563 0.084375
0 0.195312 0.372656 0.046875 0.073438
0 0.261719 0.364844 0.048438 0.076563
0 0.327344 0.368750 0.045313 0.075000
0 0.376563 0.339844 0.043750 0.064063
0 0.346875 0.735156 0.131250 0.242188
0 0.529687 0.775781 0.165625 0.270313
0 0.714844 0.711719 0.151563 0.226562
0 0.626563 0.089063 0.046875 0.096875
0 0.727344 0.258594 0.067187 0.114063
