0 0.039062 0.397656 0.034375 0.067187
0 0.262500 0.275000 0.018750 0.034375
0 0.280469 0.265625 0.020313 0.040625
0 0.302344 0.258594 0.020313 0.042188
0 0.330469 0.261719 0.017188 0.035938
0 0.348438 0.271094 0.018750 0.039062
0 0.317188 0.227344 0.015625 0.029688
0 0.349219 0.228125 0.020313 0.034375
0 0.358594 0.232031 0.017188 0.032813
0 0.380469 0.225000 0.020313 0.034375
0 0.389063 0.204688 0.018750 0.028125
0 0.425000 0.217188 0.018750 0.031250
0 0.412500 0.284375 0.025000 0.053125
0 0.455469 0.221094 0.017188 0.035938
0 0.482031 0.226562 0.023438 0.043750
0 0.475781 0.195312 0.020313 0.034375
0 0.459375 0.171875 0.015625 0.031250
0 0.433594 0.164062 0.017188 0.031250
0 0.483594 0.171094 0.017188 0.035938
0 0.484375 0.146875 0.012500 0.028125
0 0.497656 0.129688 0.014063 0.031250
0 0.507031 0.194531 0.017188 0.032813
0 0.517188 0.164844 0.015625 0.032813
0 0.542188 0.202344 0.018750 0.042188
0 0.538281 0.136719 0.020313 0.035938
0 0.553906 0.153906 0.020313 0.039062
0 0.569531 0.108594 0.017188 0.029688
0 0.565625 0.137500 0.015625 0.031250
0 0.593750 0.153906 0.021875 0.039062
0 0.595313 0.120313 0.015625 0.021875
0 0.619531 0.153125 0.017188 0.034375
0 0.618750 0.119531 0.012500 0.020313
0 0.632812 0.106250 0.012500 0.021875
0 0.651563 0.120313 0.012500 0.025000
0 0.653125 0.097656 0.012500 0.026563
0 0.679688 0.121094 0.012500 0.023438
0 0.715625 0.096094 0.009375 0.029688
0 0.699219 0.149219 0.014063 0.035938
0 0.725781 0.143750 0.014063 0.028125
0 0.714063 0.175000 0.018750 0.043750
0 0.717969 0.216406 0.020313 0.051563
0 0.671875 0.248438 0.025000 0.056250
0 0.677344 0.207031 0.017188 0.039062
0 0.665625 0.185156 0.012500 0.035938
0 0.616406 0.197656 0.020313 0.042188
0 0.619531 0.250000 0.023438 0.053125
0 0.580469 0.249219 0.026563 0.054688
0 0.568750 0.289844 0.028125 0.057813
0 0.492188 0.300000 0.028125 0.053125
0 0.615625 0.332031 0.034375 0.064063
0 0.684375 0.335156 0.028125 0.067187
0 0.728906 0.292969 0.026563 0.060938
0 0.775000 0.228906 0.025000 0.057813
0 0.797656 0.288281 0.029688 0.064063
0 0.755469 0.186719 0.020313 0.035938
0 0.743750 0.152344 0.015625 0.039062
0 0.746875 0.120313 0.018750 0.034375
0 0.757812 0.144531 0.018750 0.039062
0 0.766406 0.101562 0.017188 0.031250
0 0.783594 0.157813 0.020313 0.040625
0 0.787500 0.130469 0.015625 0.039062
0 0.807813 0.116406 0.012500 0.029688
0 0.813281 0.136719 0.014063 0.029688
0 0.817969 0.173438 0.020313 0.046875
0 0.833594 0.163281 0.017188 0.039062
0 0.827344 0.125000 0.014063 0.037500
0 0.846875 0.135938 0.012500 0.031250
0 0.861719 0.185156 0.017188 0.039062
0 0.867188 0.150781 0.015625 0.039062
0 0.881250 0.150000 0.015625 0.034375
0 0.886719 0.131250 0.014063 0.031250
0 0.890625 0.217188 0.018750 0.040625
0 0.901563 0.192969 0.018750 0.042188
0 0.911719 0.172656 0.014063 0.035938
0 0.925000 0.131250 0.015625 0.031250
0 0.939844 0.281250 0.023438 0.053125
0 0.937500 0.188281 0.021875 0.051563
0 0.950000 0.152344 0.015625 0.039062
