0 0.203125 0.487500 0.037500 0.087500
0 0.305469 0.249219 0.020313 0.039062
0 0.327344 0.267188 0.020313 0.040625
0 0.345313 0.279688 0.018750 0.037500
0 0.437500 0.285938 0.021875 0.046875
0 0.390625 0.208594 0.015625 0.032813
0 0.428906 0.217969 0.017188 0.029688
0 0.456250 0.217188 0.015625 0.028125
0 0.478906 0.219531 0.014063 0.026563
0 0.484375 0.195312 0.015625 0.028125
0 0.457031 0.187500 0.014063 0.028125
0 0.438281 0.176563 0.014063 0.028125
0 0.465625 0.157031 0.012500 0.023438
0 0.484375 0.167969 0.015625 0.026563
0 0.507031 0.170313 0.014063 0.028125
0 0.496094 0.140625 0.014063 0.025000
0 0.540625 0.147656 0.012500 0.023438
0 0.548438 0.132812 0.012500 0.028125
0 0.568750 0.123438 0.012500 0.028125
0 0.567969 0.159375 0.014063 0.025000
0 0.589844 0.164844 0.014063 0.029688
0 0.583594 0.133594 0.014063 0.026563
0 0.617188 0.140625 0.012500 0.025000
0 0.620313 0.110938 0.012500 0.025000
0 0.628906 0.118750 0.014063 0.025000
0 0.657031 0.064063 0.010938 0.018750
0 0.696875 0.062500 0.012500 0.025000
0 0.493750 0.328906 0.028125 0.048438
0 0.557031 0.321875 0.026563 0.053125
0 0.627344 0.311719 0.026563 0.067187
0 0.582031 0.256250 0.020313 0.040625
0 0.616406 0.253906 0.023438 0.045313
0 0.628906 0.211719 0.023438 0.045313
0 0.668750 0.264844 0.021875 0.045313
0 0.680469 0.214063 0.026563 0.046875
0 0.710156 0.208594 0.020313 0.042188
0 0.728906 0.286719 0.026563 0.057813
0 0.789844 0.317188 0.026563 0.050000
0 0.702344 0.110938 0.014063 0.031250
0 0.696875 0.163281 0.018750 0.039062
0 0.728906 0.143750 0.017188 0.037500
0 0.758594 0.185938 0.017188 0.031250
0 0.765625 0.156250 0.018750 0.031250
0 0.764063 0.123438 0.012500 0.025000
0 0.751563 0.125000 0.018750 0.037500
0 0.824219 0.135156 0.014063 0.029688
0 0.839844 0.156250 0.014063 0.031250
0 0.814844 0.194531 0.017188 0.029688
0 0.863281 0.191406 0.014063 0.039062
0 0.884375 0.231250 0.018750 0.043750
0 0.900000 0.195312 0.018750 0.040625
0 0.939063 0.206250 0.018750 0.040625
