0 0.447656 0.325781 0.135938 0.251563
0 0.335938 0.364844 0.056250 0.082813
0 0.371094 0.321875 0.032813 0.062500
0 0.578906 0.232031 0.026563 0.035938
0 0.635938 0.298438 0.015625 0.028125
0 0.647656 0.306250 0.017188 0.037500
0 0.663281 0.330469 0.020313 0.042188
0 0.686719 0.273438 0.048438 0.081250
0 0.748438 0.323438 0.021875 0.040625
0 0.772656 0.360156 0.026563 0.045313
0 0.800000 0.416406 0.040625 0.070312
0 0.818750 0.369531 0.028125 0.048438
0 0.805469 0.360156 0.020313 0.045313
0 0.794531 0.335938 0.020313 0.040625
0 0.838281 0.339844 0.017188 0.039062
0 0.857031 0.361719 0.029688 0.048438
0 0.869531 0.336719 0.017188 0.029688
0 0.878125 0.326563 0.012500 0.028125
0 0.897656 0.377344 0.035938 0.064063
0 0.917188 0.337500 0.025000 0.034375
0 0.922656 0.367969 0.020313 0.039062
0 0.937500 0.334375 0.015625 0.037500
0 0.953906 0.373438 0.023438 0.040625
0 0.985938 0.361719 0.021875 0.042188
0 0.985938 0.425000 0.028125 0.071875
0 0.942969 0.429688 0.057813 0.075000
0 0.893750 0.441406 0.040625 0.070312
