0 0.122656 0.811719 0.114063 0.167188
0 0.077344 0.578125 0.067187 0.112500
0 0.038281 0.493750 0.039062 0.068750
0 0.082813 0.498438 0.037500 0.059375
0 0.152344 0.484375 0.032813 0.040625
0 0.170313 0.455469 0.025000 0.032813
0 0.210938 0.445312 0.025000 0.031250
0 0.214844 0.507031 0.051563 0.067187
0 0.207031 0.599219 0.089063 0.120313
0 0.257031 0.514062 0.039062 0.056250
0 0.298438 0.513281 0.037500 0.042188
0 0.321875 0.472656 0.028125 0.035938
0 0.292969 0.462500 0.020313 0.034375
0 0.265625 0.470313 0.028125 0.031250
0 0.364063 0.564063 0.053125 0.071875
0 0.371094 0.513281 0.039062 0.048438
0 0.367969 0.467188 0.023438 0.031250
0 0.409375 0.475781 0.028125 0.035938
0 0.428906 0.461719 0.017188 0.032813
0 0.449219 0.550000 0.051563 0.078125
0 0.489063 0.621875 0.093750 0.131250
0 0.490625 0.514062 0.034375 0.059375
0 0.456250 0.501563 0.034375 0.046875
0 0.475000 0.468750 0.025000 0.037500
0 0.598438 0.546875 0.040625 0.053125
0 0.632812 0.575781 0.068750 0.079688
0 0.720313 0.642188 0.093750 0.128125
0 0.756250 0.525781 0.056250 0.076563
0 0.704688 0.528906 0.034375 0.057813
0 0.696094 0.473438 0.029688 0.043750
0 0.662500 0.480469 0.034375 0.039062
0 0.632812 0.486719 0.021875 0.039062
0 0.615625 0.478906 0.021875 0.035938
0 0.585156 0.485156 0.023438 0.032813
0 0.538281 0.460938 0.026563 0.034375
0 0.553906 0.475000 0.023438 0.031250
0 0.575781 0.451563 0.026563 0.040625
0 0.839063 0.562500 0.065625 0.090625
0 0.816406 0.517969 0.032813 0.064063
0 0.925781 0.673438 0.123438 0.193750
0 0.982813 0.553906 0.037500 0.110938
0 0.862500 0.534375 0.050000 0.078125
