0 0.117188 0.541406 0.037500 0.073438
0 0.219531 0.331250 0.017188 0.031250
0 0.247656 0.335938 0.017188 0.037500
0 0.274219 0.362500 0.017188 0.034375
0 0.325000 0.356250 0.021875 0.034375
0 0.276562 0.300781 0.015625 0.035938
0 0.342969 0.317969 0.014063 0.029688
0 0.346094 0.283594 0.014063 0.029688
0 0.378125 0.323438 0.012500 0.031250
0 0.400781 0.321875 0.017188 0.031250
0 0.438281 0.325000 0.017188 0.037500
0 0.399219 0.291406 0.014063 0.029688
0 0.388281 0.250000 0.014063 0.025000
0 0.403906 0.266406 0.010938 0.023438
0 0.417969 0.251563 0.010938 0.021875
0 0.438281 0.252344 0.010938 0.026563
0 0.465625 0.296094 0.012500 0.026563
0 0.497656 0.314844 0.014063 0.029688
0 0.453906 0.239063 0.010938 0.021875
0 0.483594 0.256250 0.014063 0.028125
0 0.498438 0.251563 0.012500 0.021875
0 0.514844 0.262500 0.014063 0.031250
0 0.551563 0.273438 0.012500 0.028125
0 0.425000 0.299219 0.015625 0.032813
0 0.463281 0.225000 0.010938 0.021875
0 0.515625 0.229688 0.012500 0.028125
0 0.537500 0.237500 0.012500 0.028125
0 0.567188 0.259375 0.012500 0.031250
0 0.562500 0.207813 0.009375 0.021875
0 0.567969 0.223438 0.010938 0.025000
0 0.580469 0.235156 0.010938 0.020313
0 0.592969 0.246094 0.014063 0.023438
0 0.646094 0.234375 0.010938 0.021875
0 0.670313 0.221094 0.009375 0.020313
0 0.683594 0.216406 0.010938 0.026563
0 0.666406 0.200000 0.010938 0.021875
0 0.634375 0.219531 0.012500 0.026563
0 0.625000 0.210938 0.012500 0.021875
0 0.602344 0.210938 0.010938 0.028125
0 0.603125 0.196094 0.012500 0.023438
0 0.481250 0.367969 0.025000 0.051563
0 0.542969 0.393750 0.026563 0.050000
0 0.535156 0.355469 0.026563 0.045313
0 0.592187 0.357031 0.021875 0.048438
0 0.606250 0.417969 0.025000 0.060938
0 0.630469 0.456250 0.029688 0.059375
0 0.703125 0.528906 0.031250 0.070312
0 0.833594 0.506250 0.029688 0.065625
0 0.596875 0.316406 0.021875 0.042188
0 0.644531 0.328125 0.023438 0.043750
0 0.628906 0.295313 0.020313 0.040625
0 0.667188 0.271094 0.018750 0.039062
0 0.689844 0.290625 0.014063 0.037500
0 0.711719 0.283594 0.014063 0.039062
0 0.705469 0.241406 0.014063 0.039062
0 0.731250 0.248438 0.015625 0.034375
0 0.732813 0.228125 0.012500 0.034375
0 0.749219 0.220313 0.014063 0.031250
0 0.760938 0.254688 0.012500 0.031250
0 0.778125 0.273438 0.015625 0.031250
0 0.785938 0.253906 0.012500 0.026563
0 0.781250 0.227344 0.015625 0.032813
0 0.663281 0.375000 0.023438 0.053125
0 0.687500 0.355469 0.021875 0.048438
0 0.726562 0.392969 0.025000 0.051563
0 0.788281 0.417188 0.026563 0.056250
0 0.849219 0.450000 0.029688 0.062500
0 0.925781 0.457031 0.026563 0.054688
0 0.918750 0.386719 0.021875 0.045313
0 0.862500 0.371875 0.021875 0.053125
0 0.814844 0.348438 0.023438 0.043750
0 0.816406 0.290625 0.017188 0.031250
0 0.811719 0.235938 0.014063 0.031250
0 0.844531 0.246875 0.010938 0.021875
0 0.851562 0.265625 0.012500 0.025000
0 0.846094 0.296875 0.014063 0.037500
0 0.872656 0.328125 0.017188 0.031250
0 0.872656 0.245313 0.014063 0.031250
0 0.896875 0.268750 0.012500 0.028125
0 0.894531 0.311719 0.014063 0.032813
0 0.935156 0.346094 0.017188 0.039062
0 0.915625 0.300781 0.012500 0.032813
0 0.938281 0.300000 0.014063 0.025000
0 0.938281 0.259375 0.014063 0.031250
