0 0.160938 0.382812 0.028125 0.040625
0 0.195312 0.380469 0.028125 0.051563
0 0.252344 0.367188 0.023438 0.037500
0 0.275781 0.382812 0.035938 0.062500
0 0.321094 0.392188 0.032813 0.053125
0 0.346094 0.388281 0.026563 0.051563
0 0.419531 0.390625 0.039062 0.068750
0 0.437500 0.367188 0.025000 0.046875
0 0.466406 0.396094 0.026563 0.048438
0 0.515625 0.384375 0.021875 0.034375
0 0.532813 0.390625 0.025000 0.043750
0 0.584375 0.407813 0.028125 0.046875
0 0.612500 0.423438 0.046875 0.078125
0 0.654688 0.382031 0.021875 0.051563
0 0.718750 0.378906 0.034375 0.057813
0 0.746094 0.390625 0.029688 0.046875
0 0.766406 0.396094 0.039062 0.060938
0 0.785156 0.404688 0.026563 0.040625
0 0.849219 0.429688 0.057813 0.093750
0 0.885156 0.400781 0.039062 0.076563
0 0.907031 0.412500 0.026563 0.053125
0 0.943750 0.397656 0.021875 0.035938
