0 0.220313 0.432031 0.137500 0.260937
0 0.425781 0.372656 0.135938 0.254688
0 0.653906 0.357813 0.104688 0.231250
0 0.792969 0.345313 0.095313 0.193750
0 0.847656 0.260937 0.067187 0.115625
0 0.965625 0.286719 0.068750 0.185938
0 0.570312 0.225781 0.084375 0.157813
0 0.633594 0.221875 0.057813 0.106250
0 0.441406 0.186719 0.076563 0.126562
0 0.353906 0.215625 0.070312 0.109375
0 0.259375 0.197656 0.071875 0.129688
0 0.153906 0.300781 0.082813 0.139063
0 0.188281 0.202344 0.054688 0.085938
0 0.085156 0.225000 0.051563 0.103125
0 0.100781 0.178125 0.035938 0.059375
0 0.028125 0.202344 0.053125 0.120313
