0 0.338281 0.214063 0.014063 0.034375
0 0.444531 0.224219 0.020313 0.039062
0 0.491406 0.227344 0.023438 0.035938
0 0.508594 0.187500 0.020313 0.040625
0 0.549219 0.196875 0.017188 0.040625
0 0.586719 0.176563 0.014063 0.034375
0 0.707031 0.124219 0.017188 0.035938
0 0.675781 0.187500 0.017188 0.031250
0 0.639063 0.259375 0.025000 0.053125
0 0.723438 0.299219 0.025000 0.064063
0 0.819531 0.135156 0.017188 0.042188
0 0.889063 0.137500 0.018750 0.043750
0 0.834375 0.234375 0.018750 0.043750
0 0.842188 0.341406 0.028125 0.051563
0 0.930469 0.285938 0.020313 0.034375
0 0.621094 0.146094 0.010938 0.026563
