0 0.159375 0.472656 0.040625 0.079688
0 0.246875 0.258594 0.018750 0.032813
0 0.266406 0.266406 0.020313 0.039062
0 0.288281 0.253125 0.020313 0.043750
0 0.292187 0.297656 0.025000 0.045313
0 0.315625 0.219531 0.018750 0.035938
0 0.346094 0.263281 0.023438 0.035938
0 0.383594 0.280469 0.026563 0.048438
0 0.370313 0.262500 0.015625 0.034375
0 0.358594 0.213281 0.023438 0.039062
0 0.342188 0.205469 0.015625 0.032813
0 0.381250 0.185156 0.018750 0.039062
0 0.390625 0.213281 0.018750 0.039062
0 0.428125 0.237500 0.021875 0.043750
0 0.428906 0.187500 0.017188 0.043750
0 0.404688 0.178125 0.018750 0.037500
0 0.474219 0.229688 0.023438 0.043750
0 0.488281 0.197656 0.017188 0.039062
0 0.468750 0.184375 0.018750 0.043750
0 0.456250 0.153906 0.015625 0.032813
0 0.442188 0.154688 0.015625 0.031250
0 0.476562 0.133594 0.012500 0.032813
0 0.486719 0.149219 0.014063 0.029688
0 0.522656 0.207813 0.023438 0.046875
0 0.522656 0.169531 0.017188 0.032813
0 0.542188 0.153906 0.015625 0.035938
0 0.545312 0.122656 0.012500 0.026563
0 0.559375 0.141406 0.012500 0.029688
0 0.563281 0.166406 0.017188 0.032813
0 0.578906 0.128125 0.014063 0.031250
0 0.589844 0.134375 0.014063 0.031250
0 0.613281 0.138281 0.014063 0.026563
0 0.617188 0.117188 0.015625 0.034375
0 0.632812 0.138281 0.018750 0.035938
0 0.660156 0.121094 0.014063 0.032813
0 0.522656 0.294531 0.032813 0.057813
0 0.546094 0.245313 0.026563 0.046875
0 0.574219 0.286719 0.029688 0.060938
0 0.619531 0.303906 0.029688 0.064063
0 0.618750 0.234375 0.021875 0.053125
0 0.626563 0.196094 0.021875 0.042188
0 0.664844 0.268750 0.029688 0.062500
0 0.671094 0.209375 0.023438 0.046875
0 0.657813 0.178906 0.018750 0.045313
0 0.682031 0.149219 0.017188 0.039062
0 0.692969 0.176563 0.020313 0.043750
0 0.702344 0.228125 0.020313 0.053125
0 0.730469 0.192188 0.020313 0.043750
0 0.717969 0.163281 0.014063 0.035938
0 0.708594 0.131250 0.017188 0.037500
0 0.725781 0.130469 0.014063 0.039062
0 0.738281 0.141406 0.014063 0.032813
0 0.764844 0.189844 0.020313 0.042188
0 0.759375 0.232031 0.021875 0.057813
0 0.758594 0.156250 0.017188 0.040625
0 0.775781 0.143750 0.014063 0.034375
0 0.795313 0.164062 0.018750 0.040625
0 0.827344 0.150000 0.020313 0.037500
0 0.837500 0.187500 0.015625 0.040625
0 0.851562 0.164062 0.015625 0.034375
0 0.875781 0.175781 0.014063 0.042188
0 0.888281 0.154688 0.017188 0.037500
0 0.817969 0.225781 0.020313 0.048438
0 0.767188 0.294531 0.025000 0.060938
0 0.708594 0.284375 0.023438 0.053125
0 0.830469 0.332813 0.026563 0.062500
0 0.850781 0.264063 0.023438 0.056250
0 0.932031 0.256250 0.023438 0.053125
0 0.913281 0.241406 0.020313 0.051563
