0 0.057031 0.484375 0.107813 0.159375
0 0.060938 0.364844 0.050000 0.079688
0 0.092188 0.322656 0.021875 0.042188
0 0.164844 0.322656 0.032813 0.039062
0 0.196094 0.353125 0.029688 0.046875
0 0.222656 0.442188 0.057813 0.112500
0 0.249219 0.362500 0.032813 0.065625
0 0.228125 0.374219 0.043750 0.067187
0 0.339844 0.333594 0.029688 0.048438
0 0.257031 0.324219 0.023438 0.035938
0 0.371094 0.357031 0.039062 0.064063
0 0.421875 0.342969 0.034375 0.064063
0 0.431250 0.422656 0.050000 0.085938
0 0.486719 0.470313 0.117188 0.140625
0 0.473438 0.374219 0.040625 0.064063
0 0.528906 0.350781 0.032813 0.054688
0 0.586719 0.366406 0.039062 0.070312
0 0.625781 0.332031 0.029688 0.060938
0 0.917188 0.112500 0.100000 0.196875
