0 0.033594 0.166406 0.064063 0.139063
0 0.127344 0.375000 0.104688 0.200000
0 0.175781 0.225781 0.045313 0.064063
0 0.221875 0.195312 0.034375 0.065625
0 0.442969 0.118750 0.060938 0.134375
0 0.497656 0.373438 0.092188 0.165625
0 0.419531 0.532813 0.135938 0.181250
0 0.402344 0.186719 0.070312 0.114063
0 0.547656 0.149219 0.082813 0.110938
0 0.642969 0.199219 0.064063 0.107813
0 0.667188 0.160156 0.050000 0.092188
0 0.743750 0.164062 0.053125 0.109375
0 0.842969 0.140625 0.204688 0.278125
0 0.952344 0.105469 0.067187 0.126562
