0 0.278125 0.393750 0.031250 0.056250
0 0.359375 0.514844 0.025000 0.048438
0 0.394531 0.491406 0.026563 0.045313
0 0.428906 0.497656 0.023438 0.042188
0 0.389844 0.563281 0.042188 0.070312
0 0.458594 0.569531 0.045313 0.067187
0 0.471094 0.533594 0.035938 0.057813
0 0.510156 0.525000 0.032813 0.062500
0 0.538281 0.496875 0.029688 0.056250
0 0.552344 0.521875 0.035938 0.059375
0 0.561719 0.482813 0.020313 0.040625
0 0.605469 0.489844 0.023438 0.039062
0 0.606250 0.557813 0.043750 0.071875
0 0.628125 0.526563 0.034375 0.068750
0 0.653906 0.514844 0.035938 0.054688
0 0.640625 0.482031 0.025000 0.039062
0 0.693750 0.514062 0.034375 0.059375
0 0.685938 0.489844 0.021875 0.042188
0 0.767188 0.360938 0.046875 0.071875
0 0.817188 0.536719 0.050000 0.085938
0 0.872656 0.534375 0.048438 0.065625
0 0.746875 0.546875 0.040625 0.065625
