0 0.153906 0.403125 0.042188 0.078125
0 0.294531 0.259375 0.020313 0.037500
0 0.333594 0.247656 0.023438 0.042188
0 0.332031 0.211719 0.017188 0.029688
0 0.350000 0.207813 0.015625 0.037500
0 0.367188 0.212500 0.015625 0.034375
0 0.378906 0.221875 0.017188 0.034375
0 0.386719 0.254688 0.017188 0.043750
0 0.361719 0.252344 0.017188 0.029688
0 0.397656 0.217969 0.014063 0.032813
0 0.429688 0.220313 0.018750 0.037500
0 0.424219 0.253125 0.020313 0.037500
0 0.448438 0.186719 0.012500 0.029688
0 0.421875 0.192969 0.015625 0.035938
0 0.452344 0.166406 0.014063 0.026563
0 0.459375 0.141406 0.012500 0.026563
0 0.475000 0.142187 0.012500 0.028125
0 0.478906 0.176563 0.017188 0.028125
0 0.499219 0.177344 0.014063 0.035938
0 0.481250 0.215625 0.021875 0.040625
0 0.509375 0.155469 0.012500 0.029688
0 0.518750 0.122656 0.012500 0.023438
0 0.532813 0.138281 0.012500 0.023438
0 0.549219 0.162500 0.017188 0.040625
0 0.534375 0.125781 0.012500 0.017188
0 0.553125 0.129688 0.012500 0.034375
0 0.560156 0.117969 0.014063 0.032813
0 0.578906 0.153125 0.017188 0.034375
0 0.584375 0.132031 0.015625 0.029688
0 0.586719 0.113281 0.010938 0.026563
0 0.605469 0.141406 0.014063 0.032813
0 0.607813 0.121875 0.015625 0.031250
0 0.614063 0.110938 0.009375 0.025000
0 0.617188 0.097656 0.009375 0.023438
0 0.630469 0.119531 0.014063 0.029688
0 0.645313 0.130469 0.015625 0.032813
0 0.650000 0.092969 0.012500 0.023438
0 0.662500 0.105469 0.009375 0.023438
0 0.664062 0.128906 0.012500 0.026563
0 0.692188 0.096094 0.012500 0.029688
0 0.560937 0.230469 0.025000 0.048438
0 0.536719 0.278906 0.026563 0.060938
0 0.588281 0.314844 0.029688 0.054688
0 0.617188 0.235938 0.021875 0.046875
0 0.626563 0.190625 0.018750 0.037500
0 0.652344 0.223438 0.020313 0.046875
0 0.682031 0.241406 0.023438 0.051563
0 0.677344 0.186719 0.017188 0.039062
0 0.704688 0.141406 0.012500 0.029688
0 0.713281 0.160156 0.014063 0.032813
0 0.724219 0.176563 0.020313 0.046875
0 0.705469 0.236719 0.023438 0.051563
0 0.746875 0.137500 0.015625 0.034375
0 0.728125 0.132031 0.015625 0.026563
0 0.752344 0.171094 0.017188 0.035938
0 0.778906 0.147656 0.014063 0.029688
0 0.768750 0.133594 0.009375 0.020313
0 0.775781 0.121875 0.010938 0.021875
0 0.800781 0.119531 0.014063 0.029688
0 0.757031 0.225000 0.023438 0.034375
0 0.744531 0.245313 0.023438 0.043750
0 0.757812 0.305469 0.025000 0.057813
0 0.832813 0.341406 0.028125 0.079688
0 0.837500 0.307031 0.028125 0.054688
0 0.810156 0.239844 0.020313 0.045313
0 0.823438 0.200000 0.015625 0.040625
0 0.791406 0.181250 0.020313 0.037500
0 0.813281 0.146094 0.010938 0.032813
0 0.822656 0.130469 0.014063 0.029688
0 0.832031 0.119531 0.010938 0.023438
0 0.846094 0.157031 0.014063 0.029688
0 0.840625 0.180469 0.012500 0.035938
0 0.842969 0.240625 0.020313 0.046875
0 0.872656 0.403906 0.032813 0.092188
0 0.903125 0.353906 0.028125 0.070312
0 0.895313 0.300000 0.021875 0.037500
0 0.871094 0.212500 0.017188 0.040625
0 0.886719 0.177344 0.014063 0.035938
0 0.896094 0.153125 0.014063 0.034375
0 0.857031 0.139844 0.014063 0.032813
0 0.864844 0.131250 0.014063 0.028125
0 0.900000 0.128125 0.015625 0.025000
0 0.914844 0.222656 0.020313 0.051563
0 0.928906 0.196094 0.017188 0.029688
0 0.925781 0.157031 0.014063 0.032813
0 0.939063 0.157031 0.012500 0.029688
