0 0.145313 0.389844 0.065625 0.126562
0 0.294531 0.381250 0.079688 0.143750
0 0.440625 0.371094 0.078125 0.129688
0 0.542188 0.363281 0.075000 0.129688
0 0.650000 0.347656 0.059375 0.104688
0 0.786719 0.353125 0.067187 0.115625
0 0.901563 0.338281 0.068750 0.132812
0 0.860938 0.145313 0.062500 0.118750
0 0.778125 0.150000 0.059375 0.115625
0 0.682031 0.132812 0.064063 0.109375
0 0.603906 0.118750 0.064063 0.121875
0 0.501563 0.121094 0.059375 0.104688
0 0.402344 0.106250 0.067187 0.118750
0 0.297656 0.117969 0.073438 0.132812
0 0.191406 0.097656 0.070312 0.135938
0 0.109375 0.106250 0.078125 0.125000
