0 0.100781 0.375000 0.092188 0.165625
0 0.225781 0.321875 0.045313 0.065625
0 0.294531 0.338281 0.042188 0.079688
0 0.375000 0.324219 0.031250 0.070312
0 0.344531 0.326563 0.032813 0.056250
0 0.402344 0.323438 0.035938 0.062500
0 0.469531 0.300000 0.029688 0.050000
0 0.643750 0.356250 0.043750 0.084375
0 0.728125 0.560156 0.050000 0.082813
0 0.501563 0.501563 0.043750 0.065625
0 0.389063 0.526563 0.053125 0.084375
0 0.262500 0.550781 0.053125 0.076563
0 0.738281 0.471875 0.023438 0.046875
0 0.761719 0.453125 0.017188 0.037500
0 0.791406 0.379688 0.023438 0.050000
0 0.859375 0.360938 0.040625 0.096875
0 0.853906 0.480469 0.117188 0.170313
0 0.971094 0.650000 0.057813 0.103125
