1 0.463281 0.432813 0.054688 0.137500
1 0.333594 0.385156 0.051563 0.135938
1 0.532031 0.378906 0.051563 0.129688
1 0.432813 0.321094 0.046875 0.120313
1 0.274219 0.342969 0.054688 0.117188
1 0.221094 0.403125 0.054688 0.134375
1 0.143750 0.387500 0.059375 0.140625
1 0.082813 0.389844 0.062500 0.135938
1 0.014063 0.267188 0.025000 0.140625
1 0.628125 0.481250 0.053125 0.118750
1 0.667969 0.382031 0.051563 0.129688
1 0.571875 0.325781 0.043750 0.117188
1 0.695312 0.339844 0.046875 0.107813
1 0.769531 0.403125 0.048438 0.137500
1 0.822656 0.348438 0.045313 0.112500
1 0.871875 0.388281 0.050000 0.132812
1 0.932031 0.346875 0.054688 0.128125
1 0.985156 0.369531 0.029688 0.135938
