0 0.226562 0.383594 0.059375 0.098438
0 0.543750 0.300000 0.025000 0.062500
0 0.553906 0.185156 0.017188 0.035938
0 0.628906 0.192188 0.020313 0.043750
0 0.675000 0.203906 0.018750 0.039062
0 0.668750 0.188281 0.015625 0.029688
0 0.668750 0.250781 0.021875 0.048438
0 0.670313 0.312500 0.028125 0.059375
0 0.710938 0.200781 0.018750 0.035938
0 0.742969 0.207031 0.017188 0.035938
0 0.767969 0.235938 0.020313 0.043750
0 0.727344 0.266406 0.023438 0.045313
0 0.828906 0.367969 0.029688 0.067187
0 0.894531 0.452344 0.032813 0.070312
