0 0.075000 0.448438 0.046875 0.075000
0 0.085156 0.422656 0.042188 0.070312
0 0.161719 0.442188 0.039062 0.062500
0 0.123438 0.503906 0.050000 0.092188
0 0.163281 0.389063 0.039062 0.053125
0 0.255469 0.416406 0.032813 0.051563
0 0.356250 0.421094 0.034375 0.051563
0 0.478906 0.433594 0.032813 0.048438
0 0.510938 0.408594 0.028125 0.048438
0 0.480469 0.369531 0.029688 0.057813
0 0.564063 0.417969 0.025000 0.045313
0 0.580469 0.401563 0.032813 0.053125
0 0.667188 0.385938 0.034375 0.062500
0 0.727344 0.430469 0.029688 0.060938
0 0.777344 0.424219 0.039062 0.073438
0 0.826563 0.439063 0.050000 0.078125
0 0.878906 0.445312 0.051563 0.081250
0 0.946875 0.431250 0.071875 0.100000
