1 0.307813 0.267969 0.096875 0.114063
1 0.169531 0.341406 0.054688 0.060938
1 0.417969 0.291406 0.079688 0.092188
1 0.515625 0.360938 0.040625 0.040625
1 0.645313 0.360156 0.037500 0.032813
1 0.694531 0.379688 0.032813 0.056250
1 0.671875 0.381250 0.021875 0.050000
1 0.373438 0.367969 0.031250 0.035938
2 0.268750 0.522656 0.193750 0.307813
2 0.131250 0.431250 0.068750 0.128125
2 0.183594 0.483594 0.070312 0.217188
2 0.528125 0.453125 0.053125 0.121875
2 0.651563 0.442188 0.062500 0.115625
2 0.705469 0.445312 0.064063 0.112500
2 0.481250 0.415625 0.050000 0.084375
0 0.130469 0.506250 0.073438 0.359375
0 0.181250 0.538281 0.103125 0.473438
0 0.267188 0.603906 0.200000 0.782813
0 0.429688 0.617188 0.175000 0.765625
0 0.528906 0.503125 0.076563 0.325000
0 0.481250 0.399219 0.065625 0.145313
0 0.646094 0.506250 0.064063 0.356250
0 0.708594 0.497656 0.082813 0.307813
