0 0.135156 0.542969 0.235938 0.895313
0 0.332813 0.621875 0.187500 0.734375
0 0.505469 0.575781 0.210938 0.823438
0 0.687500 0.627344 0.193750 0.707813
0 0.881250 0.629688 0.209375 0.718750
2 0.165625 0.449219 0.184375 0.439063
2 0.339063 0.610156 0.187500 0.407813
2 0.702344 0.661719 0.170313 0.442188
2 0.872656 0.728906 0.217188 0.498438
1 0.179688 0.139844 0.090625 0.104688
1 0.527344 0.218750 0.098438 0.100000
1 0.673438 0.324219 0.100000 0.098438
1 0.347656 0.307813 0.092188 0.106250
1 0.882031 0.332813 0.110938 0.128125
3 0.178125 0.193750 0.062500 0.043750
