1 0.533594 0.176563 0.051563 0.068750
1 0.279688 0.234375 0.050000 0.081250
0 0.279688 0.252344 0.090625 0.135938
0 0.539844 0.265625 0.123438 0.325000
1 0.409375 0.383594 0.046875 0.057813
1 0.319531 0.431250 0.054688 0.062500
1 0.148438 0.457813 0.037500 0.062500
1 0.585156 0.470313 0.042188 0.065625
0 0.361719 0.516406 0.120313 0.232813
0 0.425000 0.517969 0.112500 0.342188
0 0.149219 0.553125 0.073438 0.268750
0 0.612500 0.560156 0.128125 0.245313
1 0.925781 0.681250 0.042188 0.084375
0 0.940625 0.705469 0.081250 0.267188
1 0.220313 0.728906 0.050000 0.057813
0 0.225781 0.789062 0.139063 0.209375
