0 0.134375 0.436719 0.159375 0.735938
0 0.267188 0.408594 0.140625 0.507812
0 0.385938 0.392969 0.100000 0.514062
0 0.477344 0.404688 0.129688 0.556250
0 0.664844 0.368750 0.160938 0.571875
0 0.899219 0.429688 0.117188 0.809375
0 0.871094 0.309375 0.073438 0.296875
1 0.152344 0.129688 0.095313 0.106250
1 0.399219 0.166406 0.048438 0.064063
1 0.463281 0.182031 0.057813 0.082813
1 0.869531 0.196875 0.057813 0.062500
1 0.922656 0.089063 0.085938 0.106250
1 0.271094 0.193750 0.089063 0.075000
2 0.139844 0.333594 0.167188 0.314063
2 0.257031 0.335938 0.092188 0.175000
2 0.389844 0.306250 0.085938 0.178125
2 0.468750 0.298438 0.112500 0.196875
2 0.664062 0.286719 0.131250 0.204688
2 0.911719 0.342969 0.110938 0.345313
3 0.260937 0.220313 0.040625 0.025000
3 0.396875 0.193750 0.034375 0.025000
