2 0.296875 0.475781 0.068750 0.101562
2 0.457813 0.466406 0.065625 0.110938
2 0.228125 0.404688 0.046875 0.046875
2 0.536719 0.440625 0.039062 0.065625
2 0.582813 0.432031 0.037500 0.060938
2 0.762500 0.460938 0.046875 0.081250
0 0.235156 0.415625 0.060938 0.128125
0 0.292187 0.520313 0.103125 0.256250
0 0.449219 0.518750 0.085938 0.300000
0 0.532813 0.466406 0.050000 0.176563
0 0.585938 0.451563 0.056250 0.150000
0 0.754688 0.497656 0.062500 0.220313
1 0.230469 0.364063 0.029688 0.031250
1 0.267969 0.409375 0.035938 0.028125
1 0.452344 0.379688 0.029688 0.025000
1 0.441406 0.388281 0.026563 0.039062
1 0.527344 0.392188 0.023438 0.021875
1 0.585156 0.389063 0.020313 0.025000
1 0.753906 0.400000 0.039062 0.034375
