0 0.037500 0.632812 0.071875 0.703125
0 0.108594 0.647656 0.092188 0.685938
0 0.199219 0.683594 0.098438 0.604688
0 0.306250 0.656250 0.128125 0.656250
0 0.448438 0.625781 0.109375 0.576562
0 0.527344 0.603125 0.082813 0.471875
0 0.586719 0.655469 0.085938 0.526563
0 0.646875 0.626563 0.078125 0.534375
0 0.693750 0.675000 0.087500 0.587500
0 0.842188 0.700000 0.140625 0.600000
1 0.035938 0.365625 0.068750 0.137500
1 0.132812 0.360156 0.087500 0.123438
1 0.196094 0.434375 0.076563 0.106250
1 0.310156 0.378906 0.067187 0.076563
1 0.466406 0.397656 0.057813 0.070312
1 0.524219 0.407031 0.042188 0.060938
1 0.588281 0.432031 0.039062 0.054688
1 0.667188 0.394531 0.046875 0.057813
1 0.710156 0.426563 0.054688 0.084375
1 0.849219 0.461719 0.076563 0.095313
