2 0.192969 0.510156 0.173438 0.301563
2 0.346094 0.491406 0.135938 0.257812
2 0.464063 0.472656 0.121875 0.220313
2 0.602344 0.464844 0.135938 0.229688
2 0.806250 0.500000 0.134375 0.253125
1 0.225781 0.279688 0.104688 0.071875
1 0.372656 0.307813 0.073438 0.078125
1 0.451563 0.300781 0.078125 0.073438
1 0.576562 0.285938 0.090625 0.071875
1 0.800781 0.292969 0.098438 0.076563
0 0.177344 0.609375 0.214063 0.762500
0 0.339844 0.596094 0.154688 0.654688
0 0.476562 0.588281 0.187500 0.689063
0 0.615625 0.585156 0.190625 0.704688
0 0.822656 0.604688 0.232813 0.740625
