2 0.420313 0.488281 0.128125 0.176563
2 0.499219 0.401563 0.110938 0.200000
2 0.350000 0.309375 0.118750 0.171875
2 0.764844 0.446094 0.120313 0.185938
2 0.972656 0.422656 0.054688 0.139063
1 0.293750 0.216406 0.078125 0.095313
1 0.426563 0.335938 0.068750 0.087500
1 0.408594 0.235156 0.064063 0.076563
1 0.920313 0.318750 0.087500 0.084375
1 0.979688 0.252344 0.040625 0.060938
1 0.503125 0.257031 0.075000 0.070312
1 0.747656 0.282031 0.060938 0.073438
0 0.400000 0.586719 0.193750 0.610938
0 0.335938 0.407031 0.175000 0.498438
0 0.409375 0.245313 0.062500 0.137500
0 0.503906 0.407813 0.139063 0.381250
0 0.750000 0.413281 0.146875 0.360938
0 0.911719 0.586719 0.151563 0.648438
