0 0.287500 0.558594 0.343750 0.860938
0 0.553906 0.559375 0.217188 0.821875
0 0.745313 0.591406 0.231250 0.776563
0 0.850000 0.469531 0.078125 0.348438
0 0.910156 0.481250 0.073438 0.362500
2 0.331250 0.501563 0.234375 0.453125
2 0.546875 0.478906 0.225000 0.407813
2 0.725000 0.539844 0.193750 0.392188
2 0.850000 0.447656 0.081250 0.145313
2 0.914062 0.449219 0.050000 0.164062
2 0.964844 0.351562 0.070312 0.181250
1 0.396094 0.187500 0.135938 0.128125
1 0.535156 0.183594 0.089063 0.135938
1 0.689844 0.254688 0.135938 0.103125
1 0.853906 0.336719 0.048438 0.045313
1 0.913281 0.327344 0.057813 0.054688
