0 0.364844 0.654688 0.179688 0.665625
0 0.428906 0.587500 0.139063 0.596875
0 0.607031 0.606250 0.126562 0.646875
0 0.758594 0.632031 0.154688 0.704688
2 0.331250 0.539844 0.112500 0.239063
2 0.407031 0.492188 0.098438 0.228125
2 0.622656 0.483594 0.110938 0.192188
2 0.770313 0.527344 0.128125 0.260937
2 0.867188 0.611719 0.028125 0.051563
2 0.459375 0.718750 0.025000 0.053125
1 0.346875 0.366406 0.087500 0.082813
1 0.411719 0.330469 0.085938 0.073438
1 0.608594 0.321094 0.070312 0.057813
1 0.742969 0.337500 0.092188 0.106250
0 0.868750 0.633594 0.053125 0.132812
0 0.462500 0.692188 0.043750 0.109375
0 0.835156 0.582031 0.035938 0.107813
