1 0.101562 0.317969 0.062500 0.060938
1 0.210156 0.293750 0.060938 0.065625
1 0.297656 0.328125 0.057813 0.059375
1 0.372656 0.316406 0.054688 0.045313
1 0.455469 0.328906 0.048438 0.048438
1 0.525781 0.292187 0.060938 0.056250
1 0.596875 0.327344 0.056250 0.051563
1 0.617969 0.360156 0.051563 0.048438
1 0.661719 0.300000 0.054688 0.065625
1 0.700000 0.350000 0.059375 0.065625
1 0.753906 0.285938 0.070312 0.062500
1 0.828906 0.316406 0.060938 0.067187
1 0.916406 0.282813 0.060938 0.071875
0 0.118750 0.567969 0.165625 0.570312
0 0.210938 0.553125 0.125000 0.584375
0 0.303125 0.564063 0.128125 0.534375
0 0.363281 0.557813 0.082813 0.550000
0 0.414062 0.590625 0.100000 0.481250
0 0.460156 0.557813 0.070312 0.521875
0 0.521094 0.539062 0.092188 0.565625
0 0.610938 0.606250 0.093750 0.528125
0 0.702344 0.601562 0.101562 0.556250
0 0.661719 0.353125 0.064063 0.200000
0 0.762500 0.540625 0.087500 0.581250
0 0.819531 0.549219 0.098438 0.542188
0 0.904688 0.550000 0.115625 0.631250
