2 0.128906 0.637500 0.167188 0.334375
2 0.475781 0.535938 0.139063 0.250000
2 0.580469 0.606250 0.145313 0.315625
2 0.666406 0.495313 0.095313 0.181250
2 0.790625 0.481250 0.081250 0.184375
2 0.894531 0.556250 0.189063 0.359375
2 0.137500 0.934375 0.262500 0.115625
0 0.150781 0.675000 0.248438 0.609375
0 0.466406 0.631250 0.129688 0.615625
0 0.570312 0.659375 0.121875 0.659375
0 0.585938 0.396875 0.078125 0.128125
0 0.670313 0.571875 0.109375 0.471875
0 0.776563 0.575000 0.112500 0.515625
0 0.876563 0.620313 0.234375 0.731250
