1 0.316406 0.292969 0.054688 0.070312
1 0.467969 0.304688 0.045313 0.050000
1 0.400000 0.285938 0.050000 0.050000
1 0.835938 0.250000 0.075000 0.090625
1 0.538281 0.316406 0.042188 0.048438
1 0.589844 0.338281 0.039062 0.045313
1 0.653125 0.355469 0.037500 0.045313
0 0.298438 0.497656 0.103125 0.473438
0 0.391406 0.492188 0.092188 0.468750
0 0.462500 0.489063 0.071875 0.418750
0 0.528125 0.485156 0.065625 0.385938
0 0.583594 0.497656 0.057813 0.370313
0 0.643750 0.492969 0.075000 0.335938
0 0.820312 0.564063 0.153125 0.734375
