1 0.161719 0.386719 0.076563 0.067187
1 0.314063 0.453125 0.043750 0.046875
1 0.333594 0.437500 0.035938 0.037500
1 0.581250 0.431250 0.043750 0.034375
1 0.650000 0.450781 0.050000 0.048438
1 0.235938 0.441406 0.050000 0.048438
1 0.410156 0.453906 0.035938 0.039062
1 0.487500 0.435938 0.043750 0.037500
1 0.740625 0.436719 0.059375 0.048438
1 0.839063 0.441406 0.065625 0.042188
0 0.135156 0.646094 0.142187 0.607813
0 0.236719 0.635938 0.107813 0.431250
0 0.310156 0.623438 0.085938 0.393750
0 0.350000 0.593750 0.065625 0.371875
0 0.408594 0.597656 0.082813 0.335938
0 0.484375 0.588281 0.084375 0.364063
0 0.575000 0.593750 0.090625 0.371875
0 0.662500 0.606250 0.096875 0.390625
0 0.742188 0.622656 0.100000 0.454688
0 0.842188 0.653906 0.146875 0.485938
