1 0.295313 0.389844 0.128125 0.139063
1 0.525781 0.473438 0.060938 0.065625
1 0.872656 0.470313 0.057813 0.065625
1 0.403125 0.494531 0.031250 0.039062
1 0.457813 0.514844 0.028125 0.029688
1 0.778906 0.485156 0.039062 0.045313
1 0.591406 0.595313 0.045313 0.059375
1 0.045313 0.478125 0.046875 0.037500
1 0.366406 0.450781 0.042188 0.076563
0 0.051563 0.655469 0.078125 0.407813
0 0.141406 0.668750 0.110938 0.453125
0 0.300781 0.656250 0.279688 0.615625
0 0.518750 0.717969 0.118750 0.564063
0 0.383594 0.584375 0.098438 0.362500
0 0.467969 0.614844 0.073438 0.251563
0 0.699219 0.727344 0.173438 0.492188
0 0.791406 0.637500 0.095313 0.368750
0 0.864063 0.531250 0.112500 0.190625
0 0.913281 0.722656 0.167188 0.526563
