0 0.324219 0.737500 0.164062 0.496875
0 0.210156 0.741406 0.129688 0.501563
0 0.063281 0.653906 0.079688 0.207813
0 0.278906 0.596875 0.051563 0.115625
0 0.390625 0.748438 0.087500 0.465625
0 0.453125 0.753906 0.103125 0.457813
0 0.545312 0.758594 0.081250 0.454688
0 0.637500 0.744531 0.121875 0.485938
0 0.744531 0.750781 0.107813 0.470313
0 0.819531 0.769531 0.060938 0.439063
0 0.921875 0.762500 0.109375 0.468750
1 0.052344 0.580469 0.045313 0.064063
1 0.201563 0.537500 0.068750 0.078125
1 0.286719 0.564063 0.035938 0.056250
1 0.322656 0.536719 0.073438 0.098438
1 0.376563 0.549219 0.043750 0.067187
1 0.442969 0.553125 0.048438 0.046875
1 0.560156 0.563281 0.051563 0.045313
1 0.621875 0.546094 0.084375 0.092188
1 0.750781 0.542188 0.054688 0.053125
1 0.816406 0.581250 0.048438 0.053125
1 0.930469 0.562500 0.060938 0.059375
2 0.057031 0.675781 0.067187 0.139063
2 0.205469 0.750000 0.126562 0.265625
2 0.321094 0.780469 0.132812 0.279688
2 0.388281 0.703125 0.067187 0.187500
2 0.442969 0.692969 0.082813 0.179688
2 0.550781 0.706250 0.067187 0.168750
2 0.638281 0.764063 0.101562 0.265625
2 0.755469 0.696875 0.089063 0.218750
2 0.828125 0.732031 0.062500 0.198438
2 0.928906 0.714844 0.098438 0.182813
