1 0.327344 0.635156 0.089063 0.117188
1 0.427344 0.343750 0.064063 0.071875
1 0.532031 0.350000 0.064063 0.078125
1 0.603906 0.353125 0.076563 0.075000
1 0.792969 0.334375 0.107813 0.121875
2 0.541406 0.528125 0.110938 0.243750
2 0.635938 0.560156 0.103125 0.295313
2 0.837500 0.610938 0.125000 0.409375
2 0.446875 0.707813 0.215625 0.218750
0 0.422656 0.785156 0.282813 0.407813
0 0.435938 0.461719 0.128125 0.326563
0 0.537500 0.633594 0.103125 0.657813
0 0.630469 0.635156 0.120313 0.648438
0 0.826563 0.629688 0.190625 0.728125
