2 0.171875 0.448438 0.037500 0.046875
2 0.249219 0.646094 0.042188 0.039062
2 0.585156 0.582813 0.051563 0.081250
2 0.615625 0.685156 0.037500 0.067187
2 0.659375 0.722656 0.050000 0.076563
2 0.836719 0.698438 0.054688 0.087500
1 0.834375 0.633594 0.028125 0.039062
1 0.663281 0.664844 0.029688 0.032813
1 0.600781 0.529687 0.026563 0.034375
0 0.174219 0.466406 0.064063 0.167188
0 0.247656 0.667188 0.089063 0.181250
0 0.590625 0.604688 0.056250 0.196875
0 0.614844 0.712500 0.060938 0.200000
0 0.665625 0.738281 0.068750 0.179688
0 0.839844 0.715625 0.067187 0.200000
0 0.864844 0.563281 0.054688 0.176563
