1 0.520313 0.162500 0.037500 0.059375
1 0.328125 0.164062 0.056250 0.075000
1 0.557813 0.177344 0.040625 0.082813
1 0.472656 0.186719 0.048438 0.073438
1 0.124219 0.186719 0.057813 0.082813
1 0.625000 0.188281 0.059375 0.079688
0 0.514062 0.207031 0.050000 0.164062
1 0.678125 0.210938 0.050000 0.065625
2 0.201563 0.381250 0.106250 0.290625
2 0.389063 0.385156 0.087500 0.320312
2 0.557813 0.385156 0.115625 0.267188
2 0.260156 0.385938 0.070312 0.290625
2 0.323438 0.398438 0.115625 0.309375
2 0.120313 0.423438 0.125000 0.306250
2 0.682031 0.428125 0.117188 0.290625
2 0.471875 0.436719 0.118750 0.292187
0 0.428125 0.476562 0.053125 0.803125
0 0.260156 0.491406 0.060938 0.798438
0 0.617969 0.503125 0.073438 0.737500
0 0.550781 0.517188 0.104688 0.768750
0 0.214063 0.526563 0.112500 0.828125
0 0.400000 0.533594 0.096875 0.832813
0 0.675000 0.542969 0.137500 0.735938
0 0.478125 0.543750 0.118750 0.790625
0 0.323438 0.548438 0.115625 0.828125
0 0.111719 0.564063 0.142187 0.850000
1 0.203906 0.150781 0.054688 0.082813
1 0.258594 0.150781 0.048438 0.070312
1 0.383594 0.155469 0.048438 0.082813
