1 0.527344 0.225000 0.054688 0.062500
1 0.567188 0.226562 0.043750 0.056250
1 0.792969 0.245313 0.057813 0.056250
1 0.609375 0.273438 0.056250 0.050000
1 0.617969 0.247656 0.051563 0.048438
1 0.666406 0.248438 0.057813 0.062500
1 0.755469 0.233594 0.035938 0.051563
1 0.833594 0.225000 0.054688 0.059375
1 0.899219 0.229688 0.067187 0.062500
1 0.715625 0.210938 0.059375 0.059375
2 0.541406 0.410938 0.114063 0.237500
2 0.454688 0.381250 0.050000 0.215625
2 0.488281 0.314063 0.048438 0.100000
2 0.628125 0.455469 0.068750 0.210938
2 0.725781 0.399219 0.117188 0.226562
2 0.821094 0.398438 0.054688 0.184375
2 0.909375 0.428906 0.128125 0.245313
0 0.443750 0.339063 0.100000 0.315625
0 0.487500 0.303125 0.096875 0.265625
0 0.532813 0.425000 0.143750 0.471875
0 0.567188 0.247656 0.050000 0.104688
0 0.639063 0.493750 0.109375 0.471875
0 0.671875 0.467188 0.059375 0.481250
0 0.714844 0.448438 0.151563 0.534375
0 0.751563 0.251563 0.037500 0.084375
0 0.810938 0.466406 0.109375 0.498438
0 0.833594 0.258594 0.057813 0.132812
0 0.907813 0.454688 0.156250 0.512500
