1 0.121094 0.175781 0.195312 0.210938
1 0.871875 0.260156 0.225000 0.220313
3 0.157813 0.267969 0.078125 0.051563
1 0.607813 0.296094 0.065625 0.089063
1 0.292187 0.305469 0.093750 0.089063
1 0.711719 0.317188 0.085938 0.106250
1 0.473438 0.327344 0.068750 0.110938
3 0.294531 0.344531 0.051563 0.026563
1 0.796094 0.428906 0.054688 0.098438
0 0.803125 0.460938 0.071875 0.187500
0 0.292969 0.506250 0.151563 0.503125
1 0.189844 0.515625 0.079688 0.125000
0 0.133594 0.532031 0.226562 0.917188
2 0.457031 0.544531 0.139063 0.295313
2 0.705469 0.555469 0.145313 0.298438
0 0.702344 0.557813 0.160938 0.578125
0 0.842969 0.572656 0.304688 0.851562
2 0.295313 0.574219 0.140625 0.342188
0 0.184375 0.582031 0.090625 0.279688
0 0.600000 0.617969 0.125000 0.760938
0 0.465625 0.641406 0.153125 0.714063
2 0.122656 0.696875 0.210938 0.562500
2 0.860156 0.733594 0.279688 0.470313
