2 0.399219 0.371094 0.070312 0.123438
2 0.273438 0.390625 0.053125 0.090625
2 0.207031 0.408594 0.048438 0.067187
2 0.878906 0.372656 0.082813 0.167188
1 0.417188 0.286719 0.034375 0.045313
1 0.274219 0.321094 0.029688 0.032813
1 0.217969 0.356250 0.029688 0.031250
1 0.190625 0.234375 0.018750 0.018750
2 0.192188 0.269531 0.028125 0.051563
0 0.192188 0.267969 0.034375 0.098438
0 0.216406 0.416406 0.060938 0.170313
0 0.280469 0.409375 0.085938 0.221875
0 0.421094 0.407031 0.107813 0.289062
0 0.869531 0.428125 0.151563 0.393750
