1 0.229688 0.297656 0.103125 0.135938
1 0.353125 0.216406 0.084375 0.110938
1 0.417969 0.257812 0.064063 0.084375
1 0.514844 0.318750 0.095313 0.084375
1 0.628906 0.197656 0.082813 0.095313
1 0.729688 0.215625 0.115625 0.121875
2 0.196094 0.567188 0.157813 0.378125
2 0.316406 0.432813 0.135938 0.321875
2 0.425000 0.473438 0.121875 0.287500
2 0.528125 0.548438 0.159375 0.309375
2 0.636719 0.435938 0.160938 0.306250
2 0.767188 0.482031 0.171875 0.345313
0 0.189063 0.608594 0.181250 0.767188
0 0.333594 0.573438 0.148438 0.828125
0 0.437500 0.594531 0.143750 0.767188
0 0.528906 0.631250 0.195312 0.709375
0 0.636719 0.561719 0.176563 0.820312
0 0.758594 0.570312 0.192188 0.825000
