0 0.172656 0.535938 0.189063 0.721875
0 0.301563 0.516406 0.143750 0.807813
0 0.400781 0.485156 0.132812 0.873438
0 0.653125 0.546094 0.134375 0.554688
0 0.782031 0.564063 0.123438 0.625000
0 0.900781 0.594531 0.076563 0.320312
0 0.966406 0.571094 0.067187 0.289062
0 0.706250 0.585938 0.046875 0.343750
2 0.210938 0.446875 0.087500 0.240625
2 0.307031 0.410938 0.139063 0.262500
2 0.409375 0.380469 0.109375 0.360938
2 0.504688 0.342969 0.140625 0.360938
2 0.643750 0.476562 0.090625 0.187500
2 0.705469 0.529687 0.051563 0.128125
2 0.781250 0.453125 0.103125 0.209375
2 0.900000 0.535156 0.050000 0.095313
2 0.967969 0.530469 0.045313 0.092188
1 0.207031 0.238281 0.070312 0.079688
1 0.289062 0.165625 0.081250 0.084375
1 0.424219 0.085938 0.085938 0.115625
1 0.648438 0.331250 0.053125 0.059375
1 0.775000 0.305469 0.053125 0.073438
1 0.894531 0.469531 0.029688 0.039062
