1 0.219531 0.554688 0.070312 0.059375
1 0.328906 0.588281 0.051563 0.064063
1 0.424219 0.613281 0.060938 0.073438
1 0.514844 0.572656 0.051563 0.067187
1 0.458594 0.610156 0.035938 0.064063
1 0.679688 0.603906 0.050000 0.079688
2 0.206250 0.686719 0.109375 0.176563
2 0.321875 0.684375 0.084375 0.146875
2 0.396875 0.730469 0.087500 0.176563
2 0.459375 0.726562 0.059375 0.156250
2 0.505469 0.660938 0.067187 0.146875
2 0.653906 0.689844 0.104688 0.167188
1 0.424219 0.226562 0.020313 0.021875
1 0.478906 0.228125 0.023438 0.018750
2 0.415625 0.267969 0.031250 0.051563
2 0.438281 0.268750 0.026563 0.053125
2 0.480469 0.271094 0.035938 0.057813
0 0.414062 0.296875 0.031250 0.165625
0 0.439844 0.295313 0.032813 0.153125
0 0.482031 0.295313 0.048438 0.156250
0 0.208594 0.747656 0.135938 0.470313
0 0.315625 0.752344 0.121875 0.407813
0 0.397656 0.761719 0.107813 0.404688
0 0.464063 0.777344 0.087500 0.404688
0 0.511719 0.719531 0.098438 0.376563
0 0.646875 0.689844 0.171875 0.292187
0 0.925781 0.317188 0.032813 0.087500
