1 0.230469 0.621875 0.023438 0.037500
1 0.326563 0.484375 0.025000 0.025000
1 0.370313 0.510156 0.021875 0.029688
1 0.460156 0.539062 0.023438 0.037500
1 0.472656 0.674219 0.032813 0.035938
1 0.746094 0.378906 0.020313 0.029688
1 0.777344 0.561719 0.023438 0.029688
1 0.802344 0.272656 0.023438 0.023438
1 0.847656 0.331250 0.020313 0.025000
1 0.678125 0.199219 0.018750 0.023438
1 0.678125 0.141406 0.021875 0.020313
1 0.492969 0.098438 0.017188 0.021875
1 0.605469 0.093750 0.017188 0.025000
1 0.625000 0.350781 0.031250 0.035938
0 0.254688 0.642188 0.090625 0.090625
0 0.353906 0.555469 0.064063 0.126562
0 0.314063 0.526563 0.059375 0.140625
0 0.449219 0.579688 0.079688 0.146875
0 0.471094 0.760156 0.070312 0.207813
0 0.369531 0.763281 0.073438 0.132812
0 0.767188 0.643750 0.065625 0.203125
0 0.810156 0.527344 0.054688 0.167188
0 0.747656 0.445312 0.051563 0.187500
0 0.627344 0.429688 0.048438 0.187500
0 0.559375 0.424219 0.056250 0.195312
0 0.882812 0.440625 0.046875 0.187500
0 0.978906 0.469531 0.042188 0.173438
0 0.805469 0.344531 0.051563 0.179688
0 0.867969 0.307813 0.042188 0.096875
0 0.741406 0.283594 0.048438 0.126562
0 0.686719 0.260156 0.048438 0.139063
0 0.673438 0.194531 0.046875 0.135938
0 0.610938 0.123438 0.046875 0.109375
0 0.492969 0.113281 0.051563 0.076563
