1 0.342188 0.321094 0.053125 0.120313
1 0.445312 0.146094 0.050000 0.070312
1 0.292969 0.122656 0.064063 0.079688
1 0.657813 0.253125 0.096875 0.103125
1 0.569531 0.151563 0.042188 0.050000
1 0.109375 0.233594 0.028125 0.045313
1 0.180469 0.145313 0.020313 0.031250
1 0.147656 0.143750 0.017188 0.021875
2 0.222656 0.367969 0.170313 0.220313
2 0.270313 0.214844 0.087500 0.120313
2 0.046875 0.197656 0.071875 0.070312
2 0.141406 0.278125 0.054688 0.081250
2 0.410938 0.227344 0.078125 0.145313
2 0.778906 0.352344 0.167188 0.239063
2 0.848438 0.253906 0.078125 0.076563
2 0.567188 0.226562 0.078125 0.106250
2 0.489844 0.194531 0.039062 0.048438
0 0.250781 0.510156 0.245313 0.514062
0 0.417969 0.303125 0.107813 0.403125
0 0.493750 0.203906 0.046875 0.139063
0 0.567969 0.277344 0.101562 0.304688
0 0.746875 0.532031 0.300000 0.679688
0 0.055469 0.255469 0.089063 0.232813
0 0.132812 0.275781 0.078125 0.145313
0 0.189063 0.204688 0.059375 0.146875
0 0.142187 0.180469 0.040625 0.110938
0 0.210938 0.161719 0.028125 0.060938
