2 0.235938 0.699219 0.134375 0.282813
2 0.362500 0.703906 0.115625 0.260937
2 0.446094 0.621875 0.095313 0.206250
2 0.584375 0.693750 0.096875 0.243750
2 0.540625 0.660938 0.078125 0.206250
2 0.655469 0.614063 0.070312 0.156250
2 0.315625 0.571094 0.040625 0.045313
1 0.250781 0.475000 0.101562 0.087500
1 0.358594 0.511719 0.060938 0.079688
1 0.325000 0.492969 0.046875 0.067187
1 0.452344 0.456250 0.060938 0.065625
1 0.541406 0.507031 0.054688 0.054688
1 0.596875 0.521875 0.075000 0.084375
1 0.653906 0.493750 0.039062 0.043750
0 0.244531 0.710938 0.142187 0.578125
0 0.367188 0.734375 0.134375 0.518750
0 0.317188 0.569531 0.068750 0.239063
0 0.448438 0.714063 0.100000 0.571875
0 0.528125 0.698438 0.084375 0.456250
0 0.581250 0.737500 0.118750 0.525000
0 0.657813 0.675781 0.081250 0.417188
