0 0.153125 0.582813 0.212500 0.815625
0 0.321875 0.556250 0.156250 0.846875
0 0.471094 0.549219 0.192188 0.867188
0 0.619531 0.552344 0.170313 0.882812
0 0.782813 0.538281 0.203125 0.910938
0 0.901563 0.394531 0.096875 0.348438
0 0.066406 0.394531 0.051563 0.095313
0 0.113281 0.378906 0.029688 0.067187
0 0.078125 0.382812 0.028125 0.090625
1 0.172656 0.236719 0.123438 0.132812
1 0.333594 0.198438 0.101562 0.134375
1 0.493750 0.180469 0.103125 0.139063
1 0.611719 0.206250 0.098438 0.131250
1 0.779688 0.151563 0.115625 0.137500
1 0.898438 0.273438 0.078125 0.121875
1 0.059375 0.352344 0.018750 0.039062
1 0.113281 0.360156 0.020313 0.029688
1 0.076563 0.357813 0.012500 0.025000
