1 0.272656 0.545312 0.039062 0.037500
1 0.332031 0.542969 0.042188 0.035938
1 0.411719 0.548438 0.039062 0.037500
1 0.456250 0.571094 0.031250 0.026563
1 0.489063 0.570312 0.040625 0.037500
1 0.496094 0.550000 0.029688 0.034375
1 0.572656 0.546094 0.032813 0.039062
1 0.650000 0.546094 0.037500 0.035938
2 0.268750 0.629688 0.053125 0.112500
2 0.324219 0.634375 0.060938 0.118750
2 0.399219 0.642188 0.067187 0.125000
2 0.443750 0.653125 0.028125 0.118750
2 0.478906 0.675781 0.073438 0.142187
2 0.564063 0.617969 0.059375 0.114063
2 0.662500 0.632812 0.084375 0.128125
0 0.262500 0.671094 0.059375 0.304688
0 0.326563 0.675781 0.068750 0.310938
0 0.400781 0.696094 0.076563 0.332813
0 0.454688 0.682031 0.053125 0.267188
0 0.496094 0.723438 0.082813 0.325000
0 0.503125 0.652344 0.053125 0.245313
0 0.569531 0.676563 0.073438 0.303125
0 0.681250 0.681250 0.121875 0.309375
