2 0.218750 0.489063 0.196875 0.406250
2 0.370313 0.514062 0.146875 0.325000
2 0.492969 0.496875 0.142187 0.300000
2 0.623438 0.472656 0.150000 0.260937
2 0.745313 0.492969 0.146875 0.270313
0 0.216406 0.572656 0.201563 0.854688
0 0.365625 0.598438 0.150000 0.784375
0 0.498438 0.592187 0.153125 0.796875
0 0.628125 0.594531 0.171875 0.779688
0 0.754688 0.603906 0.178125 0.754688
1 0.221094 0.186719 0.095313 0.079688
1 0.739844 0.270313 0.073438 0.078125
1 0.378906 0.251563 0.092188 0.084375
1 0.495313 0.246875 0.090625 0.071875
1 0.606250 0.246094 0.087500 0.079688
