1 0.335938 0.160156 0.043750 0.048438
1 0.432813 0.161719 0.037500 0.039062
1 0.658594 0.166406 0.045313 0.042188
1 0.088281 0.167969 0.026563 0.039062
1 0.221875 0.169531 0.028125 0.029688
1 0.279688 0.169531 0.028125 0.029688
2 0.188281 0.212500 0.029688 0.075000
0 0.372656 0.225781 0.045313 0.198438
2 0.223438 0.227344 0.053125 0.085938
2 0.286719 0.227344 0.054688 0.092188
0 0.188281 0.233594 0.029688 0.157813
0 0.223438 0.250000 0.053125 0.221875
2 0.904688 0.251563 0.100000 0.193750
2 0.347656 0.253125 0.070312 0.131250
0 0.284375 0.256250 0.053125 0.203125
0 0.078906 0.266406 0.054688 0.242188
2 0.662500 0.278125 0.071875 0.165625
0 0.123438 0.297656 0.103125 0.395313
0 0.344531 0.299219 0.060938 0.301563
2 0.812500 0.312500 0.100000 0.218750
0 0.906250 0.321875 0.118750 0.556250
0 0.658594 0.327344 0.114063 0.398438
2 0.464844 0.346875 0.157813 0.353125
0 0.800000 0.366406 0.128125 0.529687
0 0.457813 0.493750 0.231250 0.937500
1 0.477344 0.071094 0.085938 0.101562
1 0.897656 0.109375 0.051563 0.071875
1 0.127344 0.135938 0.048438 0.046875
1 0.369531 0.152344 0.032813 0.042188
1 0.799219 0.154688 0.057813 0.065625
1 0.065625 0.157031 0.031250 0.035938
