1 0.479688 0.368750 0.040625 0.053125
1 0.551563 0.407031 0.034375 0.070312
1 0.600781 0.417188 0.032813 0.053125
1 0.667969 0.365625 0.026563 0.053125
1 0.365625 0.391406 0.034375 0.060938
1 0.843750 0.349219 0.040625 0.060938
1 0.418750 0.374219 0.034375 0.042188
1 0.717969 0.331250 0.051563 0.065625
2 0.366406 0.543750 0.054688 0.200000
2 0.418750 0.503906 0.062500 0.167188
2 0.482031 0.512500 0.057813 0.200000
2 0.547656 0.552344 0.057813 0.229688
2 0.608594 0.554688 0.054688 0.203125
2 0.671094 0.514062 0.051563 0.184375
2 0.727344 0.544531 0.092188 0.285938
2 0.853906 0.514062 0.079688 0.228125
0 0.374219 0.591406 0.085938 0.470313
0 0.420313 0.565625 0.065625 0.415625
0 0.487500 0.529687 0.068750 0.387500
0 0.549219 0.601562 0.064063 0.450000
0 0.607813 0.605469 0.056250 0.414062
0 0.673438 0.580469 0.053125 0.470313
0 0.719531 0.653125 0.098438 0.693750
0 0.850781 0.618750 0.089063 0.609375
