1 0.348438 0.277344 0.075000 0.101562
1 0.440625 0.212500 0.071875 0.090625
1 0.503125 0.288281 0.068750 0.089063
1 0.597656 0.282813 0.082813 0.103125
1 0.677344 0.248438 0.067187 0.109375
1 0.872656 0.278125 0.067187 0.093750
2 0.335156 0.460938 0.148438 0.231250
2 0.491406 0.502344 0.167188 0.279688
2 0.628125 0.482031 0.140625 0.257812
0 0.330469 0.600781 0.164062 0.754688
0 0.431250 0.302344 0.096875 0.279688
0 0.473438 0.619531 0.137500 0.739063
0 0.618750 0.610938 0.150000 0.762500
0 0.693750 0.587500 0.131250 0.778125
0 0.868750 0.606250 0.156250 0.768750
0 0.100000 0.700781 0.193750 0.564063
0 0.967188 0.605469 0.065625 0.645313
0 0.250781 0.417188 0.054688 0.325000
