2 0.357031 0.712500 0.089063 0.150000
2 0.510156 0.707813 0.098438 0.134375
2 0.262500 0.264063 0.059375 0.090625
2 0.460156 0.220313 0.054688 0.103125
2 0.748438 0.411719 0.075000 0.110938
1 0.282813 0.217188 0.050000 0.065625
1 0.456250 0.164844 0.050000 0.070312
1 0.738281 0.388281 0.060938 0.076563
1 0.340625 0.606250 0.046875 0.050000
1 0.564063 0.634375 0.040625 0.043750
0 0.353906 0.725781 0.139063 0.295313
0 0.531250 0.735156 0.150000 0.282813
0 0.744531 0.469531 0.107813 0.254688
0 0.457031 0.267969 0.110938 0.254688
0 0.269531 0.314844 0.117188 0.273438
