1 0.292187 0.160156 0.043750 0.042188
1 0.325781 0.467969 0.048438 0.045313
1 0.382031 0.455469 0.048438 0.042188
1 0.664844 0.382031 0.032813 0.039062
1 0.752344 0.389063 0.039062 0.031250
1 0.375000 0.684375 0.046875 0.075000
2 0.295313 0.246875 0.062500 0.109375
2 0.339844 0.758594 0.092188 0.135938
2 0.332813 0.551563 0.081250 0.128125
2 0.386719 0.547656 0.060938 0.126562
0 0.346875 0.759375 0.131250 0.218750
0 0.329688 0.528906 0.096875 0.195312
0 0.383594 0.515625 0.073438 0.187500
0 0.291406 0.281250 0.114063 0.300000
0 0.651563 0.451563 0.090625 0.187500
0 0.739063 0.440625 0.093750 0.156250
