1 0.394531 0.225781 0.073438 0.082813
1 0.448438 0.228125 0.053125 0.071875
1 0.550781 0.307031 0.060938 0.064063
1 0.539844 0.247656 0.048438 0.048438
1 0.657813 0.291406 0.046875 0.048438
1 0.679688 0.272656 0.034375 0.064063
1 0.560937 0.541406 0.056250 0.079688
1 0.649219 0.520313 0.064063 0.065625
1 0.765625 0.521094 0.065625 0.064063
1 0.810938 0.278906 0.065625 0.051563
1 0.899219 0.318750 0.064063 0.071875
1 0.746875 0.276562 0.050000 0.062500
1 0.743750 0.277344 0.046875 0.064063
1 0.505469 0.250000 0.029688 0.056250
1 0.482031 0.207813 0.035938 0.043750
2 0.382812 0.446094 0.146875 0.273438
2 0.475000 0.462500 0.040625 0.196875
2 0.547656 0.452344 0.092188 0.170313
2 0.654688 0.451563 0.096875 0.196875
2 0.800000 0.461719 0.115625 0.214063
2 0.900781 0.511719 0.126562 0.239063
2 0.467969 0.797656 0.170313 0.307813
2 0.785938 0.699219 0.140625 0.260937
2 0.656250 0.698438 0.109375 0.212500
0 0.377344 0.578906 0.167188 0.789062
0 0.447656 0.394531 0.067187 0.417188
0 0.478125 0.266406 0.031250 0.154688
0 0.509375 0.278906 0.040625 0.114063
0 0.542969 0.257031 0.051563 0.076563
0 0.544531 0.408594 0.098438 0.254688
0 0.661719 0.405469 0.110938 0.279688
0 0.734375 0.383594 0.090625 0.279688
0 0.798438 0.419531 0.121875 0.339063
0 0.891406 0.616406 0.110938 0.654688
0 0.660156 0.708594 0.104688 0.445312
0 0.566406 0.664844 0.101562 0.382812
0 0.775781 0.714844 0.157813 0.467188
0 0.494531 0.754688 0.217188 0.481250
