2 0.278125 0.647656 0.103125 0.173438
2 0.378125 0.600000 0.109375 0.162500
2 0.462500 0.662500 0.087500 0.162500
2 0.550000 0.600000 0.078125 0.100000
2 0.646875 0.612500 0.100000 0.131250
0 0.275000 0.730469 0.128125 0.498438
0 0.373438 0.700781 0.109375 0.473438
0 0.464844 0.731250 0.095313 0.440625
0 0.560156 0.698438 0.129688 0.431250
0 0.657813 0.696875 0.131250 0.440625
1 0.290625 0.505469 0.062500 0.057813
1 0.383594 0.478125 0.051563 0.050000
1 0.469531 0.534375 0.057813 0.053125
1 0.548438 0.501563 0.046875 0.040625
1 0.649219 0.503906 0.045313 0.039062
