1 0.237500 0.392969 0.084375 0.126562
1 0.175781 0.332813 0.067187 0.093750
1 0.353906 0.289844 0.060938 0.095313
1 0.410938 0.317188 0.062500 0.109375
1 0.558594 0.322656 0.064063 0.073438
1 0.762500 0.322656 0.081250 0.095313
1 0.042969 0.319531 0.082813 0.123438
1 0.432813 0.279688 0.025000 0.037500
0 0.059375 0.617969 0.115625 0.729688
0 0.234375 0.665625 0.134375 0.668750
0 0.159375 0.604688 0.112500 0.659375
0 0.330469 0.505469 0.101562 0.485938
0 0.400781 0.614844 0.151563 0.701563
0 0.555469 0.625781 0.167188 0.723438
0 0.748438 0.617969 0.187500 0.764063
