1 0.400781 0.429688 0.054688 0.062500
1 0.244531 0.437500 0.073438 0.075000
1 0.207031 0.414062 0.051563 0.050000
1 0.331250 0.436719 0.034375 0.035938
1 0.448438 0.450781 0.040625 0.039062
1 0.565625 0.467188 0.046875 0.043750
1 0.666406 0.454688 0.035938 0.037500
1 0.716406 0.485156 0.048438 0.054688
2 0.233594 0.624219 0.132812 0.270313
2 0.406250 0.606250 0.118750 0.231250
2 0.572656 0.571094 0.079688 0.142187
2 0.715625 0.596094 0.096875 0.164062
2 0.664844 0.507812 0.039062 0.084375
2 0.457813 0.552344 0.065625 0.142187
2 0.190625 0.497656 0.037500 0.073438
2 0.328906 0.539844 0.070312 0.120313
0 0.242969 0.696094 0.154688 0.585938
0 0.185938 0.514062 0.081250 0.256250
0 0.330469 0.592187 0.089063 0.356250
0 0.410156 0.697656 0.160938 0.589063
0 0.464063 0.533594 0.084375 0.217188
0 0.575000 0.625000 0.078125 0.365625
0 0.722656 0.653906 0.110938 0.395313
0 0.670313 0.544531 0.046875 0.207813
