1 0.168750 0.567969 0.071875 0.095313
1 0.336719 0.526563 0.076563 0.062500
1 0.329688 0.460156 0.068750 0.076563
1 0.692969 0.151563 0.054688 0.053125
1 0.876563 0.260156 0.050000 0.067187
1 0.978906 0.169531 0.042188 0.057813
0 0.116406 0.675000 0.207813 0.406250
0 0.382812 0.739844 0.228125 0.495313
0 0.320312 0.519531 0.096875 0.198438
0 0.691406 0.288281 0.107813 0.332813
0 0.735938 0.647656 0.134375 0.607813
0 0.846094 0.388281 0.120313 0.339063
0 0.944531 0.346875 0.110938 0.425000
1 0.688281 0.542188 0.064063 0.068750
0 0.671875 0.642188 0.106250 0.275000
2 0.853125 0.349219 0.096875 0.173438
