2 0.153125 0.518750 0.140625 0.237500
2 0.160938 0.219531 0.056250 0.098438
2 0.428906 0.223438 0.045313 0.081250
2 0.407813 0.150781 0.053125 0.104688
2 0.659375 0.247656 0.059375 0.104688
2 0.867188 0.272656 0.056250 0.126562
2 0.810938 0.200000 0.043750 0.084375
1 0.167969 0.332813 0.076563 0.065625
1 0.160938 0.151563 0.028125 0.028125
1 0.652344 0.170313 0.035938 0.034375
1 0.884375 0.185938 0.043750 0.037500
1 0.807813 0.139844 0.031250 0.032813
0 0.173438 0.596875 0.196875 0.609375
0 0.163281 0.213281 0.076563 0.164062
0 0.246875 0.205469 0.034375 0.064063
0 0.661719 0.230469 0.098438 0.185938
0 0.425000 0.130469 0.053125 0.154688
0 0.427344 0.279688 0.067187 0.228125
0 0.807813 0.224219 0.056250 0.220313
0 0.874219 0.323438 0.092188 0.331250
2 0.246875 0.213281 0.021875 0.020313
2 0.518750 0.252344 0.031250 0.067187
0 0.507031 0.277344 0.098438 0.217188
