2 0.141406 0.520313 0.120313 0.315625
2 0.235938 0.548438 0.081250 0.146875
2 0.316406 0.540625 0.104688 0.200000
2 0.387500 0.512500 0.075000 0.168750
2 0.439844 0.492969 0.048438 0.145313
2 0.481250 0.474219 0.050000 0.132812
2 0.526563 0.482813 0.056250 0.146875
2 0.565625 0.437500 0.037500 0.112500
2 0.599219 0.424219 0.039062 0.101562
2 0.642188 0.427344 0.056250 0.085938
2 0.812500 0.374219 0.084375 0.160938
1 0.132031 0.264844 0.098438 0.095313
1 0.385156 0.375000 0.060938 0.068750
1 0.480469 0.366406 0.039062 0.057813
1 0.528125 0.365625 0.043750 0.056250
1 0.569531 0.353125 0.035938 0.043750
1 0.301563 0.403906 0.056250 0.048438
1 0.439063 0.366406 0.043750 0.057813
1 0.598438 0.343750 0.028125 0.046875
1 0.649219 0.359375 0.032813 0.034375
0 0.146875 0.592969 0.137500 0.754688
0 0.245313 0.547656 0.115625 0.370313
0 0.335156 0.603906 0.160938 0.482813
0 0.398438 0.557813 0.118750 0.431250
0 0.457031 0.518750 0.095313 0.387500
0 0.495313 0.512500 0.084375 0.356250
0 0.537500 0.481250 0.071875 0.296875
0 0.582031 0.475000 0.073438 0.293750
0 0.607813 0.463281 0.062500 0.292187
0 0.653906 0.463281 0.070312 0.245313
0 0.813281 0.445312 0.104688 0.446875
