0 0.106250 0.632031 0.206250 0.720313
0 0.274219 0.626563 0.132812 0.565625
0 0.335938 0.592969 0.184375 0.654688
0 0.482031 0.603125 0.282813 0.718750
0 0.707813 0.574219 0.271875 0.832813
0 0.881250 0.573438 0.237500 0.840625
1 0.143750 0.346875 0.146875 0.137500
1 0.523438 0.323438 0.146875 0.178125
1 0.290625 0.392969 0.100000 0.114063
1 0.384375 0.337500 0.109375 0.128125
1 0.667969 0.240625 0.139063 0.143750
1 0.889844 0.247656 0.217188 0.189063
2 0.720313 0.587500 0.203125 0.431250
2 0.904688 0.691406 0.193750 0.598438
