1 0.126562 0.881250 0.106250 0.115625
1 0.239844 0.627344 0.079688 0.107813
1 0.359375 0.939844 0.093750 0.120313
1 0.738281 0.384375 0.067187 0.084375
1 0.803906 0.401563 0.054688 0.071875
1 0.654688 0.628906 0.068750 0.101562
1 0.419531 0.553125 0.079688 0.090625
1 0.496875 0.632031 0.081250 0.095313
1 0.817188 0.762500 0.084375 0.121875
1 0.839844 0.657031 0.079688 0.095313
1 0.594531 0.226562 0.048438 0.065625
0 0.121875 0.907031 0.140625 0.182813
0 0.228125 0.784375 0.153125 0.431250
0 0.410938 0.742969 0.096875 0.498438
0 0.486719 0.783594 0.154688 0.429688
0 0.638281 0.758594 0.142187 0.445312
0 0.717969 0.576562 0.095313 0.493750
0 0.802344 0.551563 0.082813 0.378125
0 0.806250 0.842969 0.171875 0.279688
0 0.850781 0.717969 0.110938 0.223438
0 0.594531 0.392969 0.101562 0.420313
