1 0.216406 0.278125 0.035938 0.053125
1 0.261719 0.304688 0.032813 0.056250
1 0.282813 0.327344 0.028125 0.048438
1 0.181250 0.285938 0.025000 0.037500
1 0.458594 0.600781 0.042188 0.054688
1 0.405469 0.483594 0.039062 0.057813
1 0.424219 0.416406 0.039062 0.054688
1 0.604688 0.650781 0.065625 0.054688
1 0.786719 0.715625 0.060938 0.065625
2 0.603125 0.782813 0.106250 0.181250
2 0.447656 0.743750 0.095313 0.193750
2 0.392969 0.594531 0.076563 0.145313
2 0.272656 0.417969 0.079688 0.135938
2 0.331250 0.394531 0.046875 0.107813
2 0.374219 0.381250 0.060938 0.100000
2 0.451563 0.385938 0.059375 0.109375
2 0.592187 0.407031 0.043750 0.085938
2 0.802344 0.848438 0.107813 0.140625
0 0.809375 0.803906 0.125000 0.242188
0 0.597656 0.754688 0.117188 0.278125
0 0.451563 0.744531 0.131250 0.335938
0 0.390625 0.575000 0.090625 0.256250
0 0.410938 0.484375 0.112500 0.190625
0 0.280469 0.467188 0.092188 0.325000
0 0.209375 0.407031 0.084375 0.320312
0 0.335156 0.436719 0.048438 0.267188
0 0.457813 0.432813 0.062500 0.293750
0 0.589063 0.439844 0.050000 0.217188
