1 0.165625 0.238281 0.068750 0.082813
1 0.249219 0.253906 0.076563 0.085938
1 0.356250 0.251563 0.081250 0.084375
1 0.439844 0.254688 0.070312 0.087500
1 0.569531 0.191406 0.089063 0.098438
1 0.528906 0.250000 0.035938 0.043750
1 0.664062 0.143750 0.093750 0.115625
1 0.715625 0.233594 0.053125 0.085938
1 0.782813 0.230469 0.053125 0.060938
1 0.835938 0.280469 0.068750 0.085938
2 0.164062 0.401563 0.103125 0.209375
2 0.264063 0.415625 0.100000 0.225000
2 0.360156 0.432031 0.092188 0.204688
2 0.445312 0.430469 0.109375 0.235938
2 0.524219 0.422656 0.073438 0.204688
2 0.576562 0.425000 0.093750 0.268750
2 0.675781 0.425000 0.160938 0.306250
2 0.780469 0.369531 0.067187 0.145313
2 0.850000 0.467188 0.125000 0.221875
0 0.164062 0.524219 0.121875 0.689063
0 0.267188 0.533594 0.131250 0.651563
0 0.360938 0.544531 0.112500 0.667188
0 0.447656 0.531250 0.120313 0.646875
0 0.526563 0.522656 0.071875 0.579688
0 0.582813 0.560156 0.128125 0.867188
0 0.663281 0.547656 0.164062 0.904688
0 0.779688 0.480469 0.093750 0.589063
0 0.843750 0.596875 0.150000 0.740625
