1 0.276562 0.225000 0.078125 0.121875
1 0.447656 0.222656 0.073438 0.092188
1 0.344531 0.229688 0.042188 0.087500
1 0.521875 0.174219 0.062500 0.076563
1 0.589844 0.221875 0.051563 0.084375
1 0.227344 0.242969 0.023438 0.042188
1 0.147656 0.225000 0.017188 0.025000
1 0.121094 0.234375 0.023438 0.031250
1 0.016406 0.249219 0.020313 0.026563
1 0.078125 0.243750 0.025000 0.034375
1 0.185156 0.230469 0.067187 0.076563
1 0.643750 0.192188 0.068750 0.103125
1 0.721094 0.233594 0.092188 0.114063
0 0.265625 0.561719 0.131250 0.801563
0 0.453125 0.557813 0.150000 0.768750
0 0.541406 0.507031 0.132812 0.742188
0 0.640625 0.531250 0.106250 0.771875
0 0.745313 0.583594 0.187500 0.804688
0 0.175000 0.519531 0.093750 0.657813
0 0.085938 0.328906 0.050000 0.229688
0 0.339063 0.267188 0.050000 0.140625
0 0.025000 0.336719 0.040625 0.223438
0 0.056250 0.328125 0.037500 0.206250
