1 0.259375 0.323438 0.093750 0.112500
1 0.367188 0.915625 0.150000 0.171875
1 0.514062 0.324219 0.109375 0.154688
1 0.094531 0.689844 0.098438 0.117188
1 0.017969 0.418750 0.032813 0.056250
1 0.166406 0.721875 0.110938 0.121875
1 0.381250 0.341406 0.106250 0.101562
0 0.245313 0.576562 0.137500 0.606250
0 0.021875 0.700781 0.040625 0.560937
0 0.362500 0.536719 0.118750 0.489063
0 0.476562 0.594531 0.193750 0.679688
0 0.595313 0.482813 0.128125 0.365625
0 0.678125 0.493750 0.093750 0.421875
0 0.783594 0.520313 0.198438 0.509375
0 0.932031 0.673438 0.139063 0.440625
0 0.174219 0.833594 0.217188 0.335938
0 0.447656 0.352344 0.057813 0.142187
