0 0.267969 0.420313 0.170313 0.584375
0 0.467188 0.756250 0.140625 0.343750
0 0.594531 0.674219 0.176563 0.095313
0 0.771094 0.360938 0.107813 0.471875
0 0.942188 0.292187 0.096875 0.325000
2 0.249219 0.338281 0.117188 0.248438
2 0.484375 0.728125 0.100000 0.187500
2 0.595313 0.677344 0.131250 0.079688
2 0.779688 0.307031 0.103125 0.185938
2 0.945312 0.269531 0.071875 0.151563
2 0.396094 0.225000 0.020313 0.056250
0 0.392188 0.236719 0.046875 0.135938
1 0.283594 0.178125 0.076563 0.081250
1 0.394531 0.185938 0.020313 0.025000
1 0.428125 0.622656 0.059375 0.076563
1 0.768750 0.176563 0.081250 0.071875
1 0.940625 0.166406 0.056250 0.057813
